-0.782227 -0.916260 -4.000000 -0.173021 -1.467238 -5.810565
-0.791260 -0.910156 -4.000000 -0.207910 -1.484563 -5.804157
-0.785034 -0.916992 -4.000000 -0.217878 -1.472459 -5.834774
-0.780884 -0.918091 -4.000000 -0.211708 -1.430925 -5.857796
-0.783447 -0.920044 -4.000000 -0.165189 -1.356400 -5.873697
-0.781494 -0.910156 -4.000000 -0.093037 -1.286147 -5.863729
-0.778320 -0.916016 -4.000000 -0.052215 -1.254581 -5.857558
-0.783325 -0.916992 -4.000000 -0.019462 -1.242002 -5.861118
-0.776855 -0.915161 -4.000000 -0.012104 -1.245799 -5.885327
-0.782593 -0.911743 -4.000000 -0.024921 -1.256242 -5.898618
-0.786621 -0.917725 -4.000000 -0.046519 -1.266685 -5.928048
-0.790894 -0.918579 -4.000000 -0.069303 -1.296353 -5.972668
-0.792603 -0.917114 -4.000000 -0.118907 -1.335039 -6.039124
-0.785645 -0.917603 -4.000000 -0.180616 -1.367317 -6.115785
-0.782593 -0.917480 -4.000000 -0.254666 -1.405054 -6.199565
-0.789673 -0.918335 -4.000000 -0.342007 -1.446826 -6.302334
-0.784180 -0.918457 -4.000000 -0.468510 -1.517554 -6.383979
-0.796387 -0.920410 -4.000000 -0.677369 -1.613677 -6.443552
-0.781860 -0.916504 -4.000000 -0.903792 -1.675148 -6.502174
-0.793457 -0.910767 -4.000000 -1.139708 -1.707426 -6.574800
-0.789063 -0.919312 -4.000000 -1.331004 -1.675385 -6.632474
-0.779419 -0.912354 -4.000000 -1.423330 -1.589468 -6.666889
-0.780884 -0.913208 -4.000000 -1.452997 -1.480529 -6.686588
-0.784180 -0.918579 -4.000000 -1.456795 -1.400308 -6.685164
-0.778809 -0.916748 -4.000000 -1.445402 -1.361147 -6.655971
-0.792114 -0.914917 -4.000000 -1.430925 -1.368267 -6.642205
-0.781982 -0.914429 -4.000000 -1.472696 -1.411225 -6.636271
-0.789185 -0.921265 -4.000000 -1.578788 -1.488361 -6.649325
-0.783325 -0.916626 -4.000000 -1.728787 -1.585433 -6.679942
-0.780640 -0.921875 -4.000000 -1.907979 -1.630290 -6.683740
-0.788330 -0.920044 -4.000000 -2.067946 -1.610116 -6.675908
-0.778442 -0.911499 -4.000000 -2.180682 -1.570481 -6.655259
-0.776733 -0.915894 -4.000000 -2.255207 -1.524911 -6.601383
-0.782837 -0.914795 -4.000000 -2.221505 -1.446352 -6.483425
-0.785400 -0.917358 -4.000000 -2.114465 -1.329818 -6.324881
-0.789429 -0.918945 -4.000000 -2.028310 -1.224676 -6.169424
-0.786743 -0.913330 -4.000000 -1.993896 -1.178157 -6.052177
-0.779419 -0.915894 -4.000000 -1.981554 -1.224913 -5.991418
-0.782349 -0.926514 -4.000000 -2.001016 -1.363283 -5.970295
-0.791626 -0.914917 -4.000000 -1.994845 -1.521114 -5.969820
-0.785889 -0.920776 -4.000000 -1.955209 -1.573566 -5.926862
-0.781250 -0.917969 -4.000000 -1.911301 -1.507348 -5.824568
-0.779663 -0.915649 -4.000000 -1.871428 -1.382033 -5.711357
-0.784180 -0.918823 -4.000000 -1.877124 -1.308932 -5.623303
-0.787231 -0.917969 -4.000000 -1.941918 -1.321985 -5.575598
-0.783203 -0.917969 -4.000000 -2.011459 -1.395798 -5.557323
-0.784058 -0.918213 -4.000000 -2.022614 -1.499753 -5.542845
-0.783081 -0.921021 -4.000000 -1.950937 -1.584009 -5.499412
-0.793213 -0.921509 -4.000000 -1.781951 -1.550307 -5.396643
-0.788574 -0.916382 -4.000000 -1.505212 -1.457507 -5.285568
-0.783325 -0.920288 -4.000000 -1.158695 -1.406479 -5.198464
-0.786133 -0.909912 -4.000000 -0.812416 -1.423092 -5.122515
-0.781494 -0.921387 -4.000000 -0.526183 -1.467238 -5.071487
-0.783936 -0.919189 -4.000000 -0.280299 -1.477681 -5.044905
-0.792603 -0.914917 -4.000000 -0.062420 -1.485038 -5.038022
-0.783081 -0.923218 -4.000000 0.067642 -1.522538 -5.050601
-0.780884 -0.920166 -4.000000 0.113211 -1.564310 -5.063180
-0.785156 -0.920288 -4.000000 0.141217 -1.561224 -5.091187
-0.781738 -0.916138 -4.000000 0.180141 -1.528709 -5.122753
-0.786255 -0.915283 -4.000000 0.221676 -1.510434 -5.170221
-0.780396 -0.917358 -4.000000 0.267245 -1.525623 -5.222198
-0.786255 -0.913086 -4.000000 0.326818 -1.563835 -5.262546
-0.782715 -0.914307 -4.000000 0.464950 -1.628392 -5.263021
-0.793457 -0.917480 -4.000000 0.577449 -1.659958 -5.212705
-0.784546 -0.913086 -4.000000 0.786071 -1.735907 -5.200363
-0.787109 -0.919312 -4.000000 0.990896 -1.767948 -5.213654
-0.779541 -0.913574 -4.000000 1.103395 -1.802362 -5.280109
-0.786377 -0.918213 -4.000000 1.104819 -1.817077 -5.360330
-0.781860 -0.910522 -4.000000 1.038838 -1.795717 -5.406612
-0.782349 -0.920410 -4.000000 0.972620 -1.759404 -5.442450
-0.789673 -0.919434 -4.000000 0.910675 -1.762014 -5.491342
-0.784668 -0.920532 -4.000000 0.896434 -1.750859 -5.570139
-0.790894 -0.920044 -4.000000 0.902368 -1.752046 -5.639680
-0.784058 -0.924438 -4.000000 0.917083 -1.727837 -5.692132
-0.789307 -0.918457 -4.000000 0.936070 -1.736144 -5.735803
-0.781860 -0.919800 -4.000000 0.965026 -1.809720 -5.786356
-0.782715 -0.917480 -4.000000 0.997067 -1.855526 -5.836197
-0.787964 -0.920410 -4.000000 1.024123 -1.816128 -5.900991
-0.781738 -0.918579 -4.000000 1.048569 -1.688439 -5.981213
-0.780396 -0.914673 -4.000000 1.053554 -1.525623 -6.055263
-0.792725 -0.913452 -4.000000 1.043348 -1.356637 -6.134534
-0.782227 -0.916260 -4.000000 1.024598 -1.207825 -6.204075
-0.783569 -0.915039 -4.000000 0.977130 -1.170325 -6.244185
-0.784058 -0.921021 -4.000000 0.847780 -1.293505 -6.287382
-0.793457 -0.918091 -4.000000 0.636072 -1.479817 -6.345530
-0.783325 -0.918701 -4.000000 0.348890 -1.605132 -6.448773
-0.790039 -0.919800 -4.000000 0.141455 -1.658534 -6.564358
-0.784790 -0.917725 -4.000000 -0.064794 -1.695322 -6.631762
-0.787476 -0.924561 -4.000000 -0.252530 -1.723802 -6.674009
-0.787720 -0.916138 -4.000000 -0.426975 -1.743264 -6.706524
-0.785034 -0.918823 -4.000000 -0.565582 -1.770558 -6.733819
-0.784790 -0.922485 -4.000000 -0.663129 -1.777916 -6.736904
-0.787231 -0.913452 -4.000000 -0.711309 -1.692236 -6.689198
-0.789307 -0.915527 -4.000000 -0.738366 -1.541288 -6.621319
-0.786011 -0.916626 -4.000000 -0.765660 -1.359010 -6.538013
-0.781250 -0.921021 -4.000000 -0.770644 -1.192398 -6.441178
-0.786255 -0.918701 -4.000000 -0.793429 -1.081322 -6.382792
-0.777954 -0.919434 -4.000000 -0.825469 -1.021987 -6.333900
-0.789795 -0.917725 -4.000000 -0.869377 -1.015816 -6.302571
-0.792480 -0.915649 -4.000000 -0.915659 -1.068269 -6.287382
-0.779785 -0.917847 -4.000000 -0.962652 -1.145879 -6.280499
-0.782227 -0.913452 -4.000000 -1.000627 -1.189312 -6.247746
-0.784912 -0.911743 -4.000000 -1.024123 -1.219454 -6.218790
-0.781128 -0.917114 -4.000000 -1.107667 -1.275704 -6.196480
-0.781250 -0.917847 -4.000000 -1.191686 -1.294691 -6.145215
-0.788818 -0.918091 -4.000000 -1.208299 -1.256005 -6.093237
-0.782471 -0.918579 -4.000000 -1.222540 -1.176496 -6.034614
-0.779541 -0.920898 -4.000000 -1.248410 -1.178157 -5.998064
-0.784668 -0.916260 -4.000000 -1.200704 -1.265498 -5.988807
-0.781006 -0.918213 -4.000000 -1.137809 -1.372302 -5.977178
-0.782227 -0.915405 -4.000000 -1.020089 -1.409564 -5.938016
-0.787354 -0.920288 -4.000000 -0.852289 -1.341922 -5.850913
-0.794678 -0.920288 -4.000000 -0.703477 -1.263600 -5.759299
-0.787598 -0.913574 -4.000000 -0.640819 -1.216132 -5.706610
-0.790771 -0.915161 -4.000000 -0.644379 -1.213046 -5.694505
-0.784180 -0.918213 -4.000000 -0.686151 -1.226575 -5.719664
-0.787231 -0.918579 -4.000000 -0.746910 -1.249834 -5.749331
-0.783691 -0.920898 -4.000000 -0.791055 -1.306321 -5.774014
-0.781494 -0.916382 -4.000000 -0.798887 -1.383694 -5.800359
-0.775146 -0.921387 -4.000000 -0.768983 -1.452285 -5.815074
-0.777954 -0.914673 -4.000000 -0.688524 -1.445165 -5.799884
-0.777588 -0.911987 -4.000000 -0.606167 -1.404342 -5.783271
-0.781494 -0.916382 -4.000000 -0.551816 -1.385593 -5.760249
-0.780151 -0.915527 -4.000000 -0.518351 -1.392950 -5.755977
-0.788330 -0.912720 -4.000000 -0.481089 -1.396273 -5.756689
-0.784058 -0.918335 -4.000000 -0.448573 -1.383694 -5.760961
-0.786011 -0.922241 -4.000000 -0.414159 -1.355213 -5.757164
-0.781860 -0.921265 -4.000000 -0.381406 -1.318425 -5.773540
-0.788208 -0.914063 -4.000000 -0.362181 -1.299438 -5.782084
-0.787109 -0.918091 -4.000000 -0.363368 -1.318900 -5.797511
-0.781616 -0.921387 -4.000000 -0.375472 -1.358773 -5.819346
-0.783081 -0.918945 -4.000000 -0.366928 -1.395561 -5.848777
-0.782227 -0.915527 -4.000000 -0.356248 -1.427602 -5.861118
-0.789185 -0.921265 -4.000000 -0.351026 -1.462016 -5.866340
-0.787109 -0.917236 -4.000000 -0.343431 -1.459168 -5.881292
-0.784912 -0.916138 -4.000000 -0.329666 -1.430212 -5.872985
-0.788818 -0.919556 -4.000000 -0.319460 -1.404817 -5.857083
-0.782593 -0.917847 -4.000000 -0.311865 -1.395561 -5.855422
-0.786743 -0.917725 -4.000000 -0.304745 -1.404580 -5.858508
-0.783325 -0.913208 -4.000000 -0.304270 -1.415497 -5.871799
-0.774170 -0.915894 -4.000000 -0.311628 -1.408852 -5.872748
-0.779663 -0.913208 -4.000000 -0.323969 -1.414073 -5.873697
-0.785156 -0.917358 -4.000000 -0.347229 -1.418820 -5.872510
-0.788330 -0.922852 -4.000000 -0.347941 -1.417396 -5.868713
-0.782349 -0.917114 -4.000000 -0.340583 -1.422143 -5.870137
-0.782715 -0.919800 -4.000000 -0.320884 -1.426178 -5.874409
-0.778320 -0.919434 -4.000000 -0.306406 -1.438994 -5.883428
-0.788452 -0.916992 -4.000000 -0.299049 -1.427127 -5.880105
-0.783203 -0.922119 -4.000000 -0.308542 -1.414785 -5.876071
-0.784790 -0.922729 -4.000000 -0.324444 -1.411225 -5.874172
