-0.784546 -0.914795 -4.000000 -0.313527 -1.410039 -5.926387
-0.781372 -0.918213 -4.000000 -0.303796 -1.353314 -5.889836
-0.781738 -0.912964 -4.000000 -0.299998 -1.354501 -5.876545
-0.778198 -0.922729 -4.000000 -0.276027 -1.334327 -5.898143
-0.783203 -0.915405 -4.000000 -0.204350 -1.241527 -5.949646
-0.784058 -0.916626 -4.000000 -0.102531 -1.128790 -6.006133
-0.774170 -0.915405 -4.000000 0.018275 -1.101496 -6.014440
-0.783691 -0.922852 -4.000000 0.079984 -1.196195 -5.995215
-0.782715 -0.914307 -4.000000 0.076186 -1.331242 -5.983586
-0.788940 -0.920166 -4.000000 0.038212 -1.409089 -6.027256
-0.780884 -0.921753 -4.000000 -0.006646 -1.396510 -6.075912
-0.783203 -0.919312 -4.000000 -0.090427 -1.359960 -6.141892
-0.786499 -0.914917 -4.000000 -0.170173 -1.316289 -6.188648
-0.783325 -0.916626 -4.000000 -0.275077 -1.287808 -6.258663
-0.775879 -0.920654 -4.000000 -0.377846 -1.260040 -6.340071
-0.778320 -0.908691 -4.000000 -0.480614 -1.246274 -6.397507
-0.780640 -0.920532 -4.000000 -0.586705 -1.242951 -6.446637
-0.787598 -0.919678 -4.000000 -0.701341 -1.251258 -6.493155
-0.790771 -0.915039 -4.000000 -0.827843 -1.235831 -6.543709
-0.780029 -0.913208 -4.000000 -0.979741 -1.199281 -6.592364
-0.784546 -0.914429 -4.000000 -1.142793 -1.170325 -6.644341
-0.793335 -0.923706 -4.000000 -1.308932 -1.138759 -6.682078
-0.780762 -0.922852 -4.000000 -1.454421 -1.085120 -6.697743
-0.783203 -0.914917 -4.000000 -1.573091 -1.033854 -6.696556
-0.785767 -0.917847 -4.000000 -1.663281 -1.006560 -6.692284
-0.787354 -0.916748 -4.000000 -1.733296 -1.014630 -6.683265
-0.776245 -0.918457 -4.000000 -1.806160 -1.035516 -6.675196
-0.786133 -0.914551 -4.000000 -1.910352 -1.084170 -6.657632
-0.788574 -0.915771 -4.000000 -1.986538 -1.151100 -6.605892
-0.787842 -0.921631 -4.000000 -2.053705 -1.211385 -6.538250
-0.787842 -0.912842 -4.000000 -2.094765 -1.251021 -6.463725
-0.784546 -0.915283 -4.000000 -2.127044 -1.251970 -6.383504
-0.785889 -0.920410 -4.000000 -2.136537 -1.252919 -6.293077
-0.785034 -0.926880 -4.000000 -2.135825 -1.252682 -6.195531
-0.783325 -0.919189 -4.000000 -2.163594 -1.292793 -6.120057
-0.787598 -0.923462 -4.000000 -2.217945 -1.371115 -6.074725
-0.788330 -0.919922 -4.000000 -2.262090 -1.437333 -6.031291
-0.783936 -0.915894 -4.000000 -2.266600 -1.475070 -5.963887
-0.784668 -0.911499 -4.000000 -2.199907 -1.495718 -5.874884
-0.785156 -0.916748 -4.000000 -2.082661 -1.531794 -5.756214
-0.783081 -0.923706 -4.000000 -1.935035 -1.532032 -5.652733
-0.782227 -0.913208 -4.000000 -1.771745 -1.499753 -5.558509
-0.792236 -0.914795 -4.000000 -1.578076 -1.460355 -5.482798
-0.774536 -0.911133 -4.000000 -1.373013 -1.476969 -5.417529
-0.782837 -0.921509 -4.000000 -1.173410 -1.523250 -5.336596
-0.793091 -0.918823 -4.000000 -1.005611 -1.571193 -5.279160
-0.782959 -0.917358 -4.000000 -0.866529 -1.597537 -5.249018
-0.781860 -0.914673 -4.000000 -0.742400 -1.617474 -5.220537
-0.789185 -0.921143 -4.000000 -0.641531 -1.626968 -5.187309
-0.784912 -0.916626 -4.000000 -0.565819 -1.602759 -5.165711
-0.775513 -0.916870 -4.000000 -0.470171 -1.534168 -5.121091
-0.781250 -0.919800 -4.000000 -0.355773 -1.459643 -5.073386
-0.781738 -0.919800 -4.000000 -0.207910 -1.449200 -5.071724
-0.782227 -0.916260 -4.000000 -0.045332 -1.501415 -5.103765
-0.784058 -0.916138 -4.000000 0.107990 -1.556003 -5.143401
-0.788208 -0.911743 -4.000000 0.220489 -1.570718 -5.182088
-0.782471 -0.923950 -4.000000 0.299761 -1.532981 -5.202024
-0.783813 -0.915283 -4.000000 0.365741 -1.517554 -5.222198
-0.787720 -0.921265 -4.000000 0.469222 -1.561936 -5.234303
-0.787720 -0.921509 -4.000000 0.591927 -1.643344 -5.277261
-0.781982 -0.920776 -4.000000 0.752369 -1.701255 -5.326391
-0.783936 -0.919800 -4.000000 0.956244 -1.699356 -5.352736
-0.780518 -0.919800 -4.000000 1.096275 -1.688201 -5.396406
-0.780396 -0.913452 -4.000000 1.222540 -1.663043 -5.432957
-0.776123 -0.913696 -4.000000 1.269533 -1.610591 -5.450520
-0.779663 -0.914551 -4.000000 1.222065 -1.577126 -5.475915
-0.787720 -0.921631 -4.000000 1.131639 -1.560275 -5.499412
-0.779785 -0.914673 -4.000000 1.022937 -1.596113 -5.584380
-0.782715 -0.916992 -4.000000 0.932273 -1.626256 -5.687385
-0.775879 -0.920166 -4.000000 0.891687 -1.610829 -5.773777
-0.786987 -0.918335 -4.000000 0.914947 -1.571667 -5.854473
-0.778320 -0.913086 -4.000000 0.972620 -1.536304 -5.921640
-0.786987 -0.915527 -4.000000 1.033854 -1.492158 -5.980263
-0.783936 -0.913452 -4.000000 1.068743 -1.423804 -6.026545
-0.781494 -0.917969 -4.000000 1.051180 -1.326257 -6.067842
-0.780518 -0.911743 -4.000000 0.971908 -1.209011 -6.113648
-0.783813 -0.915405 -4.000000 0.824758 -1.133300 -6.162540
-0.789917 -0.914795 -4.000000 0.611863 -1.122857 -6.227334
-0.783203 -0.917847 -4.000000 0.367403 -1.166528 -6.297112
-0.786377 -0.911133 -4.000000 0.105616 -1.267160 -6.377571
-0.784912 -0.912842 -4.000000 -0.139319 -1.413361 -6.482713
-0.788208 -0.918579 -4.000000 -0.337973 -1.558376 -6.566968
-0.784058 -0.926758 -4.000000 -0.476105 -1.672774 -6.617997
-0.785645 -0.918823 -4.000000 -0.585993 -1.738755 -6.655496
-0.788940 -0.915405 -4.000000 -0.662417 -1.692236 -6.643867
-0.780273 -0.913208 -4.000000 -0.704663 -1.501652 -6.603044
-0.786011 -0.911743 -4.000000 -0.719378 -1.237255 -6.516178
-0.781616 -0.914063 -4.000000 -0.722701 -1.012731 -6.429311
-0.787231 -0.917480 -4.000000 -0.751182 -0.903080 -6.358346
-0.785889 -0.917480 -4.000000 -0.804346 -0.904741 -6.338647
-0.782959 -0.913696 -4.000000 -0.848491 -0.976418 -6.346479
-0.781494 -0.910156 -4.000000 -0.897384 -1.048332 -6.377808
-0.783081 -0.916260 -4.000000 -0.950073 -1.123332 -6.411036
-0.784180 -0.922119 -4.000000 -0.983063 -1.226100 -6.433820
-0.791870 -0.912598 -4.000000 -1.028870 -1.293030 -6.430023
-0.786743 -0.916504 -4.000000 -1.073965 -1.316527 -6.399881
-0.789795 -0.920166 -4.000000 -1.088680 -1.291131 -6.375435
-0.780640 -0.916504 -4.000000 -1.092477 -1.254581 -6.354074
-0.781006 -0.913818 -4.000000 -1.082034 -1.234644 -6.310641
-0.779541 -0.919067 -4.000000 -1.040025 -1.225151 -6.258426
-0.793457 -0.918945 -4.000000 -0.993981 -1.223727 -6.206686
-0.783813 -0.914429 -4.000000 -0.956719 -1.214470 -6.159455
-0.782349 -0.916748 -4.000000 -0.899994 -1.186701 -6.124329
-0.786987 -0.917114 -4.000000 -0.870564 -1.177208 -6.095136
-0.781006 -0.919189 -4.000000 -0.861545 -1.196195 -6.072588
-0.786499 -0.913818 -4.000000 -0.860359 -1.262650 -6.047668
-0.781982 -0.919189 -4.000000 -0.855612 -1.347618 -6.057399
-0.780518 -0.916382 -4.000000 -0.831640 -1.414073 -6.048617
-0.784668 -0.923462 -4.000000 -0.782748 -1.451573 -6.016101
-0.782104 -0.911743 -4.000000 -0.723651 -1.452997 -5.981450
-0.778442 -0.921509 -4.000000 -0.676657 -1.432586 -5.939441
-0.779541 -0.918457 -4.000000 -0.645803 -1.434959 -5.894109
-0.789795 -0.921265 -4.000000 -0.618034 -1.460117 -5.862305
-0.789795 -0.917358 -4.000000 -0.575313 -1.477918 -5.832637
-0.789185 -0.916016 -4.000000 -0.524522 -1.480766 -5.818160
-0.786133 -0.917725 -4.000000 -0.471358 -1.490497 -5.805581
-0.777710 -0.910522 -4.000000 -0.399206 -1.475545 -5.773065
-0.786133 -0.923950 -4.000000 -0.338685 -1.444690 -5.749094
-0.784058 -0.916138 -4.000000 -0.281011 -1.406241 -5.741024
-0.778687 -0.917969 -4.000000 -0.247546 -1.375150 -5.727971
-0.782837 -0.922974 -4.000000 -0.235204 -1.359960 -5.721562
-0.786865 -0.922852 -4.000000 -0.238290 -1.363757 -5.721799
-0.781982 -0.915405 -4.000000 -0.257752 -1.390102 -5.738651
-0.781982 -0.917847 -4.000000 -0.277688 -1.423330 -5.745296
-0.777832 -0.914551 -4.000000 -0.299998 -1.445402 -5.755977
-0.786133 -0.917358 -4.000000 -0.307356 -1.458219 -5.774964
-0.781616 -0.916870 -4.000000 -0.311390 -1.462253 -5.782796
-0.784912 -0.915039 -4.000000 -0.318511 -1.463440 -5.791340
-0.788574 -0.920654 -4.000000 -0.312340 -1.448013 -5.790865
-0.785400 -0.915161 -4.000000 -0.313289 -1.419058 -5.796324
-0.779297 -0.919189 -4.000000 -0.270331 -1.419058 -5.813888
-0.778442 -0.915771 -4.000000 -0.265821 -1.383694 -5.802021
-0.781494 -0.916382 -4.000000 -0.250157 -1.360909 -5.782321
-0.773560 -0.916016 -4.000000 -0.233305 -1.355688 -5.784220
-0.778809 -0.912598 -4.000000 -0.229271 -1.347381 -5.795375
-0.784180 -0.917114 -4.000000 -0.244223 -1.332666 -5.803207
-0.787476 -0.912720 -4.000000 -0.239239 -1.320799 -5.823144
-0.786865 -0.916138 -4.000000 -0.258464 -1.328868 -5.846878
-0.780762 -0.916382 -4.000000 -0.282672 -1.348093 -5.855185
-0.788086 -0.917847 -4.000000 -0.305694 -1.360672 -5.869663
-0.778931 -0.918091 -4.000000 -0.326106 -1.372539 -5.876783
-0.772705 -0.910645 -4.000000 -0.341770 -1.372776 -5.877969
-0.778442 -0.909912 -4.000000 -0.326580 -1.349042 -5.869425
-0.786011 -0.916870 -4.000000 -0.320172 -1.345245 -5.867527
-0.782959 -0.910278 -4.000000 -0.308068 -1.368029 -5.867764
-0.789673 -0.920532 -4.000000 -0.296201 -1.396985 -5.871562
-0.789551 -0.919312 -4.000000 -0.290742 -1.411700 -5.876783
-0.781494 -0.914551 -4.000000 -0.291217 -1.428314 -5.885564
-0.784546 -0.917480 -4.000000 -0.303084 -1.456083 -5.875122
-0.781372 -0.919434 -4.000000 -0.314713 -1.463678 -5.892210
