-0.783203 -0.925293 -4.000000 -0.245885 -1.140657 -6.129787
-0.788818 -0.927368 -4.000000 -0.325156 -1.149914 -6.181765
-0.780396 -0.915649 -4.000000 -0.407988 -1.206638 -6.242524
-0.780884 -0.918457 -4.000000 -0.525946 -1.330055 -6.264359
-0.788940 -0.908569 -4.000000 -0.687575 -1.405292 -6.324644
-0.778564 -0.919189 -4.000000 -0.810280 -1.384643 -6.414833
-0.788574 -0.921387 -4.000000 -0.887178 -1.320561 -6.513804
-0.785034 -0.917358 -4.000000 -0.925864 -1.256717 -6.609690
-0.786865 -0.915649 -4.000000 -0.973095 -1.258615 -6.706524
-0.785156 -0.914307 -4.000000 -1.086544 -1.318900 -6.806207
-0.781860 -0.924194 -4.000000 -1.240578 -1.393662 -6.883580
-0.782959 -0.918701 -4.000000 -1.441368 -1.462728 -6.934846
-0.785278 -0.919556 -4.000000 -1.687964 -1.514468 -6.967124
-0.781860 -0.916870 -4.000000 -1.913437 -1.529895 -6.958817
-0.794434 -0.923340 -4.000000 -2.052994 -1.495956 -6.907077
-0.783325 -0.918335 -4.000000 -2.103547 -1.380134 -6.817125
-0.785278 -0.920288 -4.000000 -2.073879 -1.206638 -6.681841
-0.784668 -0.919678 -4.000000 -1.995082 -1.030057 -6.531130
-0.793945 -0.918335 -4.000000 -1.937646 -0.896909 -6.395134
-0.786011 -0.913940 -4.000000 -1.964940 -0.856561 -6.284534
-0.779541 -0.910522 -4.000000 -2.022851 -0.932747 -6.213569
-0.789185 -0.913086 -4.000000 -2.095477 -1.071117 -6.161354
-0.775879 -0.915283 -4.000000 -2.185429 -1.215420 -6.121480
-0.791382 -0.918335 -4.000000 -2.244764 -1.313441 -6.065468
-0.790039 -0.920410 -4.000000 -2.281552 -1.326970 -5.997114
-0.786011 -0.918823 -4.000000 -2.279179 -1.279501 -5.927811
-0.788818 -0.915039 -4.000000 -2.247375 -1.232271 -5.857796
-0.783203 -0.915405 -4.000000 -2.193262 -1.209249 -5.777575
-0.776978 -0.909546 -4.000000 -2.092392 -1.228711 -5.705898
-0.782959 -0.917480 -4.000000 -1.978469 -1.316764 -5.618082
-0.785278 -0.916260 -4.000000 -1.851966 -1.418346 -5.543557
-0.786743 -0.909546 -4.000000 -1.688913 -1.470323 -5.479475
-0.779053 -0.916870 -4.000000 -1.514468 -1.448013 -5.423937
-0.787109 -0.912842 -4.000000 -1.338125 -1.398172 -5.346090
-0.781860 -0.913574 -4.000000 -1.190974 -1.339786 -5.258512
-0.789917 -0.915283 -4.000000 -1.075151 -1.286859 -5.174730
-0.786621 -0.919434 -4.000000 -1.012494 -1.256242 -5.130348
-0.781982 -0.921265 -4.000000 -0.972146 -1.296590 -5.119430
-0.783325 -0.915405 -4.000000 -0.963127 -1.481241 -5.160015
-0.784668 -0.922607 -4.000000 -0.926339 -1.647142 -5.191344
-0.782471 -0.922119 -4.000000 -0.866055 -1.814466 -5.244034
-0.779297 -0.913818 -4.000000 -0.726499 -1.935273 -5.254951
-0.788086 -0.918823 -4.000000 -0.475630 -1.949750 -5.196803
-0.785278 -0.917969 -4.000000 -0.122468 -1.886855 -5.109936
-0.783936 -0.919800 -4.000000 0.253005 -1.741128 -5.025443
-0.785156 -0.922119 -4.000000 0.585281 -1.578313 -4.991504
-0.778564 -0.921509 -4.000000 0.787258 -1.515418 -5.005507
-0.783325 -0.923340 -4.000000 0.819536 -1.563598 -5.059383
-0.786621 -0.912964 -4.000000 0.723176 -1.668740 -5.112784
-0.785400 -0.920532 -4.000000 0.604268 -1.821824 -5.180189
-0.790527 -0.916626 -4.000000 0.519301 -2.017867 -5.228844
-0.786133 -0.921875 -4.000000 0.586705 -2.172613 -5.254477
-0.793213 -0.916870 -4.000000 0.766609 -2.219369 -5.267530
-0.781250 -0.920288 -4.000000 1.006086 -2.144369 -5.272752
-0.790894 -0.925537 -4.000000 1.278789 -1.956159 -5.300995
-0.787598 -0.918701 -4.000000 1.371115 -1.741603 -5.343479
-0.784546 -0.916870 -4.000000 1.293505 -1.557664 -5.384064
-0.788452 -0.910522 -4.000000 1.128553 -1.481478 -5.434143
-0.782959 -0.914307 -4.000000 0.955532 -1.526098 -5.519823
-0.788452 -0.916748 -4.000000 0.847305 -1.686777 -5.650123
-0.777100 -0.916016 -4.000000 0.801498 -1.850780 -5.766657
-0.782227 -0.917114 -4.000000 0.799362 -1.926254 -5.882004
-0.783325 -0.920044 -4.000000 0.830928 -1.912725 -5.952020
-0.779297 -0.915894 -4.000000 0.875311 -1.858374 -5.992842
-0.787109 -0.914307 -4.000000 0.885754 -1.740179 -6.031291
-0.787354 -0.918213 -4.000000 0.882668 -1.575940 -6.053364
-0.788940 -0.915771 -4.000000 0.862257 -1.403630 -6.094424
-0.775879 -0.917358 -4.000000 0.797701 -1.282112 -6.135246
-0.788696 -0.917114 -4.000000 0.707037 -1.233932 -6.191021
-0.791870 -0.918823 -4.000000 0.573177 -1.262888 -6.282397
-0.781860 -0.921265 -4.000000 0.420804 -1.353314 -6.377571
-0.784302 -0.921631 -4.000000 0.241850 -1.497617 -6.460877
-0.784912 -0.915283 -4.000000 0.054114 -1.650939 -6.545608
-0.775757 -0.921753 -4.000000 -0.085443 -1.747774 -6.613487
-0.784546 -0.920410 -4.000000 -0.185363 -1.765574 -6.627016
-0.787842 -0.917236 -4.000000 -0.234967 -1.716682 -6.626303
-0.786011 -0.920898 -4.000000 -0.267008 -1.632901 -6.593788
-0.777466 -0.921875 -4.000000 -0.300235 -1.530845 -6.550354
-0.785645 -0.910034 -4.000000 -0.325631 -1.438757 -6.494105
-0.784424 -0.917603 -4.000000 -0.373574 -1.400545 -6.470371
-0.789185 -0.919189 -4.000000 -0.442877 -1.373726 -6.456605
-0.778320 -0.916260 -4.000000 -0.516690 -1.330530 -6.445450
-0.781982 -0.915649 -4.000000 -0.593113 -1.264786 -6.429311
-0.783325 -0.916382 -4.000000 -0.690423 -1.248410 -6.427412
-0.779785 -0.914917 -4.000000 -0.793429 -1.287571 -6.436906
-0.783447 -0.922852 -4.000000 -0.881482 -1.322697 -6.439279
-0.787964 -0.917725 -4.000000 -0.946038 -1.321511 -6.441653
-0.782104 -0.917358 -4.000000 -0.977842 -1.288046 -6.418393
-0.784424 -0.917114 -4.000000 -1.007272 -1.243900 -6.376147
-0.784790 -0.919189 -4.000000 -1.012731 -1.201179 -6.327967
-0.789063 -0.912231 -4.000000 -0.975231 -1.122620 -6.283584
-0.780518 -0.913696 -4.000000 -0.948649 -1.047857 -6.233980
-0.784302 -0.918457 -4.000000 -0.923966 -0.980215 -6.187461
-0.784668 -0.911133 -4.000000 -0.931323 -0.940342 -6.153284
-0.782959 -0.921509 -4.000000 -0.980215 -0.969535 -6.142366
-0.784302 -0.916626 -4.000000 -1.052130 -1.049756 -6.134297
-0.781006 -0.909424 -4.000000 -1.096275 -1.117635 -6.131686
-0.781860 -0.916870 -4.000000 -1.082509 -1.162018 -6.105579
-0.782837 -0.915283 -4.000000 -1.024835 -1.190499 -6.074725
-0.777954 -0.922363 -4.000000 -0.945326 -1.212809 -6.030817
-0.784424 -0.916748 -4.000000 -0.852289 -1.219454 -5.972431
-0.779663 -0.919067 -4.000000 -0.777289 -1.212809 -5.925437
-0.783936 -0.916992 -4.000000 -0.714869 -1.204502 -5.888412
-0.784912 -0.919678 -4.000000 -0.673572 -1.214233 -5.866340
-0.776245 -0.922729 -4.000000 -0.655771 -1.235119 -5.847115
-0.777100 -0.924927 -4.000000 -0.627290 -1.256005 -5.825992
-0.781494 -0.918457 -4.000000 -0.588841 -1.288758 -5.818160
-0.777710 -0.917847 -4.000000 -0.569617 -1.317001 -5.806293
-0.778198 -0.922974 -4.000000 -0.571278 -1.352602 -5.805343
-0.779053 -0.926636 -4.000000 -0.583382 -1.407191 -5.812226
-0.789917 -0.918213 -4.000000 -0.587655 -1.457032 -5.825517
-0.779541 -0.917358 -4.000000 -0.568430 -1.494057 -5.831213
-0.782715 -0.923340 -4.000000 -0.513604 -1.526098 -5.836197
-0.778442 -0.913208 -4.000000 -0.435994 -1.521351 -5.814600
-0.781372 -0.921875 -4.000000 -0.356248 -1.458931 -5.800834
-0.781128 -0.920654 -4.000000 -0.288368 -1.392238 -5.794900
-0.783325 -0.914185 -4.000000 -0.266296 -1.360909 -5.794425
-0.788086 -0.913086 -4.000000 -0.281723 -1.369216 -5.809853
-0.777466 -0.917358 -4.000000 -0.313527 -1.397697 -5.828603
-0.785889 -0.916748 -4.000000 -0.348653 -1.429026 -5.837384
-0.781250 -0.921265 -4.000000 -0.385203 -1.472459 -5.869900
-0.779541 -0.919556 -4.000000 -0.387577 -1.473171 -5.893159
-0.778809 -0.918579 -4.000000 -0.369064 -1.455133 -5.895770
-0.785034 -0.917480 -4.000000 -0.348416 -1.433535 -5.878919
-0.785645 -0.915527 -4.000000 -0.332751 -1.419770 -5.871324
-0.786621 -0.918457 -4.000000 -0.323969 -1.419770 -5.864441
-0.786011 -0.915527 -4.000000 -0.320884 -1.426415 -5.867289
-0.784180 -0.910278 -4.000000 -0.307593 -1.437570 -5.867527
-0.782715 -0.919922 -4.000000 -0.304508 -1.445402 -5.869188
-0.778076 -0.920898 -4.000000 -0.323969 -1.470560 -5.884140
-0.783203 -0.922974 -4.000000 -0.321121 -1.475070 -5.882954
-0.784058 -0.915405 -4.000000 -0.321121 -1.451810 -5.882242
-0.787476 -0.917480 -4.000000 -0.318273 -1.419058 -5.873223
-0.785278 -0.918457 -4.000000 -0.318748 -1.417634 -5.863255
-0.783813 -0.918213 -4.000000 -0.334412 -1.420244 -5.868001
-0.780518 -0.916382 -4.000000 -0.340346 -1.418108 -5.877020
-0.788086 -0.911987 -4.000000 -0.334650 -1.418820 -5.878207
-0.783691 -0.916626 -4.000000 -0.328242 -1.422855 -5.890311
-0.780518 -0.915405 -4.000000 -0.316849 -1.438519 -5.894109
-0.785278 -0.918823 -4.000000 -0.303558 -1.445877 -5.887463
-0.788696 -0.915527 -4.000000 -0.294302 -1.448250 -5.888175
-0.785278 -0.912720 -4.000000 -0.288606 -1.444453 -5.883903
-0.783081 -0.912842 -4.000000 -0.298337 -1.437807 -5.879868
-0.783203 -0.913086 -4.000000 -0.309254 -1.432823 -5.886514
-0.777588 -0.917480 -4.000000 -0.326818 -1.438045 -5.895058
-0.785278 -0.919067 -4.000000 -0.344381 -1.447776 -5.884615
-0.789307 -0.908447 -4.000000 -0.349365 -1.447301 -5.884377
-0.784180 -0.913696 -4.000000 -0.338210 -1.445877 -5.881292
-0.782959 -0.918823 -4.000000 -0.316137 -1.447538 -5.884852
-0.786743 -0.918945 -4.000000 -0.315900 -1.449437 -5.883428
