-0.789917 -0.921631 -4.000000 -0.126977 -1.218030 -5.851388
-0.787354 -0.919067 -4.000000 -0.014478 -1.253869 -5.800122
-0.786743 -0.916870 -4.000000 0.038449 -1.317951 -5.768556
-0.787109 -0.916870 -4.000000 0.112262 -1.420007 -5.716578
-0.776001 -0.916138 -4.000000 0.140268 -1.519690 -5.708271
-0.777466 -0.917603 -4.000000 0.213606 -1.635275 -5.660091
-0.779053 -0.914673 -4.000000 0.308305 -1.731872 -5.619268
-0.787231 -0.912109 -4.000000 0.418431 -1.831318 -5.578209
-0.791138 -0.915771 -4.000000 0.468272 -1.951887 -5.544032
-0.781616 -0.919312 -4.000000 0.502212 -2.107582 -5.461437
-0.779663 -0.917480 -4.000000 0.494380 -2.254021 -5.392609
-0.780640 -0.923340 -4.000000 0.471120 -2.342074 -5.259698
-0.778320 -0.916016 -4.000000 0.468272 -2.335428 -5.115158
-0.783691 -0.915527 -4.000000 0.472070 -2.252834 -4.996250
-0.784668 -0.915894 -4.000000 0.524285 -2.112091 -4.895618
-0.781738 -0.915649 -4.000000 0.614474 -1.937883 -4.823229
-0.793457 -0.917114 -4.000000 0.673097 -1.751097 -4.754875
-0.782227 -0.922363 -4.000000 0.655771 -1.573566 -4.734701
-0.782837 -0.915161 -4.000000 0.604743 -1.431162 -4.746806
-0.785645 -0.918091 -4.000000 0.466136 -1.318663 -4.790714
-0.780884 -0.915894 -4.000000 0.247783 -1.278077 -4.876631
-0.792114 -0.908813 -4.000000 0.013054 -1.292555 -5.000285
-0.775269 -0.915161 -4.000000 -0.320884 -1.345719 -5.109462
-0.785767 -0.914063 -4.000000 -0.718666 -1.457269 -5.200600
-0.790039 -0.918945 -4.000000 -1.104582 -1.553867 -5.284381
-0.784912 -0.922241 -4.000000 -1.378235 -1.523725 -5.354871
-0.783691 -0.921021 -4.000000 -1.526098 -1.377998 -5.404950
-0.783569 -0.917236 -4.000000 -1.580449 -1.196432 -5.414918
-0.782104 -0.920654 -4.000000 -1.580212 -0.996592 -5.396881
-0.779175 -0.921997 -4.000000 -1.657110 -0.829504 -5.406849
-0.782959 -0.919800 -4.000000 -1.779577 -0.696119 -5.430820
-0.784302 -0.921509 -4.000000 -1.875938 -0.596436 -5.471406
-0.781738 -0.920410 -4.000000 -1.973959 -0.524285 -5.552101
-0.776978 -0.911377 -4.000000 -2.104022 -0.482513 -5.657480
-0.787354 -0.916260 -4.000000 -2.216996 -0.472307 -5.820296
-0.781616 -0.917236 -4.000000 -2.259954 -0.530693 -5.996877
-0.787354 -0.915527 -4.000000 -2.350618 -0.696356 -6.164677
-0.790039 -0.922119 -4.000000 -2.526962 -0.969060 -6.341970
-0.789795 -0.917725 -4.000000 -2.631629 -1.210198 -6.513092
-0.787720 -0.916016 -4.000000 -2.608132 -1.357112 -6.675670
-0.787231 -0.925781 -4.000000 -2.495396 -1.397697 -6.790780
-0.782104 -0.922485 -4.000000 -2.345397 -1.299438 -6.846555
-0.785645 -0.919556 -4.000000 -2.121110 -1.110515 -6.854150
-0.783081 -0.918091 -4.000000 -1.831318 -0.908064 -6.814277
-0.784302 -0.917236 -4.000000 -1.540813 -0.763049 -6.769182
-0.783936 -0.919312 -4.000000 -1.236780 -0.714157 -6.734768
-0.791748 -0.919434 -4.000000 -0.953159 -0.769932 -6.722663
-0.783081 -0.918091 -4.000000 -0.695882 -0.904266 -6.706287
-0.782837 -0.923096 -4.000000 -0.488446 -1.048095 -6.711034
-0.788940 -0.918701 -4.000000 -0.324207 -1.164866 -6.708898
-0.780640 -0.916504 -4.000000 -0.197942 -1.235831 -6.688724
-0.784302 -0.918823 -4.000000 -0.092325 -1.280213 -6.638408
-0.790405 -0.918945 -4.000000 0.017326 -1.319375 -6.563171
-0.788696 -0.912354 -4.000000 0.141692 -1.371352 -6.492206
-0.784546 -0.916382 -4.000000 0.265584 -1.426415 -6.418393
-0.789429 -0.913452 -4.000000 0.369776 -1.481715 -6.346004
-0.781860 -0.916138 -4.000000 0.461152 -1.541288 -6.275752
-0.783081 -0.915527 -4.000000 0.520962 -1.623645 -6.215705
-0.785400 -0.921753 -4.000000 0.578398 -1.720242 -6.146401
-0.785156 -0.918335 -4.000000 0.640344 -1.806160 -6.060721
-0.786377 -0.916748 -4.000000 0.729821 -1.885906 -5.957953
-0.786987 -0.916870 -4.000000 0.814789 -1.937409 -5.846641
-0.785645 -0.923950 -4.000000 0.891687 -1.988437 -5.764284
-0.788086 -0.913696 -4.000000 0.977842 -2.076490 -5.691420
-0.784912 -0.914795 -4.000000 1.092715 -2.165967 -5.630424
-0.783936 -0.918335 -4.000000 1.127604 -2.292470 -5.573225
-0.788574 -0.918701 -4.000000 1.148964 -2.397374 -5.515551
-0.783691 -0.918335 -4.000000 1.180293 -2.459083 -5.471880
-0.779053 -0.917236 -4.000000 1.280926 -2.445080 -5.433194
-0.786499 -0.922119 -4.000000 1.406479 -2.366283 -5.377419
-0.783813 -0.924072 -4.000000 1.489548 -2.227201 -5.322831
-0.779785 -0.919922 -4.000000 1.527997 -2.041364 -5.284144
-0.784058 -0.917725 -4.000000 1.525861 -1.845321 -5.235014
-0.785522 -0.922363 -4.000000 1.481953 -1.643344 -5.227420
-0.786865 -0.922852 -4.000000 1.413124 -1.506636 -5.239524
-0.782959 -0.915527 -4.000000 1.294217 -1.514468 -5.269192
-0.782349 -0.921387 -4.000000 1.105056 -1.670876 -5.310964
-0.786621 -0.916748 -4.000000 0.855374 -1.867868 -5.370061
-0.778320 -0.918213 -4.000000 0.623968 -2.008848 -5.421564
-0.782715 -0.928467 -4.000000 0.459728 -2.038990 -5.433194
-0.774414 -0.911621 -4.000000 0.369539 -1.968263 -5.425836
-0.789063 -0.922607 -4.000000 0.346754 -1.813517 -5.418953
-0.794312 -0.920898 -4.000000 0.355298 -1.613914 -5.413020
-0.779785 -0.916992 -4.000000 0.358621 -1.426178 -5.417767
-0.782837 -0.914063 -4.000000 0.340109 -1.263600 -5.415393
-0.782959 -0.920776 -4.000000 0.276264 -1.151812 -5.397356
-0.787354 -0.918213 -4.000000 0.153797 -1.171037 -5.429396
-0.785767 -0.918335 -4.000000 0.107515 -1.153474 -5.451469
-0.783325 -0.921509 -4.000000 -0.029668 -1.088205 -5.450045
-0.793457 -0.919678 -4.000000 -0.260125 -1.102208 -5.471643
-0.787598 -0.918823 -4.000000 -0.434095 -1.187651 -5.492054
-0.786255 -0.920532 -4.000000 -0.529032 -1.271907 -5.515076
-0.785889 -0.919434 -4.000000 -0.531642 -1.345245 -5.539048
-0.783691 -0.920654 -4.000000 -0.466848 -1.378710 -5.555424
-0.787964 -0.918213 -4.000000 -0.385441 -1.316527 -5.566579
-0.782715 -0.915527 -4.000000 -0.344143 -1.233695 -5.573936
-0.788696 -0.912964 -4.000000 -0.365267 -1.202129 -5.591737
-0.785767 -0.916138 -4.000000 -0.405615 -1.234644 -5.624727
-0.789307 -0.917725 -4.000000 -0.440029 -1.274280 -5.667686
-0.784668 -0.916626 -4.000000 -0.484886 -1.296115 -5.694031
-0.781006 -0.916748 -4.000000 -0.499601 -1.295878 -5.728920
-0.788574 -0.909668 -4.000000 -0.510756 -1.283062 -5.759774
-0.788574 -0.915527 -4.000000 -0.530930 -1.295878 -5.803919
-0.782959 -0.920288 -4.000000 -0.535440 -1.327682 -5.840944
-0.776855 -0.923584 -4.000000 -0.524759 -1.367792 -5.874172
-0.789185 -0.914795 -4.000000 -0.493193 -1.391763 -5.864204
-0.787598 -0.920166 -4.000000 -0.450709 -1.393188 -5.871562
-0.785767 -0.918457 -4.000000 -0.406801 -1.392950 -5.869900
-0.783569 -0.915405 -4.000000 -0.372387 -1.396985 -5.864441
-0.784790 -0.918823 -4.000000 -0.342007 -1.404817 -5.859694
-0.785645 -0.921265 -4.000000 -0.329191 -1.414785 -5.863492
-0.782837 -0.914795 -4.000000 -0.315663 -1.417396 -5.873460
-0.785278 -0.915405 -4.000000 -0.294777 -1.420007 -5.869900
-0.780762 -0.921509 -4.000000 -0.291454 -1.431874 -5.852811
-0.789795 -0.918701 -4.000000 -0.287182 -1.431399 -5.834062
-0.784424 -0.911987 -4.000000 -0.273179 -1.423092 -5.839520
-0.787231 -0.916260 -4.000000 -0.264160 -1.417396 -5.844742
-0.780762 -0.919556 -4.000000 -0.266770 -1.415023 -5.845691
-0.787476 -0.919434 -4.000000 -0.278163 -1.415260 -5.845929
-0.781128 -0.919800 -4.000000 -0.275077 -1.412175 -5.835011
-0.781250 -0.917236 -4.000000 -0.279112 -1.404105 -5.848302
-0.782227 -0.923828 -4.000000 -0.278163 -1.404105 -5.868238
-0.784302 -0.919678 -4.000000 -0.284571 -1.406241 -5.872036
-0.783936 -0.916382 -4.000000 -0.284096 -1.400782 -5.851624
-0.783813 -0.917114 -4.000000 -0.287182 -1.382270 -5.833587
-0.785645 -0.914673 -4.000000 -0.285046 -1.367555 -5.852099
-0.785522 -0.917480 -4.000000 -0.275789 -1.377760 -5.861356
-0.783569 -0.916138 -4.000000 -0.283622 -1.389390 -5.853049
-0.787598 -0.917847 -4.000000 -0.303321 -1.406479 -5.839520
-0.782227 -0.917847 -4.000000 -0.299998 -1.417159 -5.843318
-0.771118 -0.915405 -4.000000 -0.284571 -1.412175 -5.852574
-0.782471 -0.909668 -4.000000 -0.290979 -1.392001 -5.855185
-0.784302 -0.914063 -4.000000 -0.285520 -1.390102 -5.850913
-0.779785 -0.916382 -4.000000 -0.297862 -1.395798 -5.852337
-0.784912 -0.917969 -4.000000 -0.315663 -1.411700 -5.862068
-0.782349 -0.921631 -4.000000 -0.331327 -1.418583 -5.862542
-0.781860 -0.917358 -4.000000 -0.339634 -1.417159 -5.859694
-0.782471 -0.917725 -4.000000 -0.346042 -1.417159 -5.861593
-0.786377 -0.918213 -4.000000 -0.354112 -1.416684 -5.864678
-0.780640 -0.917114 -4.000000 -0.352688 -1.415972 -5.860169
-0.783081 -0.919678 -4.000000 -0.357672 -1.416447 -5.844267
-0.780884 -0.925049 -4.000000 -0.356485 -1.414548 -5.834062
-0.781250 -0.919434 -4.000000 -0.356010 -1.397460 -5.840944
-0.783936 -0.910767 -4.000000 -0.357909 -1.395561 -5.844504
-0.785889 -0.917603 -4.000000 -0.354586 -1.411225 -5.845691
-0.783569 -0.918823 -4.000000 -0.356722 -1.419295 -5.857558
-0.771729 -0.916016 -4.000000 -0.360757 -1.417396 -5.853998
-0.783081 -0.916138 -4.000000 -0.352688 -1.415972 -5.849489
-0.786011 -0.920410 -4.000000 -0.330140 -1.407665 -5.849014
-0.782837 -0.918823 -4.000000 -0.324444 -1.385593 -5.849014
