-0.789185 -0.915283 -4.000000 -0.307118 -1.449912 -6.134772
-0.779907 -0.915894 -4.000000 -0.257752 -1.315814 -6.149961
-0.787476 -0.909302 -4.000000 -0.174445 -1.185040 -6.185325
-0.788940 -0.916138 -4.000000 -0.117246 -1.108379 -6.184851
-0.782959 -0.916382 -4.000000 -0.091376 -1.068269 -6.191496
-0.787231 -0.916992 -4.000000 -0.129588 -1.076813 -6.230183
-0.783813 -0.918457 -4.000000 -0.186312 -1.098648 -6.281923
-0.776855 -0.928101 -4.000000 -0.276501 -1.150626 -6.342444
-0.790039 -0.915161 -4.000000 -0.407039 -1.219692 -6.407950
-0.789917 -0.915771 -4.000000 -0.573651 -1.273093 -6.438805
-0.784058 -0.916260 -4.000000 -0.719141 -1.274517 -6.456605
-0.787109 -0.920288 -4.000000 -0.834963 -1.260514 -6.487459
-0.789307 -0.914063 -4.000000 -0.946988 -1.260514 -6.516178
-0.785400 -0.915527 -4.000000 -1.069693 -1.271907 -6.529469
-0.780640 -0.913330 -4.000000 -1.216606 -1.282587 -6.534453
-0.788818 -0.910645 -4.000000 -1.349280 -1.273568 -6.519975
-0.789185 -0.920898 -4.000000 -1.439944 -1.237730 -6.481526
-0.785400 -0.917725 -4.000000 -1.485513 -1.170800 -6.445687
-0.789795 -0.912598 -4.000000 -1.498329 -1.088443 -6.403915
-0.788086 -0.912354 -4.000000 -1.508298 -1.017240 -6.354786
-0.785156 -0.915161 -4.000000 -1.518978 -0.955769 -6.324169
-0.787598 -0.912109 -4.000000 -1.560750 -0.925627 -6.300198
-0.789429 -0.917847 -4.000000 -1.622933 -0.925864 -6.274803
-0.783081 -0.926147 -4.000000 -1.717157 -0.942241 -6.251543
-0.780396 -0.915161 -4.000000 -1.822061 -0.973333 -6.227809
-0.775879 -0.914307 -4.000000 -1.928390 -1.005611 -6.218553
-0.785278 -0.922607 -4.000000 -1.998405 -1.048095 -6.183901
-0.785278 -0.912109 -4.000000 -2.043737 -1.075626 -6.138332
-0.789673 -0.921875 -4.000000 -2.047535 -1.058063 -6.070927
-0.788452 -0.917358 -4.000000 -2.033294 -1.017240 -6.003997
-0.786865 -0.914673 -4.000000 -2.053943 -0.978791 -5.945849
-0.781128 -0.921631 -4.000000 -2.068895 -0.967162 -5.894821
-0.778687 -0.926392 -4.000000 -2.092867 -1.010358 -5.849251
-0.783081 -0.920166 -4.000000 -2.111854 -1.122145 -5.802021
-0.785767 -0.914673 -4.000000 -2.093104 -1.255767 -5.771878
-0.788086 -0.914551 -4.000000 -1.997693 -1.324834 -5.709458
-0.786133 -0.915527 -4.000000 -1.845795 -1.305134 -5.613810
-0.781128 -0.916626 -4.000000 -1.660670 -1.256005 -5.534063
-0.792969 -0.918213 -4.000000 -1.470560 -1.217556 -5.469507
-0.779785 -0.915039 -4.000000 -1.329818 -1.220641 -5.396406
-0.781128 -0.919434 -4.000000 -1.230847 -1.261464 -5.349175
-0.786987 -0.915527 -4.000000 -1.148964 -1.349517 -5.317846
-0.783813 -0.914429 -4.000000 -1.064708 -1.492633 -5.289128
-0.782227 -0.916626 -4.000000 -0.925390 -1.656160 -5.249730
-0.792969 -0.920654 -4.000000 -0.749521 -1.762726 -5.224097
-0.781616 -0.915405 -4.000000 -0.545883 -1.790495 -5.201075
-0.782715 -0.918945 -4.000000 -0.346992 -1.717157 -5.178290
-0.782227 -0.907104 -4.000000 -0.152610 -1.604420 -5.147436
-0.786621 -0.922852 -4.000000 -0.014003 -1.530370 -5.132958
-0.782104 -0.923706 -4.000000 0.066930 -1.514468 -5.147674
-0.787842 -0.917480 -4.000000 0.098259 -1.539626 -5.174730
-0.790771 -0.919312 -4.000000 0.126028 -1.610591 -5.208670
-0.790649 -0.919312 -4.000000 0.163765 -1.685116 -5.259698
-0.787476 -0.916870 -4.000000 0.224999 -1.727837 -5.272040
-0.788696 -0.925415 -4.000000 0.316849 -1.741840 -5.254239
-0.781982 -0.916260 -4.000000 0.446674 -1.736382 -5.230742
-0.781616 -0.918457 -4.000000 0.590028 -1.710749 -5.246170
-0.782227 -0.911621 -4.000000 0.717480 -1.650939 -5.279634
-0.780396 -0.918823 -4.000000 0.779900 -1.584721 -5.329001
-0.791138 -0.917725 -4.000000 0.788919 -1.532744 -5.360805
-0.786011 -0.917236 -4.000000 0.782511 -1.503076 -5.408748
-0.782959 -0.919189 -4.000000 0.757115 -1.520639 -5.461912
-0.787231 -0.915527 -4.000000 0.750233 -1.605607 -5.536911
-0.779297 -0.926392 -4.000000 0.728872 -1.728549 -5.624965
-0.783325 -0.913208 -4.000000 0.730533 -1.841049 -5.732717
-0.784058 -0.922363 -4.000000 0.695882 -1.904181 -5.814125
-0.776001 -0.919678 -4.000000 0.660755 -1.905605 -5.879631
-0.785645 -0.918335 -4.000000 0.661467 -1.877362 -5.923776
-0.791748 -0.914307 -4.000000 0.666214 -1.821112 -5.966260
-0.783325 -0.920044 -4.000000 0.637733 -1.766761 -6.016339
-0.781372 -0.914429 -4.000000 0.607591 -1.697932 -6.087541
-0.780396 -0.917725 -4.000000 0.582196 -1.633851 -6.149487
-0.782349 -0.921021 -4.000000 0.590265 -1.573803 -6.180104
-0.790771 -0.915405 -4.000000 0.578636 -1.553867 -6.177018
-0.781006 -0.918823 -4.000000 0.565819 -1.541762 -6.162303
-0.785278 -0.919067 -4.000000 0.522386 -1.514706 -6.167525
-0.782959 -0.916382 -4.000000 0.468272 -1.489785 -6.197904
-0.786621 -0.925293 -4.000000 0.398020 -1.490497 -6.231844
-0.788086 -0.919922 -4.000000 0.304508 -1.518978 -6.262936
-0.787964 -0.921997 -4.000000 0.196043 -1.531082 -6.292366
-0.784546 -0.916138 -4.000000 0.085680 -1.531557 -6.328441
-0.786499 -0.916138 -4.000000 -0.045807 -1.534880 -6.360720
-0.774170 -0.915405 -4.000000 -0.170173 -1.530845 -6.382080
-0.776611 -0.916748 -4.000000 -0.288843 -1.517079 -6.401542
-0.785156 -0.916382 -4.000000 -0.393985 -1.481003 -6.412222
-0.787964 -0.916748 -4.000000 -0.491769 -1.440418 -6.423378
-0.782959 -0.924683 -4.000000 -0.531405 -1.385593 -6.443314
-0.782837 -0.915161 -4.000000 -0.567006 -1.349042 -6.461827
-0.787598 -0.915771 -4.000000 -0.604743 -1.324596 -6.464200
-0.784424 -0.918213 -4.000000 -0.668588 -1.317476 -6.452570
-0.785767 -0.916138 -4.000000 -0.730059 -1.339311 -6.464674
-0.784912 -0.920410 -4.000000 -0.806482 -1.325308 -6.440228
-0.783447 -0.917480 -4.000000 -0.859409 -1.273805 -6.413884
-0.785645 -0.916260 -4.000000 -0.916371 -1.231321 -6.376147
-0.785034 -0.916016 -4.000000 -0.988048 -1.195720 -6.330815
-0.783447 -0.916138 -4.000000 -1.038126 -1.184803 -6.293552
-0.784546 -0.915649 -4.000000 -1.062572 -1.174360 -6.254391
-0.785400 -0.916260 -4.000000 -1.059724 -1.170800 -6.220926
-0.788818 -0.915405 -4.000000 -1.023649 -1.172224 -6.196480
-0.785156 -0.913086 -4.000000 -0.994218 -1.181480 -6.157557
-0.781372 -0.907715 -4.000000 -0.996355 -1.207350 -6.132873
-0.777832 -0.917236 -4.000000 -1.006086 -1.246986 -6.105104
-0.785156 -0.916870 -4.000000 -1.002288 -1.305609 -6.066180
-0.782471 -0.921265 -4.000000 -1.013443 -1.353789 -6.037462
-0.788208 -0.920410 -4.000000 -0.989946 -1.386067 -5.995690
-0.783447 -0.922852 -4.000000 -0.910912 -1.381558 -5.961988
-0.784912 -0.921021 -4.000000 -0.820960 -1.333140 -5.913570
-0.783569 -0.916138 -4.000000 -0.712733 -1.269533 -5.882716
-0.786621 -0.913818 -4.000000 -0.647227 -1.277365 -5.872510
-0.789307 -0.916382 -4.000000 -0.608778 -1.330055 -5.892210
-0.783936 -0.920410 -4.000000 -0.595012 -1.392475 -5.913333
-0.782471 -0.914551 -4.000000 -0.576500 -1.420482 -5.907637
-0.786255 -0.916382 -4.000000 -0.564158 -1.418820 -5.901229
-0.787231 -0.921265 -4.000000 -0.545171 -1.432349 -5.889362
-0.777710 -0.918457 -4.000000 -0.501737 -1.470323 -5.898855
-0.781494 -0.916992 -4.000000 -0.452133 -1.482427 -5.902178
-0.785522 -0.920898 -4.000000 -0.420330 -1.443504 -5.882004
-0.784302 -0.919434 -4.000000 -0.397545 -1.396985 -5.868001
-0.781982 -0.921753 -4.000000 -0.392798 -1.381558 -5.860881
-0.785156 -0.916260 -4.000000 -0.403004 -1.403156 -5.863729
-0.786621 -0.917236 -4.000000 -0.406089 -1.411700 -5.871087
-0.786743 -0.924561 -4.000000 -0.398969 -1.422855 -5.878682
-0.784424 -0.915894 -4.000000 -0.394460 -1.452285 -5.885090
-0.783203 -0.912964 -4.000000 -0.397782 -1.460117 -5.885802
-0.784912 -0.906250 -4.000000 -0.385678 -1.439706 -5.876071
-0.777466 -0.911743 -4.000000 -0.368352 -1.411937 -5.868001
-0.785156 -0.910278 -4.000000 -0.360757 -1.391763 -5.855185
-0.788208 -0.913574 -4.000000 -0.351738 -1.382982 -5.857321
-0.784424 -0.914551 -4.000000 -0.345093 -1.371115 -5.854710
-0.788818 -0.919922 -4.000000 -0.342007 -1.363995 -5.856134
-0.783447 -0.918091 -4.000000 -0.339871 -1.366605 -5.850676
-0.784180 -0.912109 -4.000000 -0.345805 -1.371352 -5.854473
-0.789551 -0.921875 -4.000000 -0.345093 -1.362808 -5.853761
-0.788574 -0.913696 -4.000000 -0.362893 -1.376099 -5.851624
-0.781250 -0.918457 -4.000000 -0.384254 -1.407428 -5.856134
-0.787964 -0.918945 -4.000000 -0.380456 -1.416921 -5.862068
-0.782959 -0.915283 -4.000000 -0.367640 -1.417634 -5.863492
-0.782837 -0.913574 -4.000000 -0.365504 -1.417396 -5.863017
-0.788574 -0.919556 -4.000000 -0.341295 -1.403630 -5.855659
-0.782837 -0.918335 -4.000000 -0.346517 -1.389865 -5.845691
-0.778564 -0.917114 -4.000000 -0.345567 -1.374675 -5.834536
-0.778320 -0.913086 -4.000000 -0.351738 -1.369216 -5.838571
-0.787842 -0.917725 -4.000000 -0.353637 -1.371115 -5.845454
-0.781982 -0.908569 -4.000000 -0.359571 -1.381795 -5.845929
-0.780884 -0.908813 -4.000000 -0.366691 -1.389865 -5.853761
-0.783936 -0.912720 -4.000000 -0.368589 -1.387729 -5.837147
-0.793579 -0.920532 -4.000000 -0.367877 -1.386305 -5.845929
-0.784912 -0.916870 -4.000000 -0.360045 -1.400782 -5.849963
-0.787964 -0.912109 -4.000000 -0.353637 -1.418108 -5.842131
-0.788208 -0.913574 -4.000000 -0.349365 -1.419058 -5.849489
