-0.785156 -0.914185 -4.000000 -0.191296 -1.156322 -5.858270
-0.782227 -0.917847 -4.000000 -0.150474 -1.218505 -5.841894
-0.787109 -0.925171 -4.000000 -0.125553 -1.270008 -5.837147
-0.786255 -0.921265 -4.000000 -0.085917 -1.319849 -5.812226
-0.785156 -0.911377 -4.000000 -0.020174 -1.375387 -5.788967
-0.785767 -0.914429 -4.000000 0.057199 -1.437333 -5.772591
-0.789429 -0.914185 -4.000000 0.114873 -1.523962 -5.785407
-0.781250 -0.914551 -4.000000 0.174920 -1.627917 -5.744110
-0.781006 -0.917969 -4.000000 0.204113 -1.732347 -5.690708
-0.782715 -0.917725 -4.000000 0.172309 -1.830843 -5.588889
-0.786377 -0.911011 -4.000000 0.157831 -1.893738 -5.502972
-0.791138 -0.912842 -4.000000 0.189398 -1.894450 -5.386438
-0.780518 -0.912231 -4.000000 0.259650 -1.849355 -5.294825
-0.781006 -0.918335 -4.000000 0.352688 -1.765812 -5.196566
-0.786865 -0.918335 -4.000000 0.417956 -1.682505 -5.093560
-0.778442 -0.917725 -4.000000 0.439792 -1.611066 -5.018798
-0.786133 -0.905151 -4.000000 0.419143 -1.562174 -4.958513
-0.780518 -0.917114 -4.000000 0.340821 -1.502601 -4.932880
-0.787720 -0.917603 -4.000000 0.186787 -1.437095 -4.907248
-0.784180 -0.918091 -4.000000 -0.014952 -1.327682 -4.897754
-0.783691 -0.917725 -4.000000 -0.251106 -1.191686 -4.941187
-0.778931 -0.912476 -4.000000 -0.514316 -1.111465 -5.024969
-0.776733 -0.908203 -4.000000 -0.815027 -1.109329 -5.129873
-0.788086 -0.921021 -4.000000 -1.126417 -1.182667 -5.240711
-0.782349 -0.923828 -4.000000 -1.441605 -1.296115 -5.333273
-0.782837 -0.910522 -4.000000 -1.699831 -1.401732 -5.373621
-0.785034 -0.911255 -4.000000 -1.881634 -1.454659 -5.398067
-0.785156 -0.908203 -4.000000 -1.973485 -1.406241 -5.419428
-0.784668 -0.916016 -4.000000 -2.021665 -1.255530 -5.423225
-0.788208 -0.916260 -4.000000 -2.033769 -0.991370 -5.436042
-0.781128 -0.908936 -4.000000 -2.032345 -0.703002 -5.470931
-0.781738 -0.918335 -4.000000 -2.026886 -0.495092 -5.532165
-0.783325 -0.917358 -4.000000 -2.006712 -0.417007 -5.633034
-0.778931 -0.916748 -4.000000 -1.977757 -0.476579 -5.769742
-0.789063 -0.914429 -4.000000 -1.995082 -0.635597 -5.908824
-0.782227 -0.916992 -4.000000 -2.076015 -0.820723 -6.038174
-0.789429 -0.918335 -4.000000 -2.123246 -0.967162 -6.150199
-0.780273 -0.914063 -4.000000 -2.124196 -1.050231 -6.263885
-0.787476 -0.915161 -4.000000 -2.099512 -1.115737 -6.332002
-0.786011 -0.919067 -4.000000 -2.047297 -1.132825 -6.381368
-0.781250 -0.918823 -4.000000 -1.963279 -1.117635 -6.432871
-0.783081 -0.910400 -4.000000 -1.826808 -1.127129 -6.491969
-0.791748 -0.916748 -4.000000 -1.664230 -1.130689 -6.552253
-0.785034 -0.915039 -4.000000 -1.493108 -1.133300 -6.609927
-0.786255 -0.916016 -4.000000 -1.308457 -1.141607 -6.647427
-0.788940 -0.914429 -4.000000 -1.144455 -1.184091 -6.672348
-0.784058 -0.913940 -4.000000 -0.978554 -1.247223 -6.669262
-0.785034 -0.917236 -4.000000 -0.810517 -1.275704 -6.642443
-0.776367 -0.915894 -4.000000 -0.628002 -1.304897 -6.611351
-0.777466 -0.916138 -4.000000 -0.461627 -1.358298 -6.587142
-0.783447 -0.917358 -4.000000 -0.313764 -1.401969 -6.564832
-0.789551 -0.916016 -4.000000 -0.172072 -1.429975 -6.537776
-0.788696 -0.918701 -4.000000 -0.045332 -1.456795 -6.509295
-0.784058 -0.919922 -4.000000 0.061708 -1.488361 -6.456131
-0.788574 -0.921265 -4.000000 0.149762 -1.530370 -6.407001
-0.788696 -0.911621 -4.000000 0.210996 -1.558376 -6.346004
-0.786255 -0.917725 -4.000000 0.219065 -1.593028 -6.318473
-0.794922 -0.919556 -4.000000 0.226423 -1.657110 -6.290942
-0.785767 -0.921753 -4.000000 0.229745 -1.758929 -6.267445
-0.787964 -0.919189 -4.000000 0.237340 -1.911776 -6.240388
-0.785889 -0.917480 -4.000000 0.261549 -2.082661 -6.195056
-0.784790 -0.920166 -4.000000 0.306644 -2.265650 -6.140231
-0.781982 -0.921997 -4.000000 0.390899 -2.449114 -6.056212
-0.789307 -0.921387 -4.000000 0.521199 -2.599113 -5.945611
-0.787231 -0.923706 -4.000000 0.727923 -2.712562 -5.797037
-0.784302 -0.918213 -4.000000 0.970484 -2.812720 -5.629474
-0.776245 -0.918945 -4.000000 1.230847 -2.827198 -5.445061
-0.783447 -0.916016 -4.000000 1.491684 -2.715173 -5.303606
-0.782593 -0.919800 -4.000000 1.703866 -2.522215 -5.177341
-0.780029 -0.912231 -4.000000 1.839625 -2.294606 -5.090237
-0.785889 -0.915283 -4.000000 1.919134 -2.036380 -5.041345
-0.789063 -0.917480 -4.000000 1.918184 -1.790258 -5.036836
-0.781250 -0.915283 -4.000000 1.815416 -1.649515 -5.075759
-0.784912 -0.913330 -4.000000 1.603946 -1.649040 -5.165474
-0.780640 -0.918335 -4.000000 1.301574 -1.789308 -5.256850
-0.787476 -0.917725 -4.000000 0.948412 -1.961617 -5.354397
-0.784180 -0.921265 -4.000000 0.650787 -2.061063 -5.449570
-0.785889 -0.925415 -4.000000 0.474443 -2.036854 -5.523858
-0.799438 -0.914551 -4.000000 0.402766 -1.916048 -5.577734
-0.790283 -0.914063 -4.000000 0.388763 -1.734008 -5.598145
-0.787231 -0.913086 -4.000000 0.390187 -1.524199 -5.586515
-0.780762 -0.920166 -4.000000 0.407039 -1.318188 -5.561120
-0.784180 -0.916260 -4.000000 0.442402 -1.148252 -5.526706
-0.786865 -0.913086 -4.000000 0.460678 -1.033142 -5.518399
-0.781006 -0.913086 -4.000000 0.423415 -0.963839 -5.504396
-0.788940 -0.912231 -4.000000 0.265584 -1.012968 -5.539048
-0.780518 -0.913940 -4.000000 0.212420 -1.042161 -5.555899
-0.783569 -0.918091 -4.000000 0.098022 -0.856324 -5.533589
-0.785278 -0.913452 -4.000000 -0.242087 -0.803872 -5.548067
-0.785400 -0.917725 -4.000000 -0.564633 -0.936307 -5.557323
-0.793579 -0.917847 -4.000000 -0.771356 -1.089629 -5.601706
-0.783691 -0.922363 -4.000000 -0.751657 -1.152050 -5.610724
-0.777100 -0.915161 -4.000000 -0.639632 -1.126654 -5.601943
-0.778809 -0.913696 -4.000000 -0.521911 -1.038838 -5.632560
-0.789063 -0.913086 -4.000000 -0.455693 -0.975943 -5.645613
-0.788818 -0.917603 -4.000000 -0.492006 -0.967399 -5.690233
-0.784546 -0.921021 -4.000000 -0.552291 -1.021038 -5.732005
-0.786987 -0.919067 -4.000000 -0.544696 -1.098886 -5.756214
-0.779175 -0.923706 -4.000000 -0.517164 -1.143268 -5.794900
-0.782837 -0.922974 -4.000000 -0.496279 -1.172936 -5.831451
-0.783203 -0.914795 -4.000000 -0.443114 -1.203553 -5.853761
-0.785889 -0.918579 -4.000000 -0.417956 -1.222302 -5.863729
-0.781250 -0.919678 -4.000000 -0.438842 -1.261226 -5.867052
-0.786255 -0.919312 -4.000000 -0.460203 -1.312017 -5.892684
-0.788696 -0.923706 -4.000000 -0.453320 -1.333852 -5.915232
-0.786987 -0.918945 -4.000000 -0.413447 -1.333140 -5.930184
-0.784546 -0.920044 -4.000000 -0.392323 -1.335751 -5.927574
-0.783325 -0.920044 -4.000000 -0.402292 -1.343346 -5.936593
-0.790039 -0.922607 -4.000000 -0.405852 -1.360197 -5.943713
-0.792725 -0.919556 -4.000000 -0.403004 -1.387254 -5.957241
-0.782227 -0.920898 -4.000000 -0.394697 -1.400308 -5.949409
-0.787476 -0.917114 -4.000000 -0.379032 -1.389390 -5.943475
-0.784058 -0.915039 -4.000000 -0.348416 -1.385355 -5.919267
-0.791504 -0.920044 -4.000000 -0.316375 -1.381320 -5.894109
-0.782104 -0.921509 -4.000000 -0.289555 -1.374675 -5.878682
-0.781006 -0.922852 -4.000000 -0.280062 -1.393425 -5.864678
-0.784546 -0.925903 -4.000000 -0.288606 -1.402444 -5.858270
-0.787842 -0.917114 -4.000000 -0.294065 -1.399596 -5.856371
-0.782104 -0.916382 -4.000000 -0.299049 -1.369453 -5.851862
-0.792114 -0.911987 -4.000000 -0.302134 -1.359960 -5.844742
-0.783813 -0.920288 -4.000000 -0.294777 -1.359485 -5.848302
-0.782349 -0.918701 -4.000000 -0.276739 -1.356400 -5.864204
-0.782349 -0.923340 -4.000000 -0.274603 -1.359960 -5.863966
-0.786987 -0.911499 -4.000000 -0.278400 -1.360197 -5.866340
-0.788696 -0.919434 -4.000000 -0.279112 -1.354026 -5.871087
-0.786133 -0.903564 -4.000000 -0.292166 -1.350229 -5.860881
-0.786865 -0.919678 -4.000000 -0.297387 -1.361859 -5.851624
-0.784912 -0.916016 -4.000000 -0.297862 -1.362571 -5.852337
-0.786377 -0.914551 -4.000000 -0.301422 -1.374438 -5.842606
-0.789185 -0.917236 -4.000000 -0.302846 -1.380846 -5.829552
-0.787231 -0.917603 -4.000000 -0.307356 -1.373963 -5.810565
-0.783569 -0.917847 -4.000000 -0.297150 -1.359960 -5.811989
-0.781860 -0.915771 -4.000000 -0.282435 -1.349280 -5.816973
-0.781372 -0.914551 -4.000000 -0.271992 -1.339786 -5.812226
-0.786011 -0.913696 -4.000000 -0.280774 -1.326970 -5.796324
-0.780518 -0.921997 -4.000000 -0.287182 -1.326257 -5.810328
-0.784912 -0.921631 -4.000000 -0.290030 -1.339074 -5.824805
-0.783691 -0.913086 -4.000000 -0.307830 -1.350229 -5.828365
-0.783447 -0.908691 -4.000000 -0.316849 -1.359485 -5.822669
-0.786499 -0.916626 -4.000000 -0.321833 -1.359485 -5.831451
-0.789551 -0.917725 -4.000000 -0.325394 -1.361384 -5.826704
-0.781738 -0.916504 -4.000000 -0.320884 -1.359722 -5.822669
-0.789429 -0.921509 -4.000000 -0.319460 -1.356637 -5.812701
-0.785034 -0.918945 -4.000000 -0.313052 -1.358773 -5.821008
-0.783447 -0.924927 -4.000000 -0.298811 -1.359722 -5.814837
-0.787720 -0.918457 -4.000000 -0.289080 -1.367792 -5.813176
-0.786133 -0.922607 -4.000000 -0.300710 -1.387491 -5.810802
-0.791504 -0.918945 -4.000000 -0.312102 -1.392950 -5.821008
-0.783936 -0.916870 -4.000000 -0.308305 -1.389153 -5.832875
-0.781494 -0.918579 -4.000000 -0.296201 -1.386305 -5.840470
