-0.785889 -0.924683 -4.000000 -0.436469 -1.478867 -5.824805
-0.789307 -0.917847 -4.000000 -0.411311 -1.438282 -5.813413
-0.786011 -0.916870 -4.000000 -0.364317 -1.387491 -5.827653
-0.781738 -0.918457 -4.000000 -0.341295 -1.366843 -5.827416
-0.781372 -0.913818 -4.000000 -0.311153 -1.343583 -5.835723
-0.782837 -0.912598 -4.000000 -0.261786 -1.321985 -5.844979
-0.789063 -0.919434 -4.000000 -0.203401 -1.298726 -5.822906
-0.782593 -0.915527 -4.000000 -0.183227 -1.298726 -5.826467
-0.783691 -0.919434 -4.000000 -0.168749 -1.351416 -5.845929
-0.784546 -0.919189 -4.000000 -0.182752 -1.448488 -5.882004
-0.785767 -0.921143 -4.000000 -0.194619 -1.551493 -5.926149
-0.779907 -0.917725 -4.000000 -0.174682 -1.616050 -5.958428
-0.781128 -0.915039 -4.000000 -0.139793 -1.656873 -6.006371
-0.785645 -0.922363 -4.000000 -0.107515 -1.694847 -6.056687
-0.786255 -0.921143 -4.000000 -0.088528 -1.734483 -6.118870
-0.781372 -0.910400 -4.000000 -0.060759 -1.757030 -6.192208
-0.778320 -0.910889 -4.000000 -0.084018 -1.774119 -6.275515
-0.779297 -0.915649 -4.000000 -0.157357 -1.754182 -6.350276
-0.783203 -0.914917 -4.000000 -0.263685 -1.690812 -6.411036
-0.785156 -0.915894 -4.000000 -0.397782 -1.645955 -6.469184
-0.784058 -0.920898 -4.000000 -0.547307 -1.633613 -6.527570
-0.780518 -0.910278 -4.000000 -0.729347 -1.617949 -6.583819
-0.783203 -0.917969 -4.000000 -0.913760 -1.604420 -6.642680
-0.781982 -0.917969 -4.000000 -1.087256 -1.621509 -6.712458
-0.779907 -0.921753 -4.000000 -1.298963 -1.675622 -6.771081
-0.786621 -0.913452 -4.000000 -1.507823 -1.710986 -6.804783
-0.783447 -0.918091 -4.000000 -1.712647 -1.668977 -6.818786
-0.782349 -0.919434 -4.000000 -1.849355 -1.551968 -6.783897
-0.785767 -0.920288 -4.000000 -1.900858 -1.387729 -6.733581
-0.779297 -0.914185 -4.000000 -1.898722 -1.208774 -6.650037
-0.781860 -0.924683 -4.000000 -1.844846 -1.068269 -6.552491
-0.785767 -0.921387 -4.000000 -1.806160 -0.978317 -6.420529
-0.780029 -0.920776 -4.000000 -1.797615 -0.915659 -6.321558
-0.787964 -0.918579 -4.000000 -1.842710 -0.925152 -6.285245
-0.788940 -0.919678 -4.000000 -1.933611 -1.021275 -6.269344
-0.787598 -0.920532 -4.000000 -2.028548 -1.162730 -6.254629
-0.781860 -0.919434 -4.000000 -2.115651 -1.277840 -6.242762
-0.783203 -0.913452 -4.000000 -2.182344 -1.311068 -6.206449
-0.778076 -0.913452 -4.000000 -2.202755 -1.302523 -6.140943
-0.781372 -0.917358 -4.000000 -2.177360 -1.265261 -6.054313
-0.787476 -0.914795 -4.000000 -2.123009 -1.210673 -5.949883
-0.783691 -0.917603 -4.000000 -2.034006 -1.109091 -5.860169
-0.789551 -0.922852 -4.000000 -1.912725 -0.997067 -5.780897
-0.781494 -0.920654 -4.000000 -1.760116 -0.898333 -5.683588
-0.786377 -0.919434 -4.000000 -1.616050 -0.866529 -5.602892
-0.784912 -0.917236 -4.000000 -1.513994 -0.888602 -5.547117
-0.787109 -0.919189 -4.000000 -1.393662 -0.948649 -5.521959
-0.788574 -0.921387 -4.000000 -1.286622 -1.000627 -5.508430
-0.790771 -0.925537 -4.000000 -1.203315 -1.030294 -5.510329
-0.787476 -0.915527 -4.000000 -1.170325 -1.038601 -5.474729
-0.780518 -0.914185 -4.000000 -1.183616 -1.065183 -5.438178
-0.780640 -0.911499 -4.000000 -1.207350 -1.114787 -5.401628
-0.781494 -0.916504 -4.000000 -1.196670 -1.209723 -5.412071
-0.783813 -0.919312 -4.000000 -1.122620 -1.325071 -5.434855
-0.786743 -0.914185 -4.000000 -0.996829 -1.408852 -5.459776
-0.783081 -0.915527 -4.000000 -0.858222 -1.444690 -5.469270
-0.791870 -0.924316 -4.000000 -0.703239 -1.422618 -5.447434
-0.783569 -0.913452 -4.000000 -0.519063 -1.357349 -5.423463
-0.784180 -0.917847 -4.000000 -0.317087 -1.315577 -5.385251
-0.782837 -0.919800 -4.000000 -0.140268 -1.283774 -5.341580
-0.785400 -0.918335 -4.000000 -0.036076 -1.321748 -5.314998
-0.789795 -0.916992 -4.000000 0.023259 -1.385830 -5.334935
-0.773560 -0.912109 -4.000000 0.004509 -1.460829 -5.369586
-0.783081 -0.916382 -4.000000 -0.078560 -1.512332 -5.403526
-0.788574 -0.921265 -4.000000 -0.189872 -1.548883 -5.414918
-0.781128 -0.915527 -4.000000 -0.256328 -1.605132 -5.403764
-0.791382 -0.914551 -4.000000 -0.253954 -1.691761 -5.386912
-0.787476 -0.920898 -4.000000 -0.147151 -1.757030 -5.355584
-0.780762 -0.922485 -4.000000 0.056487 -1.771745 -5.345140
-0.777832 -0.912720 -4.000000 0.288606 -1.751571 -5.341343
-0.782227 -0.922119 -4.000000 0.514079 -1.701730 -5.323068
-0.791992 -0.920410 -4.000000 0.713920 -1.629104 -5.301233
-0.788818 -0.918091 -4.000000 0.844457 -1.556478 -5.285806
-0.782837 -0.918335 -4.000000 0.904029 -1.538677 -5.304793
-0.782837 -0.922729 -4.000000 0.930611 -1.594215 -5.333985
-0.787720 -0.918213 -4.000000 0.917083 -1.687015 -5.397118
-0.787476 -0.921265 -4.000000 0.875786 -1.791919 -5.477339
-0.785278 -0.915039 -4.000000 0.850865 -1.917235 -5.563494
-0.782959 -0.919067 -4.000000 0.828318 -2.034956 -5.643714
-0.781860 -0.917358 -4.000000 0.824758 -2.105208 -5.705660
-0.785156 -0.915405 -4.000000 0.851102 -2.127044 -5.762859
-0.791260 -0.916382 -4.000000 0.928950 -2.116363 -5.818872
-0.784180 -0.920166 -4.000000 0.970722 -2.074354 -5.862780
-0.783936 -0.919678 -4.000000 0.983538 -1.952836 -5.895295
-0.785034 -0.917847 -4.000000 1.002288 -1.749435 -5.921403
-0.785767 -0.919922 -4.000000 1.015342 -1.531082 -5.945374
-0.781494 -0.918213 -4.000000 1.004187 -1.379659 -5.990469
-0.784912 -0.912109 -4.000000 0.967399 -1.335276 -6.037937
-0.788208 -0.917358 -4.000000 0.905216 -1.362808 -6.100358
-0.787231 -0.920898 -4.000000 0.813603 -1.412175 -6.166338
-0.787720 -0.917114 -4.000000 0.715344 -1.472459 -6.257239
-0.784302 -0.920654 -4.000000 0.594063 -1.527047 -6.356685
-0.787476 -0.916260 -4.000000 0.478003 -1.578313 -6.441415
-0.787109 -0.915771 -4.000000 0.304982 -1.650227 -6.510244
-0.785156 -0.916260 -4.000000 0.094461 -1.668740 -6.550117
-0.783569 -0.925537 -4.000000 -0.121756 -1.595639 -6.568392
-0.785278 -0.920776 -4.000000 -0.310441 -1.510434 -6.571003
-0.789551 -0.919800 -4.000000 -0.477766 -1.467712 -6.563171
-0.783813 -0.913940 -4.000000 -0.648176 -1.489548 -6.558899
-0.782715 -0.919922 -4.000000 -0.796989 -1.512332 -6.561035
-0.787720 -0.909546 -4.000000 -0.938681 -1.513282 -6.560085
-0.785156 -0.921021 -4.000000 -1.061386 -1.472934 -6.548456
-0.781372 -0.919922 -4.000000 -1.115737 -1.422618 -6.528282
-0.782471 -0.914429 -4.000000 -1.133775 -1.345719 -6.483187
-0.791260 -0.915771 -4.000000 -1.122857 -1.272144 -6.440228
-0.785156 -0.922485 -4.000000 -1.081797 -1.219929 -6.384216
-0.782593 -0.918457 -4.000000 -1.034329 -1.174360 -6.340308
-0.779175 -0.915405 -4.000000 -0.982114 -1.108142 -6.295689
-0.784424 -0.910889 -4.000000 -0.919694 -1.054028 -6.270530
-0.771729 -0.919678 -4.000000 -0.884330 -1.051655 -6.243474
-0.786743 -0.919067 -4.000000 -0.889551 -1.096987 -6.232556
-0.780640 -0.918823 -4.000000 -0.932510 -1.171274 -6.211432
-0.790649 -0.918335 -4.000000 -1.013206 -1.259565 -6.230657
-0.779175 -0.911743 -4.000000 -1.075151 -1.364232 -6.235641
-0.789185 -0.916138 -4.000000 -1.091291 -1.444216 -6.221638
-0.784180 -0.921753 -4.000000 -1.072778 -1.484326 -6.176069
-0.787964 -0.911621 -4.000000 -0.997067 -1.433535 -6.115072
-0.781860 -0.918701 -4.000000 -0.890263 -1.317239 -6.031766
-0.781982 -0.918579 -4.000000 -0.785359 -1.222302 -5.967209
-0.786987 -0.922241 -4.000000 -0.675945 -1.187176 -5.909061
-0.789185 -0.915405 -4.000000 -0.575076 -1.216132 -5.873223
-0.784790 -0.911621 -4.000000 -0.491057 -1.294691 -5.845217
-0.784180 -0.916382 -4.000000 -0.424839 -1.381795 -5.844267
-0.782959 -0.920410 -4.000000 -0.387814 -1.448488 -5.829552
-0.780396 -0.921875 -4.000000 -0.390662 -1.498329 -5.837147
-0.778687 -0.913818 -4.000000 -0.386865 -1.520877 -5.827653
-0.787354 -0.917603 -4.000000 -0.402529 -1.530845 -5.821008
-0.783691 -0.918945 -4.000000 -0.420804 -1.525861 -5.804394
-0.780151 -0.912354 -4.000000 -0.425076 -1.488124 -5.799410
-0.785278 -0.921875 -4.000000 -0.414396 -1.441842 -5.798698
-0.784790 -0.912964 -4.000000 -0.398969 -1.415735 -5.804394
-0.784180 -0.916992 -4.000000 -0.372862 -1.405054 -5.811751
-0.785034 -0.910400 -4.000000 -0.349128 -1.399833 -5.810090
-0.783569 -0.915771 -4.000000 -0.320172 -1.400782 -5.814600
-0.783081 -0.914551 -4.000000 -0.309017 -1.402444 -5.818872
-0.786865 -0.910400 -4.000000 -0.300710 -1.394374 -5.826941
-0.780518 -0.923218 -4.000000 -0.305457 -1.406241 -5.831925
-0.790649 -0.912231 -4.000000 -0.315663 -1.424516 -5.842131
-0.789917 -0.918213 -4.000000 -0.328954 -1.442554 -5.853761
-0.783813 -0.922852 -4.000000 -0.327055 -1.440655 -5.857083
-0.784790 -0.925537 -4.000000 -0.306169 -1.437095 -5.859694
-0.782593 -0.921753 -4.000000 -0.287419 -1.424991 -5.844504
-0.786865 -0.916870 -4.000000 -0.281011 -1.415260 -5.830027
-0.790405 -0.927368 -4.000000 -0.274128 -1.413361 -5.824568
-0.784424 -0.918091 -4.000000 -0.280536 -1.405054 -5.833350
-0.782959 -0.906738 -4.000000 -0.286470 -1.405766 -5.847115
-0.784058 -0.913574 -4.000000 -0.303558 -1.411225 -5.851150
-0.785156 -0.920410 -4.000000 -0.320884 -1.409327 -5.872036
-0.781494 -0.918091 -4.000000 -0.337261 -1.415972 -5.872985
-0.785156 -0.917114 -4.000000 -0.348416 -1.418583 -5.875122
