-0.781616 -0.915161 -4.000000 -0.210996 -1.443029 -5.841182
-0.783081 -0.913940 -4.000000 -0.220726 -1.395086 -5.839520
-0.778320 -0.920166 -4.000000 -0.149524 -1.325546 -5.844742
-0.782349 -0.922729 -4.000000 -0.085443 -1.253157 -5.856371
-0.782837 -0.917114 -4.000000 -0.007358 -1.213046 -5.851624
-0.787842 -0.918701 -4.000000 0.053639 -1.226812 -5.843318
-0.786743 -0.913574 -4.000000 0.030380 -1.286622 -5.856134
-0.780884 -0.909912 -4.000000 -0.010918 -1.333140 -5.896957
-0.779419 -0.914917 -4.000000 -0.042484 -1.355688 -5.938729
-0.789551 -0.915161 -4.000000 -0.033228 -1.366131 -5.970769
-0.782349 -0.919189 -4.000000 -0.049367 -1.372064 -6.022747
-0.781494 -0.925415 -4.000000 -0.086392 -1.360197 -6.075674
-0.783813 -0.919800 -4.000000 -0.107040 -1.306796 -6.131212
-0.786133 -0.923218 -4.000000 -0.154983 -1.259328 -6.167762
-0.787964 -0.914917 -4.000000 -0.229745 -1.186227 -6.205974
-0.786865 -0.918579 -4.000000 -0.348416 -1.156085 -6.238964
-0.787720 -0.919556 -4.000000 -0.483462 -1.213996 -6.304708
-0.780884 -0.914429 -4.000000 -0.639869 -1.318425 -6.409612
-0.784546 -0.915771 -4.000000 -0.785834 -1.402918 -6.532791
-0.788940 -0.918823 -4.000000 -0.927526 -1.412175 -6.660718
-0.780640 -0.923218 -4.000000 -1.057114 -1.351416 -6.770369
-0.787231 -0.917236 -4.000000 -1.227287 -1.273331 -6.876460
-0.779785 -0.923340 -4.000000 -1.456795 -1.260277 -6.966412
-0.786621 -0.915649 -4.000000 -1.715496 -1.300625 -7.035241
-0.790405 -0.917480 -4.000000 -1.965652 -1.352602 -7.066095
-0.785156 -0.920166 -4.000000 -2.190176 -1.389153 -7.064671
-0.786499 -0.914551 -4.000000 -2.404257 -1.414548 -7.021238
-0.781616 -0.909668 -4.000000 -2.549509 -1.436146 -6.943153
-0.779907 -0.914185 -4.000000 -2.634240 -1.429975 -6.829704
-0.789307 -0.916260 -4.000000 -2.649192 -1.394611 -6.688961
-0.783813 -0.911743 -4.000000 -2.595553 -1.286859 -6.542048
-0.787842 -0.916870 -4.000000 -2.457184 -1.106955 -6.377334
-0.782715 -0.918945 -4.000000 -2.244527 -0.940105 -6.195768
-0.786743 -0.918579 -4.000000 -2.072693 -0.866055 -6.042921
-0.786621 -0.915649 -4.000000 -1.951649 -0.900706 -5.927099
-0.783936 -0.916870 -4.000000 -1.860036 -0.998965 -5.856371
-0.786133 -0.914307 -4.000000 -1.784562 -1.138759 -5.807479
-0.789063 -0.915894 -4.000000 -1.686777 -1.286147 -5.744584
-0.786255 -0.915649 -4.000000 -1.575465 -1.401732 -5.662702
-0.789795 -0.921997 -4.000000 -1.457507 -1.468187 -5.584142
-0.788208 -0.917725 -4.000000 -1.340498 -1.492633 -5.525519
-0.789185 -0.917236 -4.000000 -1.200467 -1.471035 -5.460963
-0.787354 -0.924683 -4.000000 -1.077762 -1.443266 -5.414207
-0.785034 -0.913818 -4.000000 -1.008459 -1.468899 -5.376944
-0.787842 -0.922974 -4.000000 -0.993981 -1.519690 -5.348938
-0.787964 -0.912476 -4.000000 -0.996117 -1.562648 -5.329001
-0.786011 -0.913208 -4.000000 -1.036940 -1.560512 -5.300046
-0.779297 -0.919800 -4.000000 -1.089629 -1.554342 -5.276312
-0.783081 -0.912842 -4.000000 -1.120246 -1.605370 -5.279397
-0.782471 -0.925293 -4.000000 -1.078949 -1.670876 -5.279872
-0.787354 -0.916748 -4.000000 -0.943190 -1.778865 -5.316660
-0.790771 -0.922485 -4.000000 -0.750470 -1.782188 -5.295062
-0.793945 -0.924438 -4.000000 -0.529269 -1.711936 -5.252103
-0.781738 -0.927368 -4.000000 -0.261312 -1.553867 -5.184699
-0.784058 -0.917969 -4.000000 -0.064557 -1.323172 -5.122753
-0.790649 -0.918457 -4.000000 0.038212 -1.141132 -5.109699
-0.782104 -0.920410 -4.000000 0.038449 -1.055215 -5.146249
-0.785889 -0.916870 -4.000000 -0.056012 -1.147778 -5.224809
-0.791992 -0.914063 -4.000000 -0.147863 -1.387491 -5.297910
-0.787354 -0.921387 -4.000000 -0.179429 -1.672774 -5.371248
-0.781006 -0.918091 -4.000000 -0.131961 -1.902045 -5.432957
-0.790039 -0.917358 -4.000000 -0.000949 -2.010272 -5.462149
-0.791016 -0.914795 -4.000000 0.208859 -1.990098 -5.458115
-0.783813 -0.911255 -4.000000 0.463763 -1.881159 -5.455504
-0.783936 -0.915649 -4.000000 0.705375 -1.699831 -5.436754
-0.788452 -0.915771 -4.000000 0.895960 -1.530845 -5.423700
-0.778809 -0.916748 -4.000000 0.961465 -1.453709 -5.423225
-0.786133 -0.918457 -4.000000 1.036465 -1.504737 -5.428210
-0.789185 -0.915405 -4.000000 1.031718 -1.616999 -5.491105
-0.785034 -0.911987 -4.000000 0.954345 -1.724514 -5.566104
-0.786499 -0.911255 -4.000000 0.887178 -1.798327 -5.639680
-0.785156 -0.915039 -4.000000 0.819299 -1.867868 -5.706847
-0.783691 -0.908691 -4.000000 0.792242 -1.931001 -5.758825
-0.780029 -0.918457 -4.000000 0.786308 -1.953548 -5.811751
-0.789795 -0.922241 -4.000000 0.797463 -1.947852 -5.879394
-0.786255 -0.916138 -4.000000 0.873887 -1.839387 -5.921403
-0.782227 -0.915161 -4.000000 0.910437 -1.697458 -5.954868
-0.783691 -0.920044 -4.000000 0.928475 -1.589705 -5.971007
-0.782471 -0.919678 -4.000000 0.937257 -1.516130 -5.975042
-0.792236 -0.920898 -4.000000 0.880532 -1.477681 -5.975754
-0.780273 -0.922729 -4.000000 0.786071 -1.460355 -6.007320
-0.784912 -0.915894 -4.000000 0.640819 -1.489310 -6.074725
-0.790161 -0.919922 -4.000000 0.476342 -1.539152 -6.151860
-0.791260 -0.919678 -4.000000 0.309254 -1.574990 -6.227097
-0.791382 -0.921021 -4.000000 0.147388 -1.580449 -6.300673
-0.782471 -0.919067 -4.000000 -0.023259 -1.537490 -6.347666
-0.782471 -0.913086 -4.000000 -0.145015 -1.437807 -6.378757
-0.782227 -0.916016 -4.000000 -0.229271 -1.360909 -6.399169
-0.784668 -0.914307 -4.000000 -0.259650 -1.330055 -6.417444
-0.784180 -0.923218 -4.000000 -0.274128 -1.369691 -6.440228
-0.785278 -0.920776 -4.000000 -0.306644 -1.461067 -6.466336
-0.784546 -0.921143 -4.000000 -0.360520 -1.526810 -6.484374
-0.788452 -0.921143 -4.000000 -0.422940 -1.527997 -6.480814
-0.782715 -0.910645 -4.000000 -0.505297 -1.481715 -6.481763
-0.790894 -0.917725 -4.000000 -0.593113 -1.408140 -6.478440
-0.785522 -0.918701 -4.000000 -0.680217 -1.349992 -6.468235
-0.784058 -0.915649 -4.000000 -0.768745 -1.326732 -6.455656
-0.783203 -0.910889 -4.000000 -0.840185 -1.334327 -6.447824
-0.783081 -0.914795 -4.000000 -0.878634 -1.348330 -6.426938
-0.790405 -0.915894 -4.000000 -0.894773 -1.341685 -6.387064
-0.782471 -0.911377 -4.000000 -0.887178 -1.305134 -6.341733
-0.785645 -0.911865 -4.000000 -0.893111 -1.244612 -6.291416
-0.782959 -0.916016 -4.000000 -0.939868 -1.182429 -6.225673
-0.781006 -0.924683 -4.000000 -1.003475 -1.140183 -6.186512
-0.790161 -0.915527 -4.000000 -1.082034 -1.110515 -6.155183
-0.787109 -0.922852 -4.000000 -1.144692 -1.082034 -6.140705
-0.786011 -0.921021 -4.000000 -1.196670 -1.094376 -6.120057
-0.780884 -0.915771 -4.000000 -1.203790 -1.166528 -6.129076
-0.786011 -0.921509 -4.000000 -1.204027 -1.285198 -6.142841
-0.789307 -0.917847 -4.000000 -1.155847 -1.378235 -6.140468
-0.786987 -0.928955 -4.000000 -1.046196 -1.389865 -6.120057
-0.787231 -0.914795 -4.000000 -0.909725 -1.330292 -6.059298
-0.783569 -0.917969 -4.000000 -0.790106 -1.233457 -5.982399
-0.782959 -0.921509 -4.000000 -0.728397 -1.161306 -5.914282
-0.781616 -0.915771 -4.000000 -0.688762 -1.143505 -5.869663
-0.781128 -0.913086 -4.000000 -0.673334 -1.157509 -5.831925
-0.785767 -0.914429 -4.000000 -0.666214 -1.185989 -5.830264
-0.784302 -0.920532 -4.000000 -0.650075 -1.214945 -5.832400
-0.781006 -0.920898 -4.000000 -0.628714 -1.268109 -5.839758
-0.782227 -0.917236 -4.000000 -0.609015 -1.334090 -5.854473
-0.786133 -0.915039 -4.000000 -0.587892 -1.388678 -5.849014
-0.781250 -0.917603 -4.000000 -0.534728 -1.416921 -5.839283
-0.783813 -0.913574 -4.000000 -0.477291 -1.450861 -5.821720
-0.784912 -0.914673 -4.000000 -0.424602 -1.478393 -5.807717
-0.778931 -0.917480 -4.000000 -0.372387 -1.490734 -5.809853
-0.784912 -0.911255 -4.000000 -0.327292 -1.475545 -5.805106
-0.785767 -0.918213 -4.000000 -0.288843 -1.452523 -5.793239
-0.788940 -0.921997 -4.000000 -0.265821 -1.423804 -5.801071
-0.788574 -0.919556 -4.000000 -0.255378 -1.394849 -5.810802
-0.786377 -0.920410 -4.000000 -0.257040 -1.382507 -5.808429
-0.777344 -0.927490 -4.000000 -0.263210 -1.392001 -5.830739
-0.775391 -0.913330 -4.000000 -0.279824 -1.405766 -5.830739
-0.784546 -0.909668 -4.000000 -0.289792 -1.415735 -5.841419
-0.780029 -0.923462 -4.000000 -0.296438 -1.404580 -5.847590
-0.785767 -0.918457 -4.000000 -0.304745 -1.401732 -5.869900
-0.790894 -0.916504 -4.000000 -0.319223 -1.416447 -5.865153
-0.789307 -0.921143 -4.000000 -0.320647 -1.423804 -5.875596
-0.784790 -0.918091 -4.000000 -0.320172 -1.419770 -5.878682
-0.785278 -0.916992 -4.000000 -0.324919 -1.419295 -5.871087
-0.789185 -0.909180 -4.000000 -0.321833 -1.418820 -5.870849
-0.789795 -0.914551 -4.000000 -0.319223 -1.415972 -5.877495
-0.786499 -0.920532 -4.000000 -0.324444 -1.414785 -5.885564
-0.785034 -0.914063 -4.000000 -0.318511 -1.405766 -5.879394
-0.788208 -0.924805 -4.000000 -0.331802 -1.420007 -5.882242
-0.788452 -0.912964 -4.000000 -0.333463 -1.426890 -5.892684
-0.783813 -0.916870 -4.000000 -0.324444 -1.435197 -5.903365
-0.787476 -0.912231 -4.000000 -0.314713 -1.432111 -5.899093
-0.784790 -0.912842 -4.000000 -0.322071 -1.418820 -5.889124
-0.799316 -0.921875 -4.000000 -0.324207 -1.418346 -5.899330
-0.786865 -0.921021 -4.000000 -0.327292 -1.422855 -5.916656
