-0.785889 -0.912354 -4.000000 0.067405 -1.068269 -5.749806
-0.778198 -0.915283 -4.000000 0.042484 -1.158695 -5.725122
-0.783936 -0.920410 -4.000000 -0.013766 -1.261226 -5.711594
-0.781250 -0.915283 -4.000000 -0.069303 -1.338362 -5.698540
-0.789429 -0.917358 -4.000000 -0.072626 -1.394137 -5.666499
-0.786377 -0.919067 -4.000000 -0.049604 -1.434485 -5.628525
-0.781494 -0.914551 -4.000000 -0.007832 -1.492633 -5.585804
-0.782471 -0.916382 -4.000000 -0.010680 -1.543899 -5.528842
-0.787231 -0.917114 -4.000000 0.031566 -1.582110 -5.485171
-0.782959 -0.912964 -4.000000 0.101107 -1.611303 -5.483984
-0.782227 -0.915039 -4.000000 0.135521 -1.700306 -5.418478
-0.784058 -0.910889 -4.000000 0.128401 -1.827757 -5.286992
-0.786133 -0.913452 -4.000000 0.102768 -1.955209 -5.143876
-0.786621 -0.919189 -4.000000 0.106091 -2.033057 -5.012864
-0.785278 -0.919312 -4.000000 0.153322 -2.041126 -4.867612
-0.786865 -0.917847 -4.000000 0.245410 -1.951649 -4.737549
-0.784790 -0.919556 -4.000000 0.321833 -1.750859 -4.628610
-0.782837 -0.918457 -4.000000 0.367640 -1.502601 -4.546016
-0.779053 -0.917358 -4.000000 0.359571 -1.272144 -4.543168
-0.781372 -0.918091 -4.000000 0.270805 -1.119059 -4.592297
-0.781616 -0.918579 -4.000000 0.089003 -1.087256 -4.718325
-0.783203 -0.920532 -4.000000 -0.185125 -1.126892 -4.869036
-0.782471 -0.920044 -4.000000 -0.509332 -1.285672 -5.062231
-0.782471 -0.919434 -4.000000 -0.878634 -1.519452 -5.238100
-0.779541 -0.916260 -4.000000 -1.232271 -1.729973 -5.342055
-0.784424 -0.911255 -4.000000 -1.509959 -1.823960 -5.361042
-0.783325 -0.919800 -4.000000 -1.692236 -1.760828 -5.341818
-0.780151 -0.915161 -4.000000 -1.794767 -1.557902 -5.349887
-0.792847 -0.917358 -4.000000 -1.900384 -1.257429 -5.376232
-0.780273 -0.916748 -4.000000 -1.988912 -0.946988 -5.431770
-0.786499 -0.922974 -4.000000 -2.076253 -0.737416 -5.504870
-0.791748 -0.916992 -4.000000 -2.146268 -0.648651 -5.584380
-0.789673 -0.921265 -4.000000 -2.145793 -0.639632 -5.695218
-0.787720 -0.917236 -4.000000 -2.095477 -0.687100 -5.844979
-0.784058 -0.916382 -4.000000 -2.019291 -0.774441 -5.999250
-0.783447 -0.916260 -4.000000 -1.992234 -0.876972 -6.136433
-0.784668 -0.914917 -4.000000 -1.985589 -0.953633 -6.231844
-0.781372 -0.918579 -4.000000 -1.992472 -0.966450 -6.303521
-0.788574 -0.908691 -4.000000 -2.016206 -0.894773 -6.367840
-0.785034 -0.918213 -4.000000 -2.019528 -0.778951 -6.425276
-0.781372 -0.913208 -4.000000 -2.018816 -0.692559 -6.508108
-0.783691 -0.922241 -4.000000 -1.997456 -0.690660 -6.590228
-0.785034 -0.920288 -4.000000 -1.944292 -0.783460 -6.640306
-0.783081 -0.916504 -4.000000 -1.854814 -0.928713 -6.695844
-0.787720 -0.915161 -4.000000 -1.751809 -1.090341 -6.723850
-0.784302 -0.918335 -4.000000 -1.648566 -1.208062 -6.728122
-0.783691 -0.917603 -4.000000 -1.540101 -1.235356 -6.690860
-0.790771 -0.911011 -4.000000 -1.403156 -1.204027 -6.631999
-0.791016 -0.920776 -4.000000 -1.233220 -1.147540 -6.590703
-0.783569 -0.917236 -4.000000 -1.030294 -1.080136 -6.567443
-0.784790 -0.916504 -4.000000 -0.810280 -1.008696 -6.588092
-0.785645 -0.920044 -4.000000 -0.602607 -0.948649 -6.616572
-0.790161 -0.914429 -4.000000 -0.396596 -0.945564 -6.634136
-0.786133 -0.917969 -4.000000 -0.209809 -1.056876 -6.603519
-0.783203 -0.918579 -4.000000 -0.039398 -1.225151 -6.536589
-0.796509 -0.922241 -4.000000 0.089952 -1.370878 -6.485560
-0.790283 -0.915405 -4.000000 0.183227 -1.474595 -6.445213
-0.784912 -0.916870 -4.000000 0.288606 -1.559563 -6.415308
-0.786743 -0.922241 -4.000000 0.400630 -1.637173 -6.368315
-0.786377 -0.918335 -4.000000 0.476817 -1.723090 -6.295926
-0.786987 -0.913818 -4.000000 0.534490 -1.806397 -6.211195
-0.789429 -0.914429 -4.000000 0.615898 -1.883058 -6.122667
-0.787964 -0.915649 -4.000000 0.727923 -1.946902 -6.034614
-0.782959 -0.920776 -4.000000 0.850153 -2.012883 -5.934931
-0.790771 -0.917603 -4.000000 0.966924 -2.081000 -5.828603
-0.783813 -0.916870 -4.000000 1.103870 -2.124907 -5.713967
-0.783447 -0.913086 -4.000000 1.287096 -2.100936 -5.623066
-0.784790 -0.915283 -4.000000 1.422855 -2.061063 -5.529791
-0.783081 -0.917114 -4.000000 1.489073 -2.011222 -5.442925
-0.786865 -0.920410 -4.000000 1.523725 -1.957583 -5.345615
-0.786011 -0.910400 -4.000000 1.555291 -1.923406 -5.231692
-0.785156 -0.917358 -4.000000 1.640021 -1.887093 -5.129161
-0.787231 -0.917480 -4.000000 1.715496 -1.909640 -5.051550
-0.791382 -0.916382 -4.000000 1.731160 -1.968026 -4.999573
-0.783691 -0.914429 -4.000000 1.700781 -2.041601 -4.974652
-0.787964 -0.910767 -4.000000 1.606082 -2.092155 -4.976789
-0.787476 -0.913818 -4.000000 1.486225 -2.054418 -4.987469
-0.783447 -0.914307 -4.000000 1.345245 -1.975621 -5.010965
-0.777100 -0.921753 -4.000000 1.217556 -1.869055 -5.047278
-0.783325 -0.913940 -4.000000 1.110990 -1.772695 -5.090000
-0.783569 -0.915039 -4.000000 0.974994 -1.755369 -5.158116
-0.792480 -0.923462 -4.000000 0.800549 -1.816128 -5.195616
-0.782104 -0.918213 -4.000000 0.631088 -1.874039 -5.234777
-0.783691 -0.918335 -4.000000 0.491769 -1.878786 -5.281771
-0.781494 -0.918335 -4.000000 0.403478 -1.833454 -5.319983
-0.779419 -0.916992 -4.000000 0.330615 -1.728549 -5.361754
-0.787964 -0.916138 -4.000000 0.281486 -1.588281 -5.388337
-0.784302 -0.916016 -4.000000 0.252767 -1.455371 -5.405900
-0.781738 -0.916504 -4.000000 0.206486 -1.336700 -5.417529
-0.783325 -0.909790 -4.000000 0.117483 -1.238916 -5.411596
-0.784668 -0.919556 -4.000000 0.004747 -1.235356 -5.460963
-0.789673 -0.915405 -4.000000 -0.093275 -1.169850 -5.421327
-0.779907 -0.918823 -4.000000 -0.249445 -1.061623 -5.429159
-0.776489 -0.915649 -4.000000 -0.435282 -1.101734 -5.465472
-0.782104 -0.917847 -4.000000 -0.543984 -1.215182 -5.492766
-0.784180 -0.917114 -4.000000 -0.593113 -1.256717 -5.531928
-0.784668 -0.923218 -4.000000 -0.606642 -1.237730 -5.554949
-0.782837 -0.912476 -4.000000 -0.582196 -1.167714 -5.599332
-0.787598 -0.916138 -4.000000 -0.581721 -1.122857 -5.623778
-0.785400 -0.920898 -4.000000 -0.608778 -1.145879 -5.648224
-0.783569 -0.918823 -4.000000 -0.633699 -1.208774 -5.679316
-0.784058 -0.919312 -4.000000 -0.636547 -1.266922 -5.706847
-0.778198 -0.917114 -4.000000 -0.631800 -1.300150 -5.729157
-0.785156 -0.916504 -4.000000 -0.607828 -1.301099 -5.735565
-0.781616 -0.912109 -4.000000 -0.555614 -1.284960 -5.747195
-0.774658 -0.923096 -4.000000 -0.498177 -1.276653 -5.763097
-0.787354 -0.916138 -4.000000 -0.437418 -1.295403 -5.770217
-0.782959 -0.912598 -4.000000 -0.402529 -1.338125 -5.787543
-0.787109 -0.909668 -4.000000 -0.402766 -1.379896 -5.804394
-0.793823 -0.916748 -4.000000 -0.401580 -1.410513 -5.818872
-0.783813 -0.916260 -4.000000 -0.386627 -1.416921 -5.829790
-0.778198 -0.924438 -4.000000 -0.364080 -1.418346 -5.838571
-0.778198 -0.915649 -4.000000 -0.352450 -1.416209 -5.841182
-0.780029 -0.915771 -4.000000 -0.332276 -1.417871 -5.841419
-0.780151 -0.920044 -4.000000 -0.297862 -1.418583 -5.838334
-0.780884 -0.921753 -4.000000 -0.267957 -1.419295 -5.846403
-0.790039 -0.915649 -4.000000 -0.256090 -1.418583 -5.844267
-0.787598 -0.913696 -4.000000 -0.261549 -1.417159 -5.839758
-0.781128 -0.906372 -4.000000 -0.261074 -1.417634 -5.835011
-0.780884 -0.914429 -4.000000 -0.255378 -1.416209 -5.835485
-0.779785 -0.921265 -4.000000 -0.252293 -1.415260 -5.840232
-0.786987 -0.918091 -4.000000 -0.258464 -1.410276 -5.842131
-0.789185 -0.912842 -4.000000 -0.274840 -1.397934 -5.832400
-0.779785 -0.916138 -4.000000 -0.278875 -1.391763 -5.837622
-0.778076 -0.913452 -4.000000 -0.284334 -1.392238 -5.843792
-0.788330 -0.919067 -4.000000 -0.278637 -1.394611 -5.830264
-0.780273 -0.915161 -4.000000 -0.269144 -1.392713 -5.818160
-0.780884 -0.916870 -4.000000 -0.265109 -1.386305 -5.816498
-0.787720 -0.913574 -4.000000 -0.264160 -1.384406 -5.813413
-0.787476 -0.923218 -4.000000 -0.267008 -1.378947 -5.793477
-0.790283 -0.913940 -4.000000 -0.271755 -1.369691 -5.788018
-0.788086 -0.916382 -4.000000 -0.271280 -1.363757 -5.789916
-0.788330 -0.924072 -4.000000 -0.270331 -1.374912 -5.797511
-0.780396 -0.916138 -4.000000 -0.267245 -1.394137 -5.787305
-0.781250 -0.923096 -4.000000 -0.271043 -1.396510 -5.778049
-0.778442 -0.915283 -4.000000 -0.263210 -1.384881 -5.780423
-0.782593 -0.915405 -4.000000 -0.263210 -1.370165 -5.780897
-0.784790 -0.915649 -4.000000 -0.269144 -1.360435 -5.778286
-0.781494 -0.913696 -4.000000 -0.286470 -1.363757 -5.775913
-0.785034 -0.919434 -4.000000 -0.292878 -1.377286 -5.792052
-0.786865 -0.920898 -4.000000 -0.303796 -1.400782 -5.793477
-0.781860 -0.919189 -4.000000 -0.312815 -1.421906 -5.790865
-0.783936 -0.917603 -4.000000 -0.326580 -1.418108 -5.781372
-0.785889 -0.921265 -4.000000 -0.322071 -1.417871 -5.795138
-0.783569 -0.917603 -4.000000 -0.308068 -1.419058 -5.806293
-0.787354 -0.913330 -4.000000 -0.297387 -1.418820 -5.807005
-0.781006 -0.913818 -4.000000 -0.290505 -1.426178 -5.778286
-0.781616 -0.916260 -4.000000 -0.280774 -1.419770 -5.772828
-0.781006 -0.921143 -4.000000 -0.265346 -1.401969 -5.776388
-0.773438 -0.922729 -4.000000 -0.258464 -1.389627 -5.778524
