-0.788452 -0.916626 -4.000000 -0.068591 -1.323647 -5.877020
-0.787842 -0.916382 -4.000000 -0.128876 -1.318663 -5.876545
-0.785034 -0.922607 -4.000000 -0.186312 -1.349042 -5.884377
-0.786621 -0.917969 -4.000000 -0.195568 -1.348093 -5.889836
-0.783447 -0.917603 -4.000000 -0.175869 -1.315103 -5.917368
-0.795044 -0.923096 -4.000000 -0.153559 -1.293742 -5.934456
-0.781494 -0.920288 -4.000000 -0.097547 -1.305372 -5.909773
-0.788086 -0.913330 -4.000000 -0.030617 -1.342634 -5.843081
-0.781128 -0.907837 -4.000000 0.014715 -1.357824 -5.805343
-0.776611 -0.912476 -4.000000 0.057436 -1.375624 -5.738176
-0.787476 -0.919312 -4.000000 0.124604 -1.419532 -5.670534
-0.787964 -0.918823 -4.000000 0.178480 -1.465339 -5.625440
-0.785889 -0.916138 -4.000000 0.172309 -1.562886 -5.542133
-0.784790 -0.917358 -4.000000 0.118195 -1.682031 -5.397593
-0.788574 -0.917480 -4.000000 0.076424 -1.737094 -5.285093
-0.788696 -0.915405 -4.000000 0.019462 -1.746350 -5.127737
-0.782227 -0.909058 -4.000000 -0.038924 -1.722853 -4.958038
-0.785767 -0.919678 -4.000000 -0.055538 -1.647854 -4.783356
-0.785156 -0.917847 -4.000000 -0.060284 -1.538440 -4.640952
-0.787476 -0.920532 -4.000000 -0.070015 -1.434722 -4.519433
-0.790649 -0.914307 -4.000000 -0.087579 -1.380134 -4.430194
-0.782715 -0.914795 -4.000000 -0.146439 -1.308457 -4.399814
-0.783325 -0.916504 -4.000000 -0.342245 -1.227999 -4.441112
-0.793335 -0.920288 -4.000000 -0.601658 -1.211622 -4.576870
-0.779419 -0.914185 -4.000000 -0.839710 -1.286384 -4.793799
-0.779419 -0.916748 -4.000000 -1.128790 -1.436858 -5.035649
-0.786255 -0.916748 -4.000000 -1.454184 -1.636699 -5.238812
-0.790649 -0.916992 -4.000000 -1.762014 -1.769135 -5.392846
-0.784302 -0.921875 -4.000000 -2.029259 -1.757980 -5.501310
-0.787354 -0.916016 -4.000000 -2.227676 -1.596588 -5.554000
-0.783936 -0.919312 -4.000000 -2.324036 -1.334802 -5.562782
-0.784302 -0.918823 -4.000000 -2.324748 -1.056876 -5.567528
-0.784180 -0.918945 -4.000000 -2.271821 -0.893349 -5.591025
-0.785400 -0.919312 -4.000000 -2.152676 -0.863444 -5.654870
-0.778687 -0.914307 -4.000000 -1.982978 -0.901418 -5.705898
-0.792603 -0.920410 -4.000000 -1.811144 -0.946988 -5.763571
-0.785522 -0.916992 -4.000000 -1.645718 -0.954820 -5.821483
-0.785889 -0.915527 -4.000000 -1.522063 -0.941766 -5.901229
-0.787842 -0.917236 -4.000000 -1.479105 -0.932747 -6.000912
-0.785278 -0.914185 -4.000000 -1.512807 -0.920406 -6.123142
-0.790405 -0.911865 -4.000000 -1.561224 -0.884330 -6.226148
-0.779785 -0.915039 -4.000000 -1.613914 -0.856798 -6.305657
-0.791138 -0.918457 -4.000000 -1.655211 -0.891450 -6.380656
-0.788330 -0.918213 -4.000000 -1.687489 -0.960754 -6.468235
-0.786987 -0.916626 -4.000000 -1.701255 -1.092003 -6.534690
-0.786865 -0.926147 -4.000000 -1.664467 -1.209011 -6.569342
-0.784058 -0.917969 -4.000000 -1.558614 -1.274992 -6.579072
-0.786377 -0.914917 -4.000000 -1.415023 -1.327444 -6.577649
-0.789795 -0.919189 -4.000000 -1.239866 -1.357349 -6.561510
-0.790527 -0.915405 -4.000000 -1.062810 -1.344770 -6.524485
-0.784058 -0.912231 -4.000000 -0.883855 -1.310356 -6.499801
-0.779541 -0.920166 -4.000000 -0.710122 -1.275941 -6.479152
-0.782104 -0.928955 -4.000000 -0.552054 -1.235594 -6.462776
-0.784424 -0.914185 -4.000000 -0.428874 -1.211385 -6.444975
-0.786499 -0.915283 -4.000000 -0.307356 -1.235831 -6.427412
-0.781738 -0.918457 -4.000000 -0.204587 -1.274755 -6.420767
-0.785034 -0.917725 -4.000000 -0.090664 -1.321985 -6.412934
-0.785034 -0.917603 -4.000000 -0.012342 -1.357349 -6.420292
-0.788940 -0.920776 -4.000000 0.041535 -1.373963 -6.413647
-0.781372 -0.917480 -4.000000 0.082594 -1.383931 -6.410799
-0.779419 -0.916870 -4.000000 0.101582 -1.395324 -6.414121
-0.785645 -0.915649 -4.000000 0.106566 -1.423330 -6.424327
-0.782104 -0.914551 -4.000000 0.093275 -1.450624 -6.430023
-0.788574 -0.915161 -4.000000 0.098022 -1.478155 -6.412222
-0.787964 -0.922119 -4.000000 0.121044 -1.526098 -6.376859
-0.783813 -0.909668 -4.000000 0.144778 -1.554816 -6.340308
-0.786621 -0.917114 -4.000000 0.161154 -1.597300 -6.309454
-0.786865 -0.920654 -4.000000 0.162103 -1.656635 -6.289517
-0.780273 -0.921143 -4.000000 0.148338 -1.712410 -6.277413
-0.780518 -0.916748 -4.000000 0.135759 -1.756081 -6.238015
-0.781616 -0.909302 -4.000000 0.149050 -1.761777 -6.184376
-0.793579 -0.919312 -4.000000 0.217166 -1.756793 -6.111987
-0.782959 -0.914185 -4.000000 0.355773 -1.728549 -6.037225
-0.779053 -0.918457 -4.000000 0.514554 -1.682031 -5.965074
-0.780884 -0.922852 -4.000000 0.650075 -1.630528 -5.893159
-0.784424 -0.916870 -4.000000 0.740976 -1.589231 -5.810328
-0.782593 -0.912842 -4.000000 0.804109 -1.565734 -5.765707
-0.785034 -0.917969 -4.000000 0.815976 -1.554342 -5.739125
-0.779053 -0.919556 -4.000000 0.797938 -1.554342 -5.729869
-0.784790 -0.920776 -4.000000 0.742638 -1.542712 -5.711831
-0.783691 -0.913208 -4.000000 0.641293 -1.539389 -5.696167
-0.782593 -0.916870 -4.000000 0.514791 -1.575227 -5.703050
-0.785278 -0.916870 -4.000000 0.375710 -1.668977 -5.710170
-0.784668 -0.920654 -4.000000 0.232356 -1.834640 -5.715391
-0.783569 -0.916626 -4.000000 0.161154 -1.992946 -5.699015
-0.782593 -0.918945 -4.000000 0.223100 -2.059164 -5.638019
-0.787964 -0.919189 -4.000000 0.391611 -2.008136 -5.578921
-0.787964 -0.913818 -4.000000 0.570091 -1.871665 -5.484697
-0.783691 -0.923706 -4.000000 0.706087 -1.694610 -5.412545
-0.787964 -0.913330 -4.000000 0.732669 -1.578788 -5.364128
-0.789795 -0.917114 -4.000000 0.664315 -1.567395 -5.322593
-0.787598 -0.916992 -4.000000 0.578398 -1.636699 -5.307404
-0.792480 -0.916748 -4.000000 0.485598 -1.749435 -5.312150
-0.783813 -0.919189 -4.000000 0.446912 -1.849593 -5.318084
-0.790771 -0.917480 -4.000000 0.458304 -1.888042 -5.323543
-0.784302 -0.917114 -4.000000 0.462814 -1.871665 -5.329239
-0.782837 -0.919434 -4.000000 0.422703 -1.807584 -5.319033
-0.778931 -0.914429 -4.000000 0.393985 -1.718106 -5.303606
-0.786621 -0.918945 -4.000000 0.353637 -1.642632 -5.289128
-0.782959 -0.918823 -4.000000 0.292166 -1.604658 -5.279872
-0.778809 -0.920044 -4.000000 0.233780 -1.564072 -5.269666
-0.788086 -0.921509 -4.000000 0.203163 -1.624120 -5.286518
-0.781616 -0.916626 -4.000000 0.207435 -1.666366 -5.285568
-0.787842 -0.920288 -4.000000 0.220964 -1.637885 -5.279634
-0.786743 -0.922363 -4.000000 0.147151 -1.500228 -5.250916
-0.783325 -0.913696 -4.000000 0.115110 -1.435671 -5.236439
-0.784546 -0.922241 -4.000000 0.129588 -1.328631 -5.241898
-0.791504 -0.914551 -4.000000 0.164714 -1.210436 -5.273464
-0.777100 -0.922241 -4.000000 0.204587 -1.086781 -5.320457
-0.789185 -0.918335 -4.000000 0.244698 -1.008459 -5.386200
-0.785522 -0.914185 -4.000000 0.199128 -1.050468 -5.396881
-0.777954 -0.926880 -4.000000 0.017326 -1.160119 -5.412071
-0.787109 -0.916504 -4.000000 -0.186549 -1.247223 -5.486358
-0.776245 -0.911987 -4.000000 -0.322545 -1.323409 -5.582006
-0.781616 -0.910889 -4.000000 -0.393273 -1.401732 -5.650360
-0.781860 -0.915771 -4.000000 -0.443352 -1.448488 -5.688334
-0.778076 -0.914795 -4.000000 -0.469459 -1.431162 -5.713730
-0.789673 -0.916016 -4.000000 -0.465899 -1.406004 -5.734853
-0.782471 -0.912354 -4.000000 -0.418194 -1.367792 -5.741499
-0.784912 -0.926270 -4.000000 -0.373574 -1.336226 -5.739838
-0.790283 -0.916748 -4.000000 -0.349365 -1.321036 -5.736989
-0.784912 -0.918335 -4.000000 -0.325868 -1.333852 -5.730106
-0.781616 -0.916626 -4.000000 -0.307118 -1.344058 -5.730106
-0.786133 -0.920410 -4.000000 -0.300947 -1.350466 -5.743160
-0.789429 -0.914307 -4.000000 -0.330378 -1.349754 -5.766182
-0.782349 -0.918945 -4.000000 -0.357909 -1.369453 -5.785170
-0.779419 -0.912109 -4.000000 -0.375710 -1.395798 -5.804157
-0.783447 -0.917725 -4.000000 -0.382118 -1.419295 -5.825992
-0.787231 -0.923096 -4.000000 -0.386865 -1.420719 -5.839520
-0.780762 -0.915894 -4.000000 -0.373099 -1.418108 -5.835248
-0.781494 -0.912354 -4.000000 -0.357672 -1.415023 -5.832637
-0.792358 -0.919922 -4.000000 -0.337023 -1.407428 -5.836910
-0.791138 -0.916992 -4.000000 -0.325394 -1.390814 -5.832400
-0.784546 -0.920654 -4.000000 -0.325631 -1.387966 -5.821957
-0.789185 -0.922485 -4.000000 -0.337735 -1.394611 -5.836435
-0.783936 -0.911621 -4.000000 -0.345567 -1.394137 -5.852574
-0.792480 -0.922119 -4.000000 -0.354586 -1.387729 -5.853761
-0.786255 -0.918091 -4.000000 -0.356722 -1.377523 -5.852574
-0.781372 -0.919067 -4.000000 -0.356010 -1.363283 -5.849963
-0.779175 -0.916870 -4.000000 -0.354349 -1.358298 -5.853761
-0.788086 -0.916870 -4.000000 -0.350552 -1.357824 -5.843318
-0.787109 -0.912720 -4.000000 -0.348653 -1.350466 -5.826229
-0.782593 -0.916016 -4.000000 -0.355061 -1.347618 -5.822195
-0.785156 -0.913574 -4.000000 -0.361469 -1.359722 -5.819584
-0.778687 -0.920654 -4.000000 -0.359808 -1.365656 -5.826229
-0.785645 -0.915527 -4.000000 -0.355298 -1.366131 -5.810090
-0.789185 -0.919067 -4.000000 -0.363368 -1.367080 -5.818160
-0.776245 -0.920898 -4.000000 -0.356722 -1.360435 -5.818635
-0.781738 -0.920532 -4.000000 -0.357672 -1.357112 -5.819109
-0.780762 -0.918091 -4.000000 -0.351976 -1.356874 -5.819346
