-0.788574 -0.922974 -4.000000 -0.201502 -1.516842 -5.732717
-0.791626 -0.913452 -4.000000 -0.154034 -1.406004 -5.657718
-0.784058 -0.921631 -4.000000 -0.143591 -1.291843 -5.594110
-0.779907 -0.913818 -4.000000 -0.090189 -1.223964 -5.591025
-0.785889 -0.912354 -4.000000 -0.038924 -1.223727 -5.597908
-0.774902 -0.912720 -4.000000 -0.044620 -1.237255 -5.629949
-0.782837 -0.912598 -4.000000 -0.074288 -1.225151 -5.659142
-0.783447 -0.925659 -4.000000 -0.052452 -1.201891 -5.648461
-0.781982 -0.914429 -4.000000 -0.002136 -1.150151 -5.709695
-0.783691 -0.922729 -4.000000 0.059810 -1.162018 -5.750992
-0.786865 -0.916138 -4.000000 0.101819 -1.227761 -5.751942
-0.783203 -0.925781 -4.000000 0.138369 -1.274755 -5.727496
-0.783203 -0.916748 -4.000000 0.121993 -1.331242 -5.663177
-0.790405 -0.914185 -4.000000 0.155221 -1.367555 -5.613098
-0.786865 -0.913452 -4.000000 0.254429 -1.351416 -5.598382
-0.781616 -0.919678 -4.000000 0.336074 -1.303473 -5.563256
-0.784424 -0.924194 -4.000000 0.368589 -1.274517 -5.516737
-0.784668 -0.917969 -4.000000 0.322071 -1.300387 -5.458352
-0.783691 -0.917114 -4.000000 0.229745 -1.388203 -5.368400
-0.782104 -0.923218 -4.000000 0.111550 -1.516130 -5.240948
-0.785889 -0.917969 -4.000000 0.005459 -1.669926 -5.118955
-0.781494 -0.915039 -4.000000 -0.082357 -1.781951 -4.991504
-0.786133 -0.908691 -4.000000 -0.138844 -1.801887 -4.868087
-0.781738 -0.915771 -4.000000 -0.159493 -1.719530 -4.775049
-0.774292 -0.919556 -4.000000 -0.136471 -1.559800 -4.705983
-0.788940 -0.920532 -4.000000 -0.119857 -1.403156 -4.682724
-0.785889 -0.913330 -4.000000 -0.172784 -1.317951 -4.709069
-0.778809 -0.921631 -4.000000 -0.360045 -1.236543 -4.782644
-0.783936 -0.916870 -4.000000 -0.701578 -1.333615 -4.940950
-0.785156 -0.916138 -4.000000 -1.051180 -1.542949 -5.126550
-0.786621 -0.917603 -4.000000 -1.283062 -1.715496 -5.339682
-0.788818 -0.923462 -4.000000 -1.472934 -1.801413 -5.464285
-0.783447 -0.916016 -4.000000 -1.552680 -1.758692 -5.554000
-0.783081 -0.915894 -4.000000 -1.542475 -1.635749 -5.610250
-0.789429 -0.914307 -4.000000 -1.521589 -1.524911 -5.600756
-0.788330 -0.918091 -4.000000 -1.541525 -1.382270 -5.535488
-0.783447 -0.924194 -4.000000 -1.523250 -1.240340 -5.492054
-0.779175 -0.924072 -4.000000 -1.477918 -1.110278 -5.484934
-0.786621 -0.923584 -4.000000 -1.473883 -1.042636 -5.506057
-0.780640 -0.917725 -4.000000 -1.506161 -1.057826 -5.530266
-0.786987 -0.916016 -4.000000 -1.610591 -1.094139 -5.570614
-0.778687 -0.915527 -4.000000 -1.729499 -1.119297 -5.624490
-0.782227 -0.919678 -4.000000 -1.830131 -1.078237 -5.684774
-0.786987 -0.920654 -4.000000 -1.934323 -1.002051 -5.794663
-0.781372 -0.917725 -4.000000 -2.010035 -0.912573 -5.937067
-0.786865 -0.921753 -4.000000 -2.085747 -0.817163 -6.065468
-0.782227 -0.920166 -4.000000 -2.150778 -0.747859 -6.193395
-0.789795 -0.913208 -4.000000 -2.136300 -0.765660 -6.313726
-0.785767 -0.928101 -4.000000 -2.107819 -0.897621 -6.433108
-0.784180 -0.918457 -4.000000 -2.069133 -1.108854 -6.569342
-0.784424 -0.920166 -4.000000 -2.011934 -1.302761 -6.661430
-0.793213 -0.922607 -4.000000 -1.925067 -1.368979 -6.714356
-0.790161 -0.924927 -4.000000 -1.821349 -1.323172 -6.751144
-0.786865 -0.919312 -4.000000 -1.700543 -1.205689 -6.772742
-0.789917 -0.924072 -4.000000 -1.547696 -1.116211 -6.796239
-0.791138 -0.914185 -4.000000 -1.380134 -1.104107 -6.804783
-0.788086 -0.912109 -4.000000 -1.202129 -1.181005 -6.832552
-0.788208 -0.915405 -4.000000 -1.013206 -1.309169 -6.879546
-0.787231 -0.913330 -4.000000 -0.848491 -1.427364 -6.911824
-0.787109 -0.919312 -4.000000 -0.707037 -1.516367 -6.934608
-0.788574 -0.918945 -4.000000 -0.604506 -1.543187 -6.933897
-0.783081 -0.920776 -4.000000 -0.514554 -1.526335 -6.912299
-0.787964 -0.913818 -4.000000 -0.393748 -1.461541 -6.882393
-0.790161 -0.916138 -4.000000 -0.232831 -1.386542 -6.830179
-0.786133 -0.908813 -4.000000 -0.041535 -1.359248 -6.770607
-0.786621 -0.922729 -4.000000 0.137183 -1.381320 -6.698692
-0.782104 -0.918335 -4.000000 0.277925 -1.436858 -6.618709
-0.776978 -0.914795 -4.000000 0.393985 -1.489548 -6.557712
-0.781860 -0.921387 -4.000000 0.477529 -1.528709 -6.508820
-0.785400 -0.917480 -4.000000 0.539712 -1.586145 -6.459216
-0.787964 -0.914063 -4.000000 0.580297 -1.594215 -6.388251
-0.779541 -0.917480 -4.000000 0.606404 -1.578788 -6.328441
-0.787231 -0.914673 -4.000000 0.647227 -1.560275 -6.294027
-0.778198 -0.918701 -4.000000 0.690660 -1.577363 -6.248458
-0.778809 -0.921631 -4.000000 0.701341 -1.635512 -6.196955
-0.786743 -0.921631 -4.000000 0.721752 -1.714309 -6.120057
-0.784912 -0.920776 -4.000000 0.766846 -1.797378 -6.029155
-0.781616 -0.924683 -4.000000 0.864156 -1.853628 -5.918080
-0.780396 -0.918823 -4.000000 0.981877 -1.872378 -5.830027
-0.781128 -0.922729 -4.000000 1.101734 -1.845321 -5.745296
-0.787842 -0.919678 -4.000000 1.210198 -1.777441 -5.644189
-0.783569 -0.914673 -4.000000 1.288995 -1.690100 -5.577734
-0.789429 -0.919800 -4.000000 1.282587 -1.592079 -5.513889
-0.787109 -0.910522 -4.000000 1.214233 -1.572617 -5.480899
-0.781128 -0.913696 -4.000000 1.081797 -1.722378 -5.462862
-0.785522 -0.923096 -4.000000 0.839710 -2.010272 -5.455504
-0.782715 -0.928589 -4.000000 0.567481 -2.285350 -5.459064
-0.778198 -0.914063 -4.000000 0.400868 -2.443181 -5.438415
-0.783325 -0.911133 -4.000000 0.378083 -2.458845 -5.359381
-0.786499 -0.914307 -4.000000 0.428637 -2.357738 -5.249018
-0.783569 -0.922607 -4.000000 0.558462 -2.194686 -5.114446
-0.783447 -0.914551 -4.000000 0.781324 -2.005763 -5.022358
-0.784302 -0.917358 -4.000000 0.975943 -1.847219 -4.932643
-0.789551 -0.919067 -4.000000 1.103632 -1.693898 -4.877818
-0.783813 -0.919189 -4.000000 1.109091 -1.579025 -4.857644
-0.784424 -0.911255 -4.000000 0.991845 -1.527522 -4.884700
-0.785522 -0.919189 -4.000000 0.814077 -1.504737 -4.950681
-0.787231 -0.918457 -4.000000 0.598098 -1.529421 -5.062468
-0.777954 -0.920410 -4.000000 0.373099 -1.603234 -5.186597
-0.783081 -0.919067 -4.000000 0.169936 -1.667553 -5.317609
-0.780518 -0.922241 -4.000000 0.058623 -1.716208 -5.402577
-0.790283 -0.916260 -4.000000 0.009256 -1.732109 -5.460013
-0.788696 -0.909424 -4.000000 -0.018038 -1.684167 -5.484697
-0.781128 -0.913818 -4.000000 0.005934 -1.646192 -5.496563
-0.781494 -0.919312 -4.000000 -0.039636 -1.462965 -5.451469
-0.785034 -0.914917 -4.000000 -0.129825 -1.391763 -5.445536
-0.785278 -0.909546 -4.000000 -0.038212 -1.406241 -5.482798
-0.780029 -0.927368 -4.000000 0.030854 -1.253869 -5.471880
-0.782593 -0.915527 -4.000000 -0.091613 -1.136623 -5.476390
-0.786987 -0.916992 -4.000000 -0.093037 -1.213996 -5.500124
-0.779785 -0.911499 -4.000000 -0.086155 -1.267160 -5.577022
-0.784668 -0.914307 -4.000000 -0.262498 -1.273568 -5.623066
-0.784790 -0.919556 -4.000000 -0.439792 -1.340973 -5.651309
-0.777710 -0.919067 -4.000000 -0.483462 -1.409564 -5.685724
-0.783936 -0.917480 -4.000000 -0.440266 -1.395324 -5.707085
-0.777100 -0.916016 -4.000000 -0.401342 -1.332428 -5.709695
-0.778931 -0.909790 -4.000000 -0.404191 -1.277365 -5.714205
-0.787598 -0.919434 -4.000000 -0.391137 -1.234882 -5.720613
-0.782593 -0.918213 -4.000000 -0.403953 -1.233695 -5.712306
-0.786011 -0.928955 -4.000000 -0.416532 -1.272144 -5.743398
-0.788086 -0.915771 -4.000000 -0.405377 -1.315577 -5.773777
-0.785889 -0.915161 -4.000000 -0.406089 -1.349992 -5.806530
-0.790894 -0.916626 -4.000000 -0.424127 -1.384643 -5.836197
-0.785522 -0.922119 -4.000000 -0.438605 -1.392001 -5.851862
-0.782349 -0.912842 -4.000000 -0.444776 -1.376336 -5.852574
-0.782837 -0.912231 -4.000000 -0.432434 -1.345957 -5.844267
-0.776733 -0.918091 -4.000000 -0.415108 -1.316052 -5.849251
-0.790894 -0.918579 -4.000000 -0.395172 -1.322697 -5.848064
-0.785645 -0.909546 -4.000000 -0.380219 -1.349042 -5.852337
-0.782104 -0.916504 -4.000000 -0.381881 -1.360672 -5.847115
-0.783936 -0.915405 -4.000000 -0.369776 -1.358061 -5.839995
-0.788940 -0.918213 -4.000000 -0.342245 -1.347143 -5.825280
-0.788208 -0.924438 -4.000000 -0.334887 -1.320561 -5.807954
-0.783447 -0.917358 -4.000000 -0.344855 -1.293505 -5.797274
-0.783936 -0.917847 -4.000000 -0.343906 -1.282824 -5.789916
-0.780762 -0.917358 -4.000000 -0.321359 -1.280688 -5.783745
-0.787598 -0.919678 -4.000000 -0.299049 -1.284011 -5.778761
-0.784546 -0.919556 -4.000000 -0.296438 -1.299201 -5.778761
-0.777100 -0.913330 -4.000000 -0.314476 -1.318663 -5.783271
-0.780396 -0.914673 -4.000000 -0.340346 -1.334564 -5.790154
-0.786133 -0.918945 -4.000000 -0.350314 -1.340498 -5.800122
-0.786499 -0.917236 -4.000000 -0.342957 -1.333140 -5.806530
-0.787476 -0.913330 -4.000000 -0.315663 -1.326257 -5.811039
-0.786865 -0.924438 -4.000000 -0.292878 -1.343821 -5.820770
-0.781372 -0.918091 -4.000000 -0.276264 -1.375387 -5.825517
-0.788452 -0.917114 -4.000000 -0.266296 -1.401732 -5.825992
-0.786011 -0.917114 -4.000000 -0.260837 -1.394611 -5.817685
-0.784546 -0.919678 -4.000000 -0.262261 -1.371115 -5.794900
-0.784912 -0.921753 -4.000000 -0.277451 -1.355213 -5.795375
-0.783081 -0.913452 -4.000000 -0.290030 -1.362096 -5.791815
