-0.786377 -0.918213 -4.000000 -0.390187 -1.501652 -5.844979
-0.783936 -0.922363 -4.000000 -0.414159 -1.538202 -5.866577
-0.784546 -0.913330 -4.000000 -0.402292 -1.560038 -5.860644
-0.784302 -0.910645 -4.000000 -0.377608 -1.539864 -5.862780
-0.787842 -0.916870 -4.000000 -0.316375 -1.510908 -5.851150
-0.792480 -0.917358 -4.000000 -0.265584 -1.492396 -5.851150
-0.784546 -0.920776 -4.000000 -0.239002 -1.486462 -5.850201
-0.789429 -0.916626 -4.000000 -0.196518 -1.476019 -5.847590
-0.792725 -0.923096 -4.000000 -0.132911 -1.448962 -5.864441
-0.783813 -0.920532 -4.000000 -0.063133 -1.445165 -5.856371
-0.778809 -0.912720 -4.000000 0.013766 -1.420719 -5.864916
-0.781006 -0.919800 -4.000000 0.098259 -1.392950 -5.882004
-0.781372 -0.924316 -4.000000 0.191296 -1.364944 -5.906925
-0.785156 -0.913940 -4.000000 0.276501 -1.343583 -5.952257
-0.786011 -0.916626 -4.000000 0.352688 -1.356874 -6.001149
-0.783325 -0.910889 -4.000000 0.426026 -1.414785 -6.041972
-0.785522 -0.918335 -4.000000 0.485836 -1.471035 -6.056449
-0.787231 -0.915161 -4.000000 0.506009 -1.495481 -6.075912
-0.782471 -0.912231 -4.000000 0.446200 -1.501415 -6.139993
-0.781250 -0.916260 -4.000000 0.333226 -1.471985 -6.201227
-0.781372 -0.926025 -4.000000 0.195094 -1.404580 -6.250594
-0.786499 -0.920532 -4.000000 0.049367 -1.309644 -6.307081
-0.785522 -0.915649 -4.000000 -0.141455 -1.234644 -6.377571
-0.781616 -0.911865 -4.000000 -0.332039 -1.193584 -6.438330
-0.785767 -0.909790 -4.000000 -0.523335 -1.206875 -6.509058
-0.789307 -0.923828 -4.000000 -0.689948 -1.272144 -6.574800
-0.786011 -0.923340 -4.000000 -0.829742 -1.342871 -6.631762
-0.790039 -0.918213 -4.000000 -0.941766 -1.401969 -6.667838
-0.780762 -0.916260 -4.000000 -1.045247 -1.434485 -6.706287
-0.782227 -0.921875 -4.000000 -1.149439 -1.429975 -6.710084
-0.791260 -0.915894 -4.000000 -1.232508 -1.355688 -6.691335
-0.786987 -0.912964 -4.000000 -1.305372 -1.218505 -6.656920
-0.785522 -0.915649 -4.000000 -1.379422 -1.092715 -6.636984
-0.785400 -0.917358 -4.000000 -1.443029 -1.002763 -6.630338
-0.786743 -0.916382 -4.000000 -1.496193 -0.978554 -6.627728
-0.787598 -0.913818 -4.000000 -1.588044 -1.021038 -6.622743
-0.782104 -0.914917 -4.000000 -1.684404 -1.114787 -6.623218
-0.782227 -0.914673 -4.000000 -1.802362 -1.215894 -6.591177
-0.788330 -0.916382 -4.000000 -1.903944 -1.310356 -6.561035
-0.790894 -0.917603 -4.000000 -1.989861 -1.345482 -6.497427
-0.781738 -0.917480 -4.000000 -2.044212 -1.298014 -6.404153
-0.786133 -0.920898 -4.000000 -2.053943 -1.187413 -6.297350
-0.788208 -0.919189 -4.000000 -2.039940 -1.068269 -6.191971
-0.789551 -0.922852 -4.000000 -2.019766 -0.984250 -6.110800
-0.783569 -0.919312 -4.000000 -1.959481 -0.930611 -6.035563
-0.772827 -0.913696 -4.000000 -1.865257 -0.879583 -5.975279
-0.780273 -0.914795 -4.000000 -1.785986 -0.857748 -5.926624
-0.783081 -0.921387 -4.000000 -1.739704 -0.874124 -5.890074
-0.783813 -0.917603 -4.000000 -1.720480 -0.938681 -5.862542
-0.783081 -0.915161 -4.000000 -1.716208 -1.004661 -5.780660
-0.785156 -0.914673 -4.000000 -1.712885 -1.048569 -5.667686
-0.786987 -0.915283 -4.000000 -1.680607 -1.024835 -5.525044
-0.780640 -0.917969 -4.000000 -1.630290 -0.954583 -5.366264
-0.781372 -0.914795 -4.000000 -1.584484 -0.891925 -5.238812
-0.784790 -0.917969 -4.000000 -1.554342 -0.916608 -5.153607
-0.783081 -0.917358 -4.000000 -1.524437 -1.033142 -5.113734
-0.781006 -0.913208 -4.000000 -1.500465 -1.212809 -5.110411
-0.781982 -0.916870 -4.000000 -1.436621 -1.442080 -5.143639
-0.787109 -0.913574 -4.000000 -1.341447 -1.651414 -5.188021
-0.782104 -0.920654 -4.000000 -1.227287 -1.783375 -5.202499
-0.786011 -0.917114 -4.000000 -1.117161 -1.849118 -5.179240
-0.787964 -0.916748 -4.000000 -0.983538 -1.851729 -5.158116
-0.790649 -0.919312 -4.000000 -0.859409 -1.839625 -5.107563
-0.782227 -0.915161 -4.000000 -0.713445 -1.796903 -5.078845
-0.781982 -0.921265 -4.000000 -0.547781 -1.751809 -5.055585
-0.784302 -0.920288 -4.000000 -0.396596 -1.750147 -5.055823
-0.788086 -0.920532 -4.000000 -0.321596 -1.747062 -5.047753
-0.784302 -0.919922 -4.000000 -0.309966 -1.752521 -5.097832
-0.785034 -0.919678 -4.000000 -0.336786 -1.796429 -5.180189
-0.784180 -0.918823 -4.000000 -0.370488 -1.820875 -5.224572
-0.781982 -0.917969 -4.000000 -0.445013 -1.781476 -5.250442
-0.779175 -0.916138 -4.000000 -0.435045 -1.776255 -5.332561
-0.782104 -0.922241 -4.000000 -0.496516 -1.739704 -5.298147
-0.781860 -0.916992 -4.000000 -0.470646 -1.890178 -5.364365
-0.783691 -0.917725 -4.000000 -0.278163 -2.093816 -5.402102
-0.781006 -0.912476 -4.000000 -0.011630 -2.230524 -5.437703
-0.781860 -0.913696 -4.000000 0.323020 -2.213435 -5.420852
-0.787109 -0.908325 -4.000000 0.610677 -2.107107 -5.387862
-0.792847 -0.914185 -4.000000 0.832352 -1.987013 -5.371723
-0.787476 -0.921143 -4.000000 1.049281 -1.876887 -5.395219
-0.791626 -0.918335 -4.000000 1.220166 -1.698644 -5.484934
-0.786621 -0.916504 -4.000000 1.258141 -1.546747 -5.581769
-0.786499 -0.911743 -4.000000 1.206875 -1.481478 -5.649886
-0.784424 -0.915283 -4.000000 1.030532 -1.546509 -5.674806
-0.776978 -0.921753 -4.000000 0.815027 -1.719293 -5.719664
-0.787109 -0.918213 -4.000000 0.736230 -1.904893 -5.789679
-0.781250 -0.915527 -4.000000 0.788444 -2.016443 -5.849251
-0.784058 -0.918335 -4.000000 0.908064 -2.030209 -5.897669
-0.784912 -0.915527 -4.000000 1.036702 -1.986301 -5.926149
-0.781860 -0.916748 -4.000000 1.087493 -1.912725 -5.931608
-0.781250 -0.914673 -4.000000 1.047145 -1.803786 -5.926862
-0.788696 -0.915771 -4.000000 0.998965 -1.604658 -5.912621
-0.779907 -0.915894 -4.000000 0.930849 -1.387254 -5.917843
-0.783447 -0.915161 -4.000000 0.852526 -1.257666 -5.969108
-0.784912 -0.913086 -4.000000 0.778001 -1.235356 -6.036987
-0.787109 -0.915649 -4.000000 0.681404 -1.294454 -6.119107
-0.782471 -0.919067 -4.000000 0.575788 -1.370878 -6.203838
-0.778809 -0.917725 -4.000000 0.435519 -1.406004 -6.285245
-0.781006 -0.908936 -4.000000 0.271517 -1.419295 -6.360720
-0.780640 -0.910034 -4.000000 0.048655 -1.397460 -6.419580
-0.784180 -0.912231 -4.000000 -0.164239 -1.302049 -6.461827
-0.780762 -0.915649 -4.000000 -0.363605 -1.177920 -6.473456
-0.780396 -0.920654 -4.000000 -0.478003 -1.071117 -6.513567
-0.783203 -0.919678 -4.000000 -0.521674 -1.037414 -6.548931
-0.783569 -0.910156 -4.000000 -0.523335 -1.116923 -6.576937
-0.783081 -0.919067 -4.000000 -0.540899 -1.260277 -6.604705
-0.787964 -0.916504 -4.000000 -0.581958 -1.312966 -6.606604
-0.786499 -0.922485 -4.000000 -0.667876 -1.366605 -6.630338
-0.787109 -0.915527 -4.000000 -0.674996 -1.380134 -6.635323
-0.788330 -0.918701 -4.000000 -0.699442 -1.397697 -6.593313
-0.784912 -0.915283 -4.000000 -0.767084 -1.402206 -6.520212
-0.782227 -0.914063 -4.000000 -0.834726 -1.382270 -6.460402
-0.780151 -0.920410 -4.000000 -0.844931 -1.353314 -6.394897
-0.783691 -0.915405 -4.000000 -0.788682 -1.286859 -6.312540
-0.786987 -0.917114 -4.000000 -0.706087 -1.205926 -6.227809
-0.789429 -0.912354 -4.000000 -0.599522 -1.148727 -6.137383
-0.784424 -0.914185 -4.000000 -0.524522 -1.140657 -6.074250
-0.787231 -0.913208 -4.000000 -0.510519 -1.186939 -6.034140
-0.788330 -0.915161 -4.000000 -0.532829 -1.235356 -6.029867
-0.783569 -0.917358 -4.000000 -0.564158 -1.268584 -6.031291
-0.783447 -0.916626 -4.000000 -0.577449 -1.296353 -6.037462
-0.786133 -0.916016 -4.000000 -0.567006 -1.324359 -6.028681
-0.786255 -0.919556 -4.000000 -0.540186 -1.339074 -6.017526
-0.783447 -0.911987 -4.000000 -0.501263 -1.340498 -5.994266
-0.789307 -0.918579 -4.000000 -0.479902 -1.350466 -5.981213
-0.794189 -0.921265 -4.000000 -0.480614 -1.354738 -5.957241
-0.788208 -0.918579 -4.000000 -0.495804 -1.361384 -5.933982
-0.788330 -0.919800 -4.000000 -0.508383 -1.360435 -5.923776
-0.784790 -0.917725 -4.000000 -0.502212 -1.359010 -5.924488
-0.784546 -0.910034 -4.000000 -0.493193 -1.368504 -5.913570
-0.776855 -0.915894 -4.000000 -0.480139 -1.384406 -5.911909
-0.785889 -0.918457 -4.000000 -0.447386 -1.392950 -5.890549
-0.781006 -0.917725 -4.000000 -0.412735 -1.385830 -5.876308
-0.785400 -0.920532 -4.000000 -0.387339 -1.374675 -5.851388
-0.791016 -0.922241 -4.000000 -0.384966 -1.387729 -5.836910
-0.784424 -0.921509 -4.000000 -0.390425 -1.416447 -5.822906
-0.777466 -0.924316 -4.000000 -0.380219 -1.417634 -5.816736
-0.781616 -0.921997 -4.000000 -0.365979 -1.409801 -5.805818
-0.786743 -0.916504 -4.000000 -0.363843 -1.381795 -5.810090
-0.784668 -0.916870 -4.000000 -0.383542 -1.359960 -5.810328
-0.781860 -0.920166 -4.000000 -0.386865 -1.330530 -5.817923
-0.778809 -0.914429 -4.000000 -0.382355 -1.308694 -5.827416
-0.778198 -0.914307 -4.000000 -0.379507 -1.312492 -5.831688
-0.786377 -0.913330 -4.000000 -0.382830 -1.340735 -5.832875
-0.785156 -0.919067 -4.000000 -0.382355 -1.362333 -5.848539
-0.788330 -0.911011 -4.000000 -0.375710 -1.371115 -5.857083
-0.785156 -0.915039 -4.000000 -0.376422 -1.390814 -5.871562
-0.782593 -0.915283 -4.000000 -0.373574 -1.414073 -5.880580
-0.784546 -0.917969 -4.000000 -0.360283 -1.415497 -5.879631
-0.781372 -0.916504 -4.000000 -0.346517 -1.396510 -5.869663
