-0.787476 -0.919922 -4.000000 -0.041060 -1.452285 -5.624490
-0.778320 -0.919434 -4.000000 -0.040823 -1.470086 -5.597433
-0.778442 -0.918579 -4.000000 -0.063370 -1.524674 -5.533114
-0.783936 -0.920410 -4.000000 -0.042484 -1.533456 -5.511516
-0.780884 -0.915527 -4.000000 -0.060284 -1.542000 -5.483273
-0.781860 -0.919312 -4.000000 0.004984 -1.549357 -5.467608
-0.781616 -0.913452 -4.000000 0.066455 -1.566208 -5.480424
-0.790649 -0.914185 -4.000000 0.102768 -1.599674 -5.463336
-0.787720 -0.922607 -4.000000 0.079984 -1.650939 -5.414207
-0.779175 -0.912476 -4.000000 0.032990 -1.713122 -5.336122
-0.791260 -0.918335 -4.000000 0.014952 -1.767710 -5.238338
-0.780029 -0.918213 -4.000000 -0.001424 -1.800463 -5.163575
-0.778564 -0.914673 -4.000000 -0.006171 -1.789783 -5.063417
-0.785034 -0.919800 -4.000000 -0.030142 -1.733059 -4.964921
-0.781616 -0.913696 -4.000000 -0.054114 -1.623170 -4.890397
-0.779907 -0.915771 -4.000000 -0.045095 -1.489548 -4.809464
-0.788574 -0.918823 -4.000000 -0.048180 -1.349517 -4.770065
-0.781494 -0.916016 -4.000000 -0.092088 -1.262413 -4.768404
-0.787231 -0.909424 -4.000000 -0.234730 -1.232745 -4.814210
-0.783936 -0.917969 -4.000000 -0.450947 -1.244612 -4.885175
-0.793823 -0.911011 -4.000000 -0.674758 -1.282587 -5.012864
-0.781494 -0.915283 -4.000000 -0.881719 -1.324596 -5.142927
-0.782471 -0.917236 -4.000000 -1.062098 -1.357586 -5.243796
-0.780884 -0.918945 -4.000000 -1.232508 -1.346669 -5.315711
-0.787598 -0.916382 -4.000000 -1.363045 -1.262413 -5.369824
-0.786499 -0.915527 -4.000000 -1.473171 -1.094851 -5.440077
-0.783936 -0.917725 -4.000000 -1.561699 -0.904029 -5.514364
-0.783203 -0.918701 -4.000000 -1.681319 -0.759489 -5.583668
-0.784912 -0.915161 -4.000000 -1.814704 -0.681641 -5.651547
-0.779419 -0.919678 -4.000000 -1.895637 -0.712970 -5.707797
-0.778320 -0.915771 -4.000000 -1.933137 -0.862969 -5.779236
-0.783813 -0.918701 -4.000000 -1.952361 -1.071117 -5.899568
-0.779785 -0.920288 -4.000000 -1.942156 -1.269058 -6.043396
-0.782959 -0.924438 -4.000000 -1.941681 -1.385118 -6.136196
-0.785889 -0.913574 -4.000000 -1.953785 -1.399833 -6.211670
-0.787109 -0.911743 -4.000000 -1.931001 -1.312492 -6.291891
-0.787109 -0.914063 -4.000000 -1.865257 -1.165341 -6.384454
-0.783936 -0.914673 -4.000000 -1.800226 -1.034566 -6.462539
-0.777832 -0.910767 -4.000000 -1.750859 -0.970959 -6.542285
-0.784424 -0.919800 -4.000000 -1.706951 -0.982826 -6.607079
-0.774902 -0.912964 -4.000000 -1.628866 -1.036228 -6.665227
-0.780396 -0.915894 -4.000000 -1.518978 -1.108379 -6.684927
-0.789429 -0.917725 -4.000000 -1.404817 -1.182429 -6.665939
-0.779785 -0.923706 -4.000000 -1.252445 -1.221590 -6.633898
-0.784058 -0.920654 -4.000000 -1.063047 -1.230135 -6.582870
-0.782959 -0.912964 -4.000000 -0.847542 -1.250546 -6.541810
-0.789429 -0.918335 -4.000000 -0.632037 -1.297777 -6.510481
-0.781372 -0.912354 -4.000000 -0.434807 -1.346669 -6.501225
-0.786743 -0.922119 -4.000000 -0.248258 -1.381558 -6.482950
-0.782104 -0.920654 -4.000000 -0.088053 -1.420007 -6.476542
-0.787964 -0.920044 -4.000000 0.037974 -1.467475 -6.460640
-0.786865 -0.920776 -4.000000 0.105854 -1.508535 -6.436906
-0.789307 -0.917969 -4.000000 0.151660 -1.535354 -6.404865
-0.786255 -0.918945 -4.000000 0.208859 -1.568819 -6.374485
-0.778809 -0.911621 -4.000000 0.277925 -1.628629 -6.337461
-0.784302 -0.918823 -4.000000 0.335836 -1.714072 -6.292840
-0.782715 -0.918335 -4.000000 0.388526 -1.794293 -6.228996
-0.785767 -0.919800 -4.000000 0.458779 -1.854102 -6.149012
-0.784546 -0.918213 -4.000000 0.527607 -1.906792 -6.072114
-0.783936 -0.921997 -4.000000 0.623730 -1.958769 -5.996165
-0.784546 -0.918213 -4.000000 0.708698 -2.016680 -5.934931
-0.785522 -0.919556 -4.000000 0.792005 -2.073879 -5.870137
-0.772705 -0.921265 -4.000000 0.886703 -2.148167 -5.805818
-0.779785 -0.919678 -4.000000 0.954108 -2.219369 -5.731531
-0.785156 -0.923096 -4.000000 1.040974 -2.256157 -5.631373
-0.789551 -0.918335 -4.000000 1.138047 -2.256394 -5.546642
-0.785522 -0.916870 -4.000000 1.161306 -2.253071 -5.486358
-0.780273 -0.921387 -4.000000 1.118110 -2.264464 -5.446485
-0.782471 -0.916504 -4.000000 1.071117 -2.284163 -5.406137
-0.788330 -0.915894 -4.000000 1.058063 -2.301014 -5.366264
-0.785767 -0.914429 -4.000000 0.997304 -2.288672 -5.343479
-0.787598 -0.921875 -4.000000 0.894061 -2.241679 -5.333511
-0.795044 -0.922852 -4.000000 0.807194 -2.163357 -5.330663
-0.785767 -0.919678 -4.000000 0.735992 -2.091443 -5.309777
-0.779541 -0.916504 -4.000000 0.691372 -2.041126 -5.276549
-0.777222 -0.919434 -4.000000 0.671436 -1.959481 -5.243559
-0.788452 -0.916870 -4.000000 0.674996 -1.836539 -5.229556
-0.785889 -0.920410 -4.000000 0.687812 -1.719768 -5.205585
-0.789185 -0.914185 -4.000000 0.688524 -1.642632 -5.206296
-0.782959 -0.918823 -4.000000 0.643430 -1.638123 -5.197040
-0.788940 -0.916748 -4.000000 0.557512 -1.673249 -5.216265
-0.784180 -0.920898 -4.000000 0.503636 -1.668502 -5.235727
-0.783203 -0.915039 -4.000000 0.506484 -1.605132 -5.240711
-0.779419 -0.917480 -4.000000 0.471832 -1.538202 -5.238812
-0.785034 -0.916748 -4.000000 0.341058 -1.498092 -5.252578
-0.781860 -0.907959 -4.000000 0.154983 -1.444216 -5.256850
-0.779541 -0.922363 -4.000000 -0.044857 -1.444216 -5.318321
-0.785156 -0.921143 -4.000000 -0.102056 -1.354264 -5.343717
-0.786987 -0.921875 -4.000000 -0.181565 -1.193347 -5.363891
-0.789673 -0.917725 -4.000000 -0.311153 -1.132113 -5.384064
-0.784180 -0.911377 -4.000000 -0.452845 -1.191686 -5.420377
-0.785645 -0.916992 -4.000000 -0.470883 -1.264074 -5.438415
-0.783325 -0.918457 -4.000000 -0.424364 -1.289232 -5.471880
-0.785156 -0.922241 -4.000000 -0.356010 -1.241527 -5.520772
-0.790405 -0.917969 -4.000000 -0.319460 -1.154423 -5.556848
-0.780396 -0.917847 -4.000000 -0.344855 -1.120958 -5.594348
-0.782471 -0.917969 -4.000000 -0.395172 -1.157509 -5.636832
-0.785034 -0.919556 -4.000000 -0.451184 -1.209723 -5.679553
-0.779175 -0.922241 -4.000000 -0.477766 -1.233695 -5.728445
-0.776001 -0.920654 -4.000000 -0.470883 -1.229897 -5.757638
-0.788208 -0.919312 -4.000000 -0.467323 -1.229897 -5.779948
-0.790405 -0.920776 -4.000000 -0.490820 -1.242239 -5.809378
-0.779785 -0.920776 -4.000000 -0.499127 -1.255293 -5.837384
-0.775146 -0.917847 -4.000000 -0.488921 -1.254106 -5.857321
-0.781860 -0.914917 -4.000000 -0.457117 -1.248173 -5.869425
-0.786621 -0.913818 -4.000000 -0.421991 -1.256242 -5.881055
-0.788818 -0.914185 -4.000000 -0.394934 -1.289232 -5.886514
-0.791138 -0.920532 -4.000000 -0.394460 -1.335514 -5.882954
-0.779907 -0.920532 -4.000000 -0.378558 -1.351653 -5.873460
-0.791504 -0.919312 -4.000000 -0.352213 -1.341922 -5.868238
-0.782471 -0.921021 -4.000000 -0.323969 -1.329343 -5.863729
-0.785522 -0.915161 -4.000000 -0.291454 -1.343109 -5.867527
-0.790405 -0.911865 -4.000000 -0.273179 -1.394849 -5.884615
-0.787231 -0.919189 -4.000000 -0.261074 -1.452523 -5.888412
-0.781616 -0.919678 -4.000000 -0.251106 -1.495244 -5.886276
-0.785645 -0.915527 -4.000000 -0.235442 -1.519215 -5.873460
-0.779053 -0.919922 -4.000000 -0.210046 -1.518503 -5.867764
-0.782715 -0.910156 -4.000000 -0.186312 -1.501177 -5.859931
-0.784668 -0.911621 -4.000000 -0.168274 -1.492633 -5.844504
-0.786377 -0.921753 -4.000000 -0.168512 -1.485988 -5.839758
-0.786499 -0.923340 -4.000000 -0.164477 -1.454184 -5.818872
-0.782715 -0.922485 -4.000000 -0.158306 -1.413836 -5.803207
-0.785278 -0.918213 -4.000000 -0.161154 -1.383694 -5.797986
-0.788818 -0.919434 -4.000000 -0.195568 -1.360197 -5.792052
-0.785889 -0.919556 -4.000000 -0.237578 -1.335989 -5.798223
-0.785034 -0.919189 -4.000000 -0.262736 -1.328631 -5.797749
-0.787964 -0.925049 -4.000000 -0.282672 -1.326495 -5.803445
-0.783081 -0.919922 -4.000000 -0.307356 -1.331242 -5.801783
-0.784790 -0.910278 -4.000000 -0.321359 -1.337412 -5.806767
-0.782593 -0.914185 -4.000000 -0.329666 -1.328631 -5.797511
-0.787354 -0.919434 -4.000000 -0.316612 -1.310118 -5.797511
-0.787720 -0.913330 -4.000000 -0.301422 -1.290182 -5.792290
-0.784546 -0.914063 -4.000000 -0.302134 -1.278552 -5.783508
-0.788208 -0.917358 -4.000000 -0.314951 -1.279739 -5.781372
-0.778809 -0.915771 -4.000000 -0.340821 -1.282824 -5.781135
-0.782593 -0.915771 -4.000000 -0.358384 -1.283299 -5.797274
-0.784668 -0.924438 -4.000000 -0.373099 -1.286384 -5.809141
-0.785645 -0.922241 -4.000000 -0.386627 -1.290182 -5.815549
-0.784180 -0.913940 -4.000000 -0.400156 -1.284011 -5.818397
-0.786499 -0.924072 -4.000000 -0.408700 -1.279976 -5.828365
-0.786865 -0.915283 -4.000000 -0.420092 -1.276179 -5.830502
-0.786255 -0.914551 -4.000000 -0.427925 -1.268346 -5.844504
-0.779297 -0.917114 -4.000000 -0.436943 -1.262888 -5.845929
-0.779663 -0.916626 -4.000000 -0.438368 -1.276416 -5.849726
-0.782227 -0.919556 -4.000000 -0.431722 -1.295166 -5.842606
-0.785156 -0.914429 -4.000000 -0.440266 -1.314153 -5.840470
-0.780518 -0.918823 -4.000000 -0.433858 -1.322460 -5.838571
-0.781860 -0.920532 -4.000000 -0.428874 -1.319137 -5.829552
-0.785156 -0.912842 -4.000000 -0.417482 -1.317239 -5.830739
-0.781128 -0.916382 -4.000000 -0.404665 -1.311305 -5.833587
