-0.786743 -0.917236 -4.000000 0.156407 -1.320087 -5.594348
-0.784302 -0.919800 -4.000000 0.158306 -1.307270 -5.605978
-0.778564 -0.917969 -4.000000 0.162815 -1.342159 -5.601468
-0.791992 -0.919556 -4.000000 0.191534 -1.367317 -5.616658
-0.780762 -0.918579 -4.000000 0.230695 -1.429975 -5.636594
-0.781250 -0.916748 -4.000000 0.267720 -1.537253 -5.661515
-0.790527 -0.920776 -4.000000 0.286707 -1.668977 -5.682164
-0.786499 -0.922119 -4.000000 0.272229 -1.815416 -5.670772
-0.791016 -0.921997 -4.000000 0.176106 -1.960431 -5.633984
-0.785400 -0.921631 -4.000000 0.063370 -2.070794 -5.566104
-0.775635 -0.922607 -4.000000 -0.007595 -2.120398 -5.474729
-0.788208 -0.913818 -4.000000 -0.030380 -2.115889 -5.392846
-0.788818 -0.919556 -4.000000 -0.003323 -2.052756 -5.323543
-0.784546 -0.918579 -4.000000 0.070015 -1.947377 -5.225046
-0.782104 -0.921753 -4.000000 0.129825 -1.840811 -5.105427
-0.786377 -0.917725 -4.000000 0.158306 -1.754182 -4.978924
-0.788208 -0.923584 -4.000000 0.158781 -1.677284 -4.866425
-0.789185 -0.918823 -4.000000 0.081408 -1.581398 -4.772913
-0.780151 -0.918213 -4.000000 -0.095173 -1.501889 -4.728768
-0.782837 -0.919434 -4.000000 -0.344855 -1.444690 -4.765555
-0.787231 -0.917358 -4.000000 -0.666689 -1.465339 -4.882327
-0.782593 -0.919922 -4.000000 -1.128790 -1.636224 -5.016187
-0.782349 -0.916626 -4.000000 -1.665891 -1.906080 -5.145775
-0.783813 -0.917358 -4.000000 -2.126806 -2.136300 -5.210568
-0.786133 -0.915039 -4.000000 -2.381235 -2.138436 -5.205585
-0.782104 -0.913330 -4.000000 -2.398324 -1.882346 -5.125363
-0.779175 -0.913086 -4.000000 -2.252359 -1.449437 -5.033988
-0.781372 -0.918335 -4.000000 -2.001253 -0.918270 -4.982485
-0.785156 -0.917236 -4.000000 -1.823485 -0.445488 -5.007405
-0.786133 -0.920532 -4.000000 -1.736144 -0.186549 -5.137942
-0.790039 -0.921021 -4.000000 -1.738518 -0.173970 -5.333273
-0.784668 -0.919067 -4.000000 -1.803549 -0.313052 -5.530741
-0.786499 -0.922241 -4.000000 -1.876887 -0.528082 -5.702812
-0.787354 -0.916870 -4.000000 -2.017155 -0.834488 -5.895295
-0.784180 -0.912598 -4.000000 -2.144607 -1.145167 -6.064519
-0.782837 -0.922852 -4.000000 -2.205129 -1.321985 -6.211432
-0.789795 -0.918457 -4.000000 -2.191838 -1.301337 -6.298062
-0.789063 -0.922119 -4.000000 -2.144607 -1.169138 -6.337461
-0.790771 -0.918823 -4.000000 -2.100224 -1.002525 -6.400118
-0.791260 -0.920654 -4.000000 -2.023801 -0.867479 -6.480339
-0.785156 -0.914795 -4.000000 -1.939070 -0.825469 -6.558424
-0.790405 -0.922363 -4.000000 -1.867631 -0.845643 -6.628439
-0.787842 -0.920654 -4.000000 -1.796666 -0.904029 -6.670923
-0.778564 -0.923584 -4.000000 -1.715021 -1.000389 -6.706287
-0.786743 -0.918335 -4.000000 -1.606556 -1.101259 -6.731682
-0.786865 -0.913330 -4.000000 -1.475307 -1.204265 -6.741176
-0.782837 -0.910034 -4.000000 -1.316764 -1.266448 -6.713882
-0.788086 -0.922241 -4.000000 -1.091291 -1.246986 -6.654547
-0.786865 -0.915894 -4.000000 -0.807194 -1.165341 -6.580971
-0.787354 -0.920898 -4.000000 -0.514079 -1.086781 -6.510956
-0.790039 -0.919800 -4.000000 -0.261074 -1.018427 -6.465387
-0.788818 -0.920044 -4.000000 -0.041297 -1.017003 -6.435719
-0.786865 -0.910889 -4.000000 0.128164 -1.093427 -6.426226
-0.784302 -0.920898 -4.000000 0.225236 -1.197619 -6.415308
-0.783813 -0.912964 -4.000000 0.279587 -1.329818 -6.423615
-0.781250 -0.919800 -4.000000 0.321359 -1.476019 -6.442127
-0.783813 -0.918823 -4.000000 0.354586 -1.619373 -6.424327
-0.782959 -0.925903 -4.000000 0.387814 -1.731160 -6.390150
-0.784180 -0.916382 -4.000000 0.426738 -1.802125 -6.328916
-0.785278 -0.914673 -4.000000 0.510282 -1.851254 -6.246322
-0.782959 -0.920898 -4.000000 0.632037 -1.880447 -6.150199
-0.778931 -0.915649 -4.000000 0.744062 -1.882108 -6.041734
-0.782349 -0.923340 -4.000000 0.851102 -1.867156 -5.941339
-0.787842 -0.920166 -4.000000 0.955057 -1.845083 -5.858033
-0.784912 -0.918579 -4.000000 1.052842 -1.838675 -5.768556
-0.788208 -0.912598 -4.000000 1.130452 -1.903944 -5.684300
-0.777832 -0.910400 -4.000000 1.173885 -2.037092 -5.596009
-0.788940 -0.922607 -4.000000 1.192872 -2.208451 -5.536200
-0.784302 -0.914917 -4.000000 1.192160 -2.348245 -5.445061
-0.790894 -0.916992 -4.000000 1.141369 -2.416124 -5.352024
-0.783813 -0.916504 -4.000000 1.091765 -2.384083 -5.240236
-0.783081 -0.915894 -4.000000 1.147778 -2.231236 -5.155743
-0.780640 -0.916016 -4.000000 1.269058 -2.018342 -5.139129
-0.782104 -0.916504 -4.000000 1.325546 -1.876650 -5.154556
-0.782349 -0.911743 -4.000000 1.231321 -1.827283 -5.171408
-0.785522 -0.914429 -4.000000 1.065183 -1.831792 -5.158591
-0.787354 -0.915283 -4.000000 0.905216 -1.836064 -5.168797
-0.783691 -0.918579 -4.000000 0.779663 -1.768185 -5.204635
-0.785278 -0.917114 -4.000000 0.715344 -1.657347 -5.251866
-0.784180 -0.911133 -4.000000 0.682828 -1.529895 -5.284856
-0.778564 -0.914429 -4.000000 0.580297 -1.457981 -5.305267
-0.791382 -0.914429 -4.000000 0.478241 -1.418108 -5.333273
-0.785034 -0.915894 -4.000000 0.471358 -1.392001 -5.362229
-0.785278 -0.918945 -4.000000 0.476342 -1.383219 -5.372910
-0.779297 -0.916016 -4.000000 0.438605 -1.338837 -5.376232
-0.784912 -0.919434 -4.000000 0.403004 -1.253869 -5.374808
-0.787231 -0.918701 -4.000000 0.351976 -1.250071 -5.404001
-0.785522 -0.916260 -4.000000 0.306169 -1.178869 -5.408036
-0.785278 -0.923584 -4.000000 0.181565 -1.083221 -5.435092
-0.785645 -0.917847 -4.000000 0.074288 -1.059487 -5.404950
-0.788208 -0.918945 -4.000000 -0.037262 -1.071354 -5.418242
-0.774780 -0.920532 -4.000000 -0.154983 -1.107667 -5.438890
-0.778320 -0.927002 -4.000000 -0.252293 -1.158695 -5.499887
-0.784302 -0.916016 -4.000000 -0.243511 -1.240340 -5.546880
-0.783813 -0.914429 -4.000000 -0.211470 -1.262176 -5.584854
-0.779663 -0.912354 -4.000000 -0.265346 -1.228473 -5.638968
-0.780029 -0.915894 -4.000000 -0.398732 -1.207113 -5.678129
-0.775757 -0.913086 -4.000000 -0.543509 -1.204977 -5.717053
-0.789795 -0.915405 -4.000000 -0.630376 -1.215420 -5.736040
-0.787354 -0.913818 -4.000000 -0.654347 -1.235594 -5.747670
-0.785645 -0.914429 -4.000000 -0.643192 -1.255767 -5.761198
-0.776978 -0.914551 -4.000000 -0.585281 -1.251495 -5.779711
-0.785767 -0.913452 -4.000000 -0.497703 -1.241052 -5.775201
-0.781860 -0.912842 -4.000000 -0.423652 -1.212572 -5.769742
-0.786743 -0.917969 -4.000000 -0.384491 -1.162255 -5.768556
-0.788330 -0.919189 -4.000000 -0.346042 -1.111939 -5.777812
-0.783813 -0.915894 -4.000000 -0.319697 -1.079661 -5.782796
-0.784546 -0.924316 -4.000000 -0.309254 -1.064234 -5.797274
-0.784668 -0.913330 -4.000000 -0.306881 -1.069930 -5.816498
-0.780762 -0.917480 -4.000000 -0.314001 -1.109329 -5.843081
-0.787476 -0.922485 -4.000000 -0.312102 -1.190736 -5.855422
-0.789063 -0.919434 -4.000000 -0.337261 -1.275704 -5.871562
-0.782593 -0.913452 -4.000000 -0.363605 -1.354738 -5.885090
-0.787354 -0.917969 -4.000000 -0.358858 -1.408377 -5.886276
-0.783936 -0.919067 -4.000000 -0.330140 -1.405054 -5.879631
-0.785034 -0.921631 -4.000000 -0.287182 -1.363520 -5.867764
-0.789795 -0.913574 -4.000000 -0.266533 -1.336938 -5.863017
-0.784058 -0.915527 -4.000000 -0.281248 -1.329580 -5.856609
-0.788574 -0.919189 -4.000000 -0.298337 -1.321511 -5.870849
-0.788086 -0.914063 -4.000000 -0.290505 -1.314865 -5.870612
-0.784424 -0.916260 -4.000000 -0.268669 -1.320087 -5.862780
-0.786133 -0.915771 -4.000000 -0.262261 -1.321036 -5.857083
-0.786011 -0.913452 -4.000000 -0.257040 -1.323172 -5.856609
-0.781982 -0.916138 -4.000000 -0.255853 -1.328394 -5.867527
-0.787842 -0.924438 -4.000000 -0.257040 -1.326732 -5.865628
-0.784790 -0.915894 -4.000000 -0.274603 -1.319612 -5.863492
-0.785278 -0.916870 -4.000000 -0.311628 -1.312729 -5.863255
-0.782959 -0.914307 -4.000000 -0.360995 -1.313441 -5.856846
-0.787231 -0.916504 -4.000000 -0.442640 -1.339786 -5.857083
-0.780762 -0.916138 -4.000000 -0.519775 -1.362333 -5.877732
-0.786011 -0.916992 -4.000000 -0.506721 -1.380371 -5.896957
-0.781738 -0.921143 -4.000000 -0.488209 -1.424754 -5.889124
-0.789551 -0.918335 -4.000000 -0.494380 -1.462965 -5.885327
-0.782104 -0.917603 -4.000000 -0.493905 -1.462965 -5.871087
-0.780396 -0.920410 -4.000000 -0.462576 -1.423804 -5.878207
-0.781006 -0.923462 -4.000000 -0.396358 -1.366131 -5.861118
-0.786133 -0.921875 -4.000000 -0.347941 -1.314628 -5.855897
-0.785889 -0.917114 -4.000000 -0.324919 -1.302286 -5.868238
-0.788940 -0.921997 -4.000000 -0.305220 -1.315340 -5.884140
-0.785034 -0.913574 -4.000000 -0.283147 -1.328156 -5.877732
-0.786743 -0.922241 -4.000000 -0.278637 -1.331242 -5.854948
-0.783203 -0.911621 -4.000000 -0.282198 -1.329580 -5.842843
-0.783447 -0.921997 -4.000000 -0.282910 -1.326257 -5.823381
-0.789063 -0.915283 -4.000000 -0.278163 -1.322223 -5.818160
-0.785889 -0.917847 -4.000000 -0.274128 -1.313916 -5.810802
-0.784668 -0.911133 -4.000000 -0.274603 -1.315103 -5.814837
-0.789063 -0.924927 -4.000000 -0.277925 -1.322935 -5.816736
-0.783081 -0.913940 -4.000000 -0.285758 -1.331004 -5.816736
-0.793579 -0.918701 -4.000000 -0.300473 -1.337175 -5.810090
-0.783936 -0.916992 -4.000000 -0.296675 -1.352602 -5.813650
