-0.780640 -0.922974 -4.000000 0.166376 -1.212334 -5.553051
-0.787109 -0.916138 -4.000000 0.185837 -1.148252 -5.549016
-0.782349 -0.912354 -4.000000 0.176581 -1.141132 -5.546168
-0.783325 -0.912231 -4.000000 0.149762 -1.167952 -5.579633
-0.786499 -0.923706 -4.000000 0.112737 -1.175546 -5.607876
-0.786133 -0.914917 -4.000000 0.121518 -1.133775 -5.592212
-0.788330 -0.919922 -4.000000 0.195094 -1.056639 -5.577971
-0.785767 -0.916870 -4.000000 0.305694 -1.032668 -5.561595
-0.778687 -0.916016 -4.000000 0.393510 -1.097224 -5.545218
-0.785156 -0.915894 -4.000000 0.364792 -1.211622 -5.481136
-0.782227 -0.918091 -4.000000 0.305694 -1.301099 -5.440077
-0.783691 -0.917114 -4.000000 0.248258 -1.363520 -5.395457
-0.785156 -0.920532 -4.000000 0.257040 -1.408377 -5.353210
-0.781860 -0.919678 -4.000000 0.271043 -1.386542 -5.336596
-0.782959 -0.921631 -4.000000 0.264160 -1.323409 -5.270616
-0.790894 -0.918823 -4.000000 0.246597 -1.215420 -5.226470
-0.790039 -0.917358 -4.000000 0.207198 -1.137335 -5.151234
-0.780396 -0.916504 -4.000000 0.160442 -1.132825 -5.099968
-0.787842 -0.914551 -4.000000 0.026345 -1.186939 -5.065079
-0.785156 -0.921875 -4.000000 -0.212894 -1.280688 -5.000997
-0.786133 -0.924316 -4.000000 -0.434570 -1.379422 -4.934542
-0.785278 -0.924927 -4.000000 -0.603319 -1.429026 -4.861441
-0.782959 -0.918823 -4.000000 -0.719853 -1.449200 -4.810413
-0.789063 -0.906982 -4.000000 -0.788207 -1.424279 -4.772201
-0.784180 -0.917969 -4.000000 -0.825707 -1.390339 -4.782644
-0.787231 -0.919312 -4.000000 -0.858934 -1.370640 -4.817059
-0.786011 -0.916748 -4.000000 -0.944140 -1.406953 -4.894431
-0.781738 -0.916016 -4.000000 -1.059250 -1.452048 -4.996725
-0.788574 -0.916138 -4.000000 -1.175309 -1.430925 -5.131060
-0.788940 -0.915039 -4.000000 -1.360909 -1.419770 -5.265869
-0.784180 -0.911499 -4.000000 -1.482665 -1.431162 -5.399254
-0.782959 -0.916016 -4.000000 -1.582822 -1.439469 -5.516737
-0.782104 -0.916138 -4.000000 -1.680607 -1.394137 -5.586990
-0.786499 -0.916504 -4.000000 -1.722853 -1.384406 -5.638731
-0.778076 -0.918579 -4.000000 -1.787410 -1.351653 -5.675044
-0.784790 -0.918701 -4.000000 -1.913675 -1.229897 -5.722274
-0.785400 -0.914795 -4.000000 -2.024513 -1.165578 -5.757875
-0.788330 -0.916138 -4.000000 -2.119686 -1.181480 -5.803207
-0.782715 -0.920654 -4.000000 -2.172613 -1.198094 -5.863255
-0.787354 -0.922363 -4.000000 -2.123246 -1.227287 -5.957953
-0.787476 -0.918579 -4.000000 -2.007899 -1.318663 -6.083269
-0.781128 -0.910889 -4.000000 -1.819213 -1.439232 -6.206923
-0.773560 -0.916870 -4.000000 -1.602759 -1.526098 -6.301622
-0.784058 -0.916504 -4.000000 -1.460592 -1.524674 -6.310641
-0.783569 -0.914185 -4.000000 -1.488361 -1.420719 -6.227334
-0.787231 -0.913330 -4.000000 -1.541525 -1.304659 -6.210246
-0.784180 -0.918091 -4.000000 -1.578550 -1.252445 -6.243711
-0.789185 -0.919189 -4.000000 -1.628392 -1.227049 -6.308030
-0.781372 -0.921143 -4.000000 -1.713597 -1.228948 -6.377334
-0.784058 -0.917847 -4.000000 -1.791444 -1.232271 -6.427887
-0.781738 -0.922485 -4.000000 -1.827520 -1.275229 -6.470608
-0.778687 -0.921753 -4.000000 -1.825859 -1.302286 -6.496478
-0.781250 -0.920776 -4.000000 -1.764388 -1.257903 -6.551066
-0.786255 -0.917725 -4.000000 -1.576414 -1.247460 -6.611825
-0.781982 -0.918213 -4.000000 -1.328868 -1.338125 -6.669499
-0.782715 -0.916748 -4.000000 -1.106955 -1.468662 -6.712458
-0.781128 -0.924561 -4.000000 -0.946513 -1.535829 -6.733581
-0.784424 -0.920898 -4.000000 -0.815976 -1.535592 -6.723850
-0.787109 -0.918579 -4.000000 -0.695407 -1.528471 -6.698455
-0.779663 -0.920654 -4.000000 -0.534016 -1.495244 -6.645765
-0.788696 -0.920532 -4.000000 -0.370726 -1.460355 -6.600196
-0.786011 -0.915039 -4.000000 -0.192483 -1.421431 -6.549880
-0.784912 -0.920532 -4.000000 0.007832 -1.414785 -6.483899
-0.787842 -0.923218 -4.000000 0.195568 -1.425703 -6.439517
-0.788696 -0.922485 -4.000000 0.337023 -1.479105 -6.400355
-0.783569 -0.916016 -4.000000 0.449760 -1.509247 -6.382318
-0.785400 -0.919189 -4.000000 0.504823 -1.499516 -6.369976
-0.786377 -0.916748 -4.000000 0.610202 -1.439944 -6.354311
-0.790161 -0.917358 -4.000000 0.749521 -1.397697 -6.326068
-0.789673 -0.914429 -4.000000 0.787970 -1.409089 -6.312540
-0.784058 -0.917969 -4.000000 0.719853 -1.501889 -6.314913
-0.780518 -0.920654 -4.000000 0.642480 -1.642395 -6.302096
-0.786499 -0.914673 -4.000000 0.591452 -1.793343 -6.262223
-0.785156 -0.913818 -4.000000 0.590503 -1.911301 -6.170372
-0.788574 -0.914185 -4.000000 0.675470 -1.945716 -6.041972
-0.780029 -0.916382 -4.000000 0.860596 -1.891839 -5.872273
-0.777466 -0.914551 -4.000000 1.142081 -1.811618 -5.701863
-0.786133 -0.920532 -4.000000 1.437807 -1.776017 -5.570376
-0.777344 -0.913696 -4.000000 1.598249 -1.824909 -5.427498
-0.788208 -0.916748 -4.000000 1.566208 -1.911064 -5.313337
-0.787354 -0.913696 -4.000000 1.366368 -1.968738 -5.220062
-0.782349 -0.918335 -4.000000 1.187413 -1.977045 -5.159303
-0.780640 -0.917725 -4.000000 1.047145 -1.948564 -5.160727
-0.783813 -0.921875 -4.000000 0.927526 -1.877836 -5.169509
-0.783569 -0.917603 -4.000000 0.844457 -1.786223 -5.177104
-0.783813 -0.917969 -4.000000 0.787970 -1.725227 -5.209619
-0.790527 -0.917847 -4.000000 0.714869 -1.728787 -5.233353
-0.778687 -0.922974 -4.000000 0.680692 -1.764862 -5.258037
-0.791504 -0.916748 -4.000000 0.711071 -1.784087 -5.283195
-0.781982 -0.918335 -4.000000 0.743112 -1.756555 -5.289603
-0.790649 -0.911133 -4.000000 0.768983 -1.678470 -5.295299
-0.784424 -0.917603 -4.000000 0.783698 -1.567395 -5.314761
-0.788574 -0.922729 -4.000000 0.729821 -1.500228 -5.335647
-0.787598 -0.917236 -4.000000 0.598335 -1.472459 -5.347751
-0.789917 -0.916992 -4.000000 0.483462 -1.430925 -5.343242
-0.784302 -0.917236 -4.000000 0.455456 -1.339074 -5.338970
-0.788818 -0.921143 -4.000000 0.463051 -1.255293 -5.351074
-0.786133 -0.909668 -4.000000 0.465424 -1.223489 -5.365789
-0.784058 -0.914063 -4.000000 0.422466 -1.221828 -5.398067
-0.783936 -0.913208 -4.000000 0.340821 -1.263837 -5.453843
-0.788208 -0.918213 -4.000000 0.220014 -1.317476 -5.486833
-0.784790 -0.922607 -4.000000 0.105379 -1.314865 -5.512228
-0.778320 -0.917236 -4.000000 0.050079 -1.285198 -5.553762
-0.788086 -0.918579 -4.000000 -0.044383 -1.171512 -5.544981
-0.787842 -0.921631 -4.000000 -0.106803 -1.160594 -5.578209
-0.789307 -0.918945 -4.000000 -0.193670 -1.154898 -5.601468
-0.789307 -0.921021 -4.000000 -0.298337 -1.138996 -5.613810
-0.783081 -0.913696 -4.000000 -0.393036 -1.131164 -5.623778
-0.786499 -0.917847 -4.000000 -0.409887 -1.198806 -5.647275
-0.779053 -0.919556 -4.000000 -0.383067 -1.241764 -5.687148
-0.781616 -0.919556 -4.000000 -0.361232 -1.249834 -5.702812
-0.781860 -0.921753 -4.000000 -0.355536 -1.286859 -5.716104
-0.788940 -0.921509 -4.000000 -0.385441 -1.337650 -5.745533
-0.786865 -0.921143 -4.000000 -0.416058 -1.363045 -5.771878
-0.782471 -0.922363 -4.000000 -0.442165 -1.358298 -5.789916
-0.787476 -0.920654 -4.000000 -0.465662 -1.327444 -5.808666
-0.786987 -0.916504 -4.000000 -0.470408 -1.282112 -5.831688
-0.782593 -0.921387 -4.000000 -0.468747 -1.248647 -5.840470
-0.779541 -0.918213 -4.000000 -0.471120 -1.251970 -5.834536
-0.781250 -0.921021 -4.000000 -0.476817 -1.273568 -5.834062
-0.784180 -0.925415 -4.000000 -0.482275 -1.293505 -5.826229
-0.782837 -0.913696 -4.000000 -0.468984 -1.304659 -5.817685
-0.784180 -0.915894 -4.000000 -0.452608 -1.303236 -5.806530
-0.786499 -0.913574 -4.000000 -0.423415 -1.302998 -5.796562
-0.784302 -0.914429 -4.000000 -0.414633 -1.306796 -5.775438
-0.782471 -0.914795 -4.000000 -0.416532 -1.311542 -5.770217
-0.785278 -0.918823 -4.000000 -0.406327 -1.316527 -5.761910
-0.783813 -0.918701 -4.000000 -0.393036 -1.317001 -5.770692
-0.782959 -0.919312 -4.000000 -0.385441 -1.326732 -5.778524
-0.786743 -0.921875 -4.000000 -0.384729 -1.338837 -5.783033
-0.778564 -0.914917 -4.000000 -0.388289 -1.350229 -5.779473
-0.777710 -0.916870 -4.000000 -0.386390 -1.360197 -5.781610
-0.783081 -0.917969 -4.000000 -0.385678 -1.358773 -5.789442
-0.776367 -0.911255 -4.000000 -0.380694 -1.357349 -5.787543
-0.787842 -0.914795 -4.000000 -0.388763 -1.349754 -5.785882
-0.777344 -0.916016 -4.000000 -0.383779 -1.339074 -5.776388
-0.789673 -0.919922 -4.000000 -0.359096 -1.327919 -5.768318
-0.786621 -0.911255 -4.000000 -0.333226 -1.326020 -5.773065
-0.782471 -0.918213 -4.000000 -0.326343 -1.326257 -5.763571
-0.788818 -0.916870 -4.000000 -0.336786 -1.328868 -5.774964
-0.779663 -0.922974 -4.000000 -0.342719 -1.343346 -5.784457
-0.781372 -0.923096 -4.000000 -0.338210 -1.356400 -5.784457
-0.781372 -0.921631 -4.000000 -0.329903 -1.343346 -5.785170
-0.786865 -0.913940 -4.000000 -0.337735 -1.349517 -5.794188
-0.779907 -0.920776 -4.000000 -0.342245 -1.370640 -5.800597
-0.792236 -0.920044 -4.000000 -0.340346 -1.382270 -5.811751
-0.783203 -0.915283 -4.000000 -0.342719 -1.387491 -5.812464
-0.788574 -0.917114 -4.000000 -0.341058 -1.393425 -5.827178
-0.781006 -0.914185 -4.000000 -0.326343 -1.418346 -5.817210
-0.781494 -0.913696 -4.000000 -0.319460 -1.417396 -5.799410
