-0.780396 -0.916870 -4.000000 -0.079984 -1.539626 -5.867052
-0.786255 -0.904419 -4.000000 -0.145490 -1.578313 -5.855185
-0.786133 -0.918823 -4.000000 -0.202214 -1.581636 -5.853998
-0.778442 -0.914063 -4.000000 -0.258938 -1.573091 -5.872036
-0.776367 -0.919189 -4.000000 -0.285283 -1.563360 -5.889124
-0.789917 -0.915405 -4.000000 -0.315425 -1.568582 -5.914757
-0.789673 -0.918579 -4.000000 -0.337023 -1.566446 -5.921165
-0.784302 -0.920288 -4.000000 -0.333226 -1.558376 -5.921640
-0.781860 -0.914795 -4.000000 -0.305457 -1.525623 -5.905738
-0.784912 -0.920898 -4.000000 -0.231407 -1.450861 -5.899093
-0.779175 -0.917969 -4.000000 -0.154509 -1.407665 -5.884852
-0.787109 -0.918335 -4.000000 -0.094936 -1.376811 -5.859694
-0.787842 -0.918945 -4.000000 -0.060047 -1.366368 -5.862780
-0.787964 -0.909546 -4.000000 -0.028481 -1.377760 -5.872985
-0.788940 -0.921021 -4.000000 0.006646 -1.406479 -5.883428
-0.778931 -0.911621 -4.000000 0.049841 -1.457744 -5.911197
-0.777954 -0.916016 -4.000000 0.112737 -1.519215 -5.933270
-0.779785 -0.920410 -4.000000 0.198891 -1.543661 -5.937067
-0.788818 -0.919312 -4.000000 0.311628 -1.561462 -5.956767
-0.781860 -0.912842 -4.000000 0.432671 -1.578076 -5.981687
-0.787231 -0.923706 -4.000000 0.565107 -1.588281 -5.992368
-0.785522 -0.921875 -4.000000 0.699205 -1.605607 -6.002573
-0.782227 -0.915405 -4.000000 0.785596 -1.640971 -6.017526
-0.781494 -0.921753 -4.000000 0.836150 -1.688201 -6.036987
-0.781616 -0.913574 -4.000000 0.796751 -1.719293 -6.066418
-0.787476 -0.913696 -4.000000 0.699205 -1.738518 -6.130974
-0.789307 -0.920410 -4.000000 0.580772 -1.715258 -6.193870
-0.780029 -0.920166 -4.000000 0.422228 -1.666603 -6.261037
-0.781738 -0.918213 -4.000000 0.252767 -1.629816 -6.321084
-0.788818 -0.916992 -4.000000 0.076661 -1.615813 -6.398457
-0.782471 -0.916870 -4.000000 -0.114873 -1.591129 -6.475355
-0.784790 -0.917969 -4.000000 -0.313052 -1.541525 -6.530180
-0.786743 -0.915283 -4.000000 -0.520013 -1.457507 -6.607553
-0.788330 -0.920288 -4.000000 -0.701103 -1.369453 -6.649800
-0.777466 -0.913452 -4.000000 -0.837337 -1.271195 -6.677569
-0.784424 -0.911377 -4.000000 -0.941054 -1.190261 -6.691335
-0.790039 -0.917358 -4.000000 -1.046433 -1.157746 -6.708661
-0.786987 -0.923828 -4.000000 -1.175309 -1.166290 -6.710084
-0.784424 -0.917480 -4.000000 -1.312966 -1.168189 -6.720765
-0.786499 -0.922607 -4.000000 -1.446352 -1.141132 -6.715069
-0.786377 -0.920044 -4.000000 -1.578313 -1.102683 -6.708661
-0.784058 -0.921631 -4.000000 -1.706714 -1.086544 -6.693708
-0.779419 -0.916016 -4.000000 -1.842947 -1.105056 -6.673059
-0.782349 -0.919800 -4.000000 -1.969212 -1.143980 -6.626541
-0.779785 -0.916504 -4.000000 -2.066997 -1.194059 -6.567443
-0.777466 -0.927368 -4.000000 -2.142471 -1.240340 -6.493867
-0.783081 -0.915527 -4.000000 -2.181632 -1.259802 -6.415071
-0.786865 -0.924438 -4.000000 -2.217470 -1.236306 -6.333663
-0.782227 -0.920654 -4.000000 -2.265413 -1.204739 -6.261986
-0.793579 -0.916260 -4.000000 -2.328783 -1.189787 -6.189835
-0.787720 -0.915894 -4.000000 -2.340650 -1.176021 -6.101781
-0.777710 -0.918335 -4.000000 -2.317628 -1.130214 -6.017051
-0.781860 -0.913452 -4.000000 -2.267074 -1.075389 -5.948460
-0.779907 -0.922363 -4.000000 -2.156474 -1.067557 -5.880817
-0.789063 -0.911743 -4.000000 -1.990336 -1.124044 -5.820770
-0.785156 -0.917480 -4.000000 -1.778153 -1.183616 -5.746008
-0.783081 -0.913818 -4.000000 -1.564310 -1.216606 -5.659379
-0.789185 -0.912476 -4.000000 -1.377760 -1.222540 -5.598145
-0.787231 -0.915405 -4.000000 -1.249359 -1.211385 -5.546405
-0.784058 -0.909912 -4.000000 -1.159645 -1.159645 -5.492766
-0.787964 -0.911865 -4.000000 -1.052842 -1.101971 -5.442213
-0.783936 -0.909668 -4.000000 -0.914235 -1.068506 -5.397118
-0.784912 -0.921631 -4.000000 -0.801023 -1.041924 -5.353210
-0.786133 -0.919800 -4.000000 -0.717480 -1.063047 -5.344191
-0.785278 -0.912964 -4.000000 -0.650787 -1.129977 -5.358669
-0.790161 -0.909546 -4.000000 -0.592639 -1.188363 -5.349650
-0.782349 -0.921997 -4.000000 -0.537338 -1.195958 -5.306692
-0.786865 -0.917725 -4.000000 -0.462102 -1.152287 -5.228132
-0.786255 -0.917236 -4.000000 -0.398257 -1.109091 -5.187309
-0.782593 -0.920776 -4.000000 -0.345093 -1.083933 -5.170695
-0.782349 -0.918823 -4.000000 -0.278875 -1.105056 -5.183987
-0.785645 -0.917603 -4.000000 -0.228321 -1.176021 -5.217214
-0.785889 -0.917725 -4.000000 -0.170410 -1.225863 -5.257087
-0.783325 -0.921997 -4.000000 -0.151660 -1.253869 -5.256613
-0.778564 -0.914917 -4.000000 -0.166850 -1.310830 -5.235727
-0.784546 -0.918457 -4.000000 -0.196755 -1.445402 -5.223385
-0.775269 -0.915771 -4.000000 -0.182752 -1.630528 -5.221724
-0.782593 -0.920410 -4.000000 -0.126740 -1.794767 -5.246407
-0.787598 -0.921021 -4.000000 0.000712 -1.865969 -5.263258
-0.783691 -0.915161 -4.000000 0.175157 -1.831318 -5.246170
-0.786621 -0.921997 -4.000000 0.340109 -1.759878 -5.220774
-0.783936 -0.917603 -4.000000 0.485361 -1.699356 -5.178290
-0.785034 -0.923950 -4.000000 0.588129 -1.663993 -5.177815
-0.782471 -0.912476 -4.000000 0.722227 -1.660670 -5.221249
-0.786133 -0.915039 -4.000000 0.886703 -1.659246 -5.269429
-0.789185 -0.918579 -4.000000 1.007509 -1.656635 -5.323305
-0.785522 -0.925049 -4.000000 1.115262 -1.635512 -5.354634
-0.792969 -0.918213 -4.000000 1.235119 -1.629104 -5.391184
-0.781616 -0.911499 -4.000000 1.338599 -1.628392 -5.437941
-0.782959 -0.907349 -4.000000 1.385355 -1.640259 -5.463336
-0.784546 -0.920898 -4.000000 1.420007 -1.665654 -5.510092
-0.786499 -0.911133 -4.000000 1.400308 -1.718581 -5.564443
-0.787964 -0.916626 -4.000000 1.319137 -1.787172 -5.642765
-0.788208 -0.920532 -4.000000 1.249834 -1.821112 -5.744347
-0.786133 -0.915161 -4.000000 1.146354 -1.825384 -5.840944
-0.783936 -0.910400 -4.000000 1.008222 -1.808533 -5.938491
-0.790405 -0.917603 -4.000000 0.878634 -1.765337 -6.026782
-0.793579 -0.913208 -4.000000 0.776577 -1.701730 -6.105104
-0.786987 -0.912231 -4.000000 0.685913 -1.640259 -6.197192
-0.783936 -0.915405 -4.000000 0.612813 -1.593977 -6.271717
-0.788086 -0.920776 -4.000000 0.543272 -1.587569 -6.343631
-0.788940 -0.920654 -4.000000 0.455931 -1.616050 -6.420292
-0.787964 -0.925171 -4.000000 0.360995 -1.690812 -6.490307
-0.784546 -0.918091 -4.000000 0.257752 -1.803311 -6.570766
-0.782227 -0.914185 -4.000000 0.125078 -1.888279 -6.638408
-0.792603 -0.913940 -4.000000 -0.014952 -1.902045 -6.662379
-0.791382 -0.915283 -4.000000 -0.166613 -1.847457 -6.649325
-0.784058 -0.915405 -4.000000 -0.294777 -1.719768 -6.628677
-0.784790 -0.913818 -4.000000 -0.386153 -1.553630 -6.606842
-0.788452 -0.915527 -4.000000 -0.450235 -1.407665 -6.577649
-0.779541 -0.915283 -4.000000 -0.508858 -1.298726 -6.547981
-0.785034 -0.922607 -4.000000 -0.560835 -1.212572 -6.492444
-0.782837 -0.918701 -4.000000 -0.622781 -1.175784 -6.459216
-0.786987 -0.912842 -4.000000 -0.709410 -1.197144 -6.460402
-0.787598 -0.917114 -4.000000 -0.816925 -1.261701 -6.463488
-0.784424 -0.913574 -4.000000 -0.881482 -1.312729 -6.452096
-0.790527 -0.911987 -4.000000 -0.927763 -1.319849 -6.440228
-0.786621 -0.917603 -4.000000 -0.968586 -1.289470 -6.420767
-0.788696 -0.915771 -4.000000 -0.918507 -1.206875 -6.375435
-0.788208 -0.911987 -4.000000 -0.822621 -1.138759 -6.308030
-0.790283 -0.918823 -4.000000 -0.723888 -1.150863 -6.271955
-0.785889 -0.918213 -4.000000 -0.678081 -1.277365 -6.260562
-0.781860 -0.918701 -4.000000 -0.641531 -1.436383 -6.234929
-0.788452 -0.916748 -4.000000 -0.629664 -1.517316 -6.181528
-0.783081 -0.918823 -4.000000 -0.603319 -1.512807 -6.119819
-0.786255 -0.911987 -4.000000 -0.590028 -1.416447 -6.038886
-0.786133 -0.915649 -4.000000 -0.584569 -1.293979 -5.983586
-0.786011 -0.910400 -4.000000 -0.595961 -1.203315 -5.953444
-0.782837 -0.917236 -4.000000 -0.604031 -1.156085 -5.937304
-0.782471 -0.913574 -4.000000 -0.607591 -1.173410 -5.931608
-0.783203 -0.918945 -4.000000 -0.611863 -1.247935 -5.929235
-0.791504 -0.918701 -4.000000 -0.583857 -1.337412 -5.895533
-0.782715 -0.920410 -4.000000 -0.553478 -1.394374 -5.857558
-0.786621 -0.916992 -4.000000 -0.541136 -1.409089 -5.826229
-0.779541 -0.915527 -4.000000 -0.536864 -1.410988 -5.801309
-0.785156 -0.921387 -4.000000 -0.528557 -1.428314 -5.789679
-0.781494 -0.915649 -4.000000 -0.519301 -1.459168 -5.774964
-0.785400 -0.917725 -4.000000 -0.498889 -1.456320 -5.757401
-0.789917 -0.911865 -4.000000 -0.459253 -1.435434 -5.746008
-0.786011 -0.910034 -4.000000 -0.418431 -1.405292 -5.733429
-0.787476 -0.908203 -4.000000 -0.398020 -1.382270 -5.711119
-0.788940 -0.917847 -4.000000 -0.380219 -1.367792 -5.694268
-0.783081 -0.915283 -4.000000 -0.360757 -1.351890 -5.695218
-0.787720 -0.915649 -4.000000 -0.343669 -1.334564 -5.695218
-0.786499 -0.919067 -4.000000 -0.332276 -1.319375 -5.718952
-0.791382 -0.917114 -4.000000 -0.333463 -1.311068 -5.733904
-0.781372 -0.915405 -4.000000 -0.380219 -1.314153 -5.753603
-0.778687 -0.913452 -4.000000 -0.420567 -1.317951 -5.785407
-0.785645 -0.920532 -4.000000 -0.462576 -1.331479 -5.813888
-0.780884 -0.916626 -4.000000 -0.465187 -1.354264 -5.839758
