-0.783813 -0.913818 -4.000000 0.131487 -1.490972 -5.754315
-0.783447 -0.921021 -4.000000 0.160917 -1.518741 -5.724648
-0.785278 -0.911865 -4.000000 0.158069 -1.537490 -5.723461
-0.783813 -0.912964 -4.000000 0.144066 -1.569294 -5.701388
-0.794067 -0.916382 -4.000000 0.143116 -1.631477 -5.689996
-0.783081 -0.916138 -4.000000 0.132673 -1.752046 -5.658905
-0.783936 -0.919434 -4.000000 0.118195 -1.877599 -5.615471
-0.785034 -0.921509 -4.000000 0.107040 -1.997693 -5.537149
-0.785400 -0.916138 -4.000000 0.151660 -2.104496 -5.412783
-0.786499 -0.914063 -4.000000 0.168512 -2.189464 -5.224809
-0.782471 -0.918091 -4.000000 0.188686 -2.157423 -5.107326
-0.786133 -0.913330 -4.000000 0.209334 -2.068658 -4.992453
-0.790039 -0.919312 -4.000000 0.248495 -1.975383 -4.925998
-0.784912 -0.916504 -4.000000 0.288843 -1.874751 -4.888498
-0.778931 -0.923218 -4.000000 0.253717 -1.792394 -4.875444
-0.787598 -0.911621 -4.000000 0.168512 -1.710511 -4.878292
-0.790771 -0.918823 -4.000000 0.017326 -1.608455 -4.877818
-0.787842 -0.914185 -4.000000 -0.121756 -1.537253 -4.873071
-0.783936 -0.922729 -4.000000 -0.310916 -1.485513 -4.872596
-0.787720 -0.917358 -4.000000 -0.520250 -1.404580 -4.873545
-0.795654 -0.916382 -4.000000 -0.702053 -1.334327 -4.899653
-0.785156 -0.924683 -4.000000 -0.856324 -1.291606 -4.934067
-0.786621 -0.917603 -4.000000 -0.975943 -1.239628 -4.952817
-0.783203 -0.918945 -4.000000 -1.155847 -1.169850 -4.952343
-0.790283 -0.912354 -4.000000 -1.335989 -1.159882 -4.949732
-0.778320 -0.918091 -4.000000 -1.540338 -1.140895 -4.994826
-0.786133 -0.919922 -4.000000 -1.740654 -1.089155 -5.060807
-0.789429 -0.920898 -4.000000 -1.876887 -1.047145 -5.127025
-0.783813 -0.914673 -4.000000 -1.967314 -0.952921 -5.226470
-0.784058 -0.919312 -4.000000 -2.046111 -0.847305 -5.341818
-0.789429 -0.922119 -4.000000 -2.088120 -0.748334 -5.456690
-0.788208 -0.913696 -4.000000 -2.104496 -0.573889 -5.511042
-0.786987 -0.920654 -4.000000 -2.088832 -0.342007 -5.557086
-0.782837 -0.912842 -4.000000 -2.054655 -0.129350 -5.630424
-0.788086 -0.918823 -4.000000 -2.033532 0.044620 -5.726784
-0.783325 -0.923828 -4.000000 -2.048721 0.154983 -5.840232
-0.783203 -0.915283 -4.000000 -2.061775 0.148812 -5.998064
-0.786743 -0.916626 -4.000000 -2.087170 -0.028956 -6.178205
-0.786255 -0.912476 -4.000000 -2.085272 -0.363843 -6.355735
-0.783081 -0.919067 -4.000000 -2.001728 -0.738840 -6.488646
-0.784180 -0.914185 -4.000000 -1.850305 -1.024598 -6.580971
-0.784424 -0.913696 -4.000000 -1.670164 -1.146354 -6.588566
-0.782593 -0.914795 -4.000000 -1.472459 -1.140657 -6.561272
-0.786987 -0.913818 -4.000000 -1.254343 -1.103158 -6.545845
-0.779785 -0.916260 -4.000000 -1.036228 -1.139945 -6.559611
-0.781006 -0.913086 -4.000000 -0.824995 -1.293742 -6.600671
-0.786865 -0.908569 -4.000000 -0.643904 -1.507348 -6.663091
-0.785278 -0.921387 -4.000000 -0.542797 -1.708375 -6.735005
-0.783813 -0.910400 -4.000000 -0.543509 -1.848643 -6.761825
-0.786987 -0.915039 -4.000000 -0.607828 -1.856001 -6.747822
-0.787231 -0.923340 -4.000000 -0.667638 -1.755606 -6.697268
-0.784180 -0.917725 -4.000000 -0.638920 -1.645955 -6.657632
-0.785522 -0.917603 -4.000000 -0.507196 -1.614151 -6.662616
-0.790527 -0.920166 -4.000000 -0.327292 -1.684167 -6.642917
-0.791382 -0.923462 -4.000000 -0.096835 -1.796191 -6.603281
-0.782349 -0.921021 -4.000000 0.134572 -1.881634 -6.548456
-0.785034 -0.911499 -4.000000 0.337973 -1.918422 -6.492681
-0.781250 -0.914429 -4.000000 0.532592 -1.915811 -6.444975
-0.779663 -0.915405 -4.000000 0.680455 -1.916997 -6.393710
-0.778076 -0.918457 -4.000000 0.728635 -1.929814 -6.321321
-0.787964 -0.919067 -4.000000 0.711784 -1.963753 -6.265309
-0.783203 -0.919800 -4.000000 0.700391 -2.025225 -6.210009
-0.783081 -0.915039 -4.000000 0.718666 -2.094291 -6.136908
-0.784180 -0.908936 -4.000000 0.768033 -2.151252 -6.054076
-0.781006 -0.915649 -4.000000 0.837099 -2.185904 -5.980738
-0.786133 -0.917969 -4.000000 0.918744 -2.199195 -5.893871
-0.782837 -0.919922 -4.000000 1.017240 -2.193499 -5.798460
-0.785522 -0.918335 -4.000000 1.123094 -2.183768 -5.726546
-0.788818 -0.924316 -4.000000 1.163442 -2.175461 -5.645851
-0.787231 -0.921875 -4.000000 1.146354 -2.159796 -5.591500
-0.781128 -0.919922 -4.000000 1.077288 -2.162407 -5.532876
-0.780884 -0.916626 -4.000000 0.944852 -2.151490 -5.456453
-0.787842 -0.913208 -4.000000 0.807906 -2.091917 -5.387862
-0.782837 -0.913940 -4.000000 0.732907 -2.008611 -5.321169
-0.779541 -0.914795 -4.000000 0.751182 -1.924830 -5.281533
-0.788086 -0.913330 -4.000000 0.773967 -1.851254 -5.257087
-0.784546 -0.919312 -4.000000 0.790581 -1.787647 -5.221724
-0.786499 -0.918823 -4.000000 0.795565 -1.691050 -5.164525
-0.783813 -0.916504 -4.000000 0.780850 -1.537253 -5.169509
-0.786255 -0.913940 -4.000000 0.749758 -1.362808 -5.174968
-0.784424 -0.914917 -4.000000 0.674758 -1.211147 -5.197515
-0.785156 -0.918457 -4.000000 0.536864 -1.141844 -5.237626
-0.786255 -0.919922 -4.000000 0.364080 -1.180768 -5.307878
-0.785278 -0.921387 -4.000000 0.161866 -1.280926 -5.382878
-0.782349 -0.916870 -4.000000 -0.009019 -1.361147 -5.445773
-0.784790 -0.921021 -4.000000 -0.112025 -1.387966 -5.498937
-0.785156 -0.919189 -4.000000 -0.182277 -1.380846 -5.511042
-0.784546 -0.917847 -4.000000 -0.201502 -1.260989 -5.489918
-0.786987 -0.918457 -4.000000 -0.301897 -1.135673 -5.483273
-0.789185 -0.918701 -4.000000 -0.328716 -1.130926 -5.475441
-0.787964 -0.911865 -4.000000 -0.265109 -1.140420 -5.473067
-0.787231 -0.915527 -4.000000 -0.232119 -1.110753 -5.487545
-0.785400 -0.919556 -4.000000 -0.275315 -1.021750 -5.481611
-0.784912 -0.916382 -4.000000 -0.285520 -1.025310 -5.497513
-0.787354 -0.915649 -4.000000 -0.316137 -1.012256 -5.527418
-0.787476 -0.917847 -4.000000 -0.387577 -1.060911 -5.569190
-0.788330 -0.913574 -4.000000 -0.431485 -1.109091 -5.605503
-0.786865 -0.921021 -4.000000 -0.485836 -1.128553 -5.671009
-0.786499 -0.914551 -4.000000 -0.519775 -1.160357 -5.716578
-0.791504 -0.916504 -4.000000 -0.514791 -1.187888 -5.754078
-0.781372 -0.915649 -4.000000 -0.493430 -1.216369 -5.781847
-0.784790 -0.920898 -4.000000 -0.476817 -1.246986 -5.799884
-0.793701 -0.912842 -4.000000 -0.449522 -1.263362 -5.824093
-0.785278 -0.915039 -4.000000 -0.414396 -1.268346 -5.832875
-0.783325 -0.915039 -4.000000 -0.373574 -1.268109 -5.842131
-0.779785 -0.920410 -4.000000 -0.331090 -1.278077 -5.844504
-0.783203 -0.919067 -4.000000 -0.294777 -1.313441 -5.853998
-0.782715 -0.923462 -4.000000 -0.269619 -1.358061 -5.844979
-0.791626 -0.917725 -4.000000 -0.251581 -1.374200 -5.839758
-0.785767 -0.919067 -4.000000 -0.237103 -1.375624 -5.827653
-0.787964 -0.918579 -4.000000 -0.241850 -1.341922 -5.822669
-0.791504 -0.915283 -4.000000 -0.263922 -1.312966 -5.809853
-0.790405 -0.915649 -4.000000 -0.286944 -1.297777 -5.815549
-0.783936 -0.913940 -4.000000 -0.305220 -1.288046 -5.818397
-0.789795 -0.919800 -4.000000 -0.324682 -1.293267 -5.816024
-0.785889 -0.914917 -4.000000 -0.342007 -1.301337 -5.817685
-0.784790 -0.925171 -4.000000 -0.343906 -1.315814 -5.813413
-0.784302 -0.913818 -4.000000 -0.328004 -1.332428 -5.803919
-0.787109 -0.916870 -4.000000 -0.304270 -1.347381 -5.794900
-0.783203 -0.915283 -4.000000 -0.285758 -1.355925 -5.789679
-0.789063 -0.923950 -4.000000 -0.278875 -1.349992 -5.775438
-0.787354 -0.916504 -4.000000 -0.268669 -1.331242 -5.773303
-0.788574 -0.920532 -4.000000 -0.275552 -1.317239 -5.771404
-0.782715 -0.916748 -4.000000 -0.287419 -1.308932 -5.769979
-0.785767 -0.919678 -4.000000 -0.290505 -1.294217 -5.773540
-0.784424 -0.911743 -4.000000 -0.285046 -1.294217 -5.783745
-0.786621 -0.916016 -4.000000 -0.281486 -1.301811 -5.790391
-0.786499 -0.917114 -4.000000 -0.283384 -1.316052 -5.785407
-0.780273 -0.921021 -4.000000 -0.287419 -1.332666 -5.782796
-0.785522 -0.916748 -4.000000 -0.276501 -1.340261 -5.766182
-0.783203 -0.914307 -4.000000 -0.264397 -1.335514 -5.759299
-0.787598 -0.916870 -4.000000 -0.249919 -1.329343 -5.744347
-0.782471 -0.916748 -4.000000 -0.233780 -1.329343 -5.734379
-0.781128 -0.918457 -4.000000 -0.225948 -1.317001 -5.726309
-0.782349 -0.921631 -4.000000 -0.225948 -1.298251 -5.719901
-0.783325 -0.918335 -4.000000 -0.225473 -1.282350 -5.718002
-0.783936 -0.918579 -4.000000 -0.229983 -1.275704 -5.722512
-0.786377 -0.915283 -4.000000 -0.253717 -1.285672 -5.739125
-0.785034 -0.911255 -4.000000 -0.272704 -1.314628 -5.748857
-0.783447 -0.922119 -4.000000 -0.291691 -1.342634 -5.770217
-0.783447 -0.917358 -4.000000 -0.309729 -1.367555 -5.790154
-0.779297 -0.914307 -4.000000 -0.322783 -1.406241 -5.811751
-0.790527 -0.918091 -4.000000 -0.322071 -1.432349 -5.816024
-0.787476 -0.914673 -4.000000 -0.324682 -1.455845 -5.821008
-0.782104 -0.916138 -4.000000 -0.320409 -1.455133 -5.823144
-0.783081 -0.915039 -4.000000 -0.300710 -1.439469 -5.809853
-0.785767 -0.917847 -4.000000 -0.292878 -1.422855 -5.801071
-0.778931 -0.907593 -4.000000 -0.275077 -1.383931 -5.792052
-0.786377 -0.919800 -4.000000 -0.257277 -1.356400 -5.791815
-0.783447 -0.919434 -4.000000 -0.250394 -1.353077 -5.794425
