-0.778687 -0.912231 -4.000000 -0.017089 -1.292081 -5.836672
-0.790161 -0.921021 -4.000000 -0.013054 -1.330530 -5.812464
-0.785278 -0.924316 -4.000000 -0.033702 -1.379896 -5.815786
-0.780884 -0.919189 -4.000000 -0.055775 -1.415735 -5.817448
-0.776245 -0.919189 -4.000000 -0.071677 -1.411225 -5.829552
-0.780884 -0.922119 -4.000000 -0.061471 -1.385118 -5.842131
-0.789795 -0.921875 -4.000000 -0.034889 -1.352602 -5.845217
-0.789795 -0.920532 -4.000000 -0.000949 -1.328156 -5.853523
-0.785767 -0.913940 -4.000000 0.059810 -1.319612 -5.858508
-0.781860 -0.921387 -4.000000 0.121281 -1.319849 -5.853286
-0.783936 -0.918335 -4.000000 0.184888 -1.319849 -5.807479
-0.787476 -0.919312 -4.000000 0.211708 -1.329818 -5.751467
-0.785034 -0.919312 -4.000000 0.229745 -1.370165 -5.700913
-0.781616 -0.921509 -4.000000 0.240900 -1.419295 -5.663177
-0.789185 -0.917725 -4.000000 0.233543 -1.489073 -5.618794
-0.784912 -0.916016 -4.000000 0.186312 -1.572617 -5.528605
-0.786499 -0.915649 -4.000000 0.146202 -1.670638 -5.409697
-0.781860 -0.913574 -4.000000 0.108465 -1.723090 -5.300046
-0.785034 -0.914063 -4.000000 0.075000 -1.724040 -5.203211
-0.781616 -0.925171 -4.000000 0.089952 -1.696271 -5.094509
-0.786621 -0.921753 -4.000000 0.096597 -1.630528 -5.003845
-0.779907 -0.918335 -4.000000 0.099446 -1.560275 -4.934779
-0.786011 -0.921631 -4.000000 0.105616 -1.492870 -4.923387
-0.784790 -0.916504 -4.000000 0.039873 -1.421431 -4.932168
-0.784424 -0.915039 -4.000000 -0.121993 -1.442317 -4.968244
-0.782593 -0.913940 -4.000000 -0.304508 -1.491684 -4.995538
-0.785034 -0.917114 -4.000000 -0.504823 -1.504263 -5.053449
-0.779175 -0.910400 -4.000000 -0.714394 -1.511146 -5.133196
-0.788818 -0.915161 -4.000000 -0.933697 -1.527285 -5.244271
-0.777222 -0.921997 -4.000000 -1.182192 -1.559563 -5.352261
-0.789551 -0.921021 -4.000000 -1.404342 -1.613677 -5.426311
-0.791016 -0.916382 -4.000000 -1.533693 -1.618898 -5.460013
-0.789185 -0.912598 -4.000000 -1.634088 -1.529184 -5.436754
-0.779663 -0.914917 -4.000000 -1.716208 -1.343821 -5.412545
-0.786011 -0.915649 -4.000000 -1.761302 -1.080848 -5.392609
-0.784180 -0.914673 -4.000000 -1.764388 -0.773492 -5.416105
-0.786621 -0.919922 -4.000000 -1.825621 -0.555139 -5.466659
-0.781372 -0.917480 -4.000000 -2.005051 -0.502687 -5.555424
-0.783081 -0.921997 -4.000000 -2.234559 -0.566769 -5.684537
-0.779175 -0.916504 -4.000000 -2.382896 -0.679268 -5.820296
-0.782471 -0.918579 -4.000000 -2.433925 -0.834726 -5.980263
-0.784302 -0.915283 -4.000000 -2.404495 -1.054265 -6.154708
-0.786255 -0.918091 -4.000000 -2.336853 -1.268346 -6.306131
-0.781616 -0.924316 -4.000000 -2.245951 -1.404817 -6.415545
-0.784058 -0.920654 -4.000000 -2.121822 -1.429975 -6.481051
-0.786865 -0.910034 -4.000000 -1.986301 -1.378472 -6.517127
-0.782471 -0.914429 -4.000000 -1.822061 -1.282587 -6.542759
-0.784790 -0.922241 -4.000000 -1.672300 -1.222777 -6.580734
-0.789185 -0.910522 -4.000000 -1.530370 -1.192160 -6.615386
-0.788208 -0.924194 -4.000000 -1.386067 -1.177920 -6.662616
-0.783081 -0.919312 -4.000000 -1.248173 -1.183379 -6.696082
-0.790039 -0.918335 -4.000000 -1.134012 -1.210910 -6.711271
-0.784058 -0.914673 -4.000000 -1.018427 -1.272619 -6.707474
-0.791748 -0.920044 -4.000000 -0.871276 -1.340735 -6.704626
-0.782837 -0.918335 -4.000000 -0.721277 -1.375150 -6.690148
-0.786865 -0.925659 -4.000000 -0.566057 -1.369216 -6.662142
-0.787476 -0.914307 -4.000000 -0.396833 -1.346669 -6.603281
-0.785156 -0.925415 -4.000000 -0.252055 -1.306558 -6.543234
-0.784546 -0.920410 -4.000000 -0.129113 -1.263600 -6.484848
-0.787354 -0.909668 -4.000000 -0.004509 -1.263837 -6.426700
-0.782471 -0.917236 -4.000000 0.100632 -1.294691 -6.376147
-0.783813 -0.910278 -4.000000 0.188448 -1.352128 -6.366890
-0.785156 -0.916992 -4.000000 0.273891 -1.425940 -6.337935
-0.782471 -0.920776 -4.000000 0.348416 -1.501177 -6.318710
-0.788818 -0.917358 -4.000000 0.411311 -1.564072 -6.272429
-0.786743 -0.919312 -4.000000 0.467798 -1.608692 -6.230420
-0.783936 -0.919067 -4.000000 0.521437 -1.673486 -6.177730
-0.783691 -0.916138 -4.000000 0.577212 -1.749910 -6.122667
-0.779785 -0.916260 -4.000000 0.639157 -1.818501 -6.080658
-0.782349 -0.916992 -4.000000 0.727685 -1.868343 -6.013016
-0.787720 -0.912109 -4.000000 0.821197 -1.898722 -5.929710
-0.788818 -0.912354 -4.000000 0.918032 -1.929814 -5.850676
-0.785645 -0.917603 -4.000000 0.973095 -1.978231 -5.772591
-0.779907 -0.917480 -4.000000 0.992794 -2.046111 -5.710645
-0.784302 -0.920654 -4.000000 0.991608 -2.110904 -5.676705
-0.792969 -0.916504 -4.000000 1.005136 -2.166442 -5.662465
-0.790527 -0.915894 -4.000000 0.989709 -2.249037 -5.636594
-0.795288 -0.917480 -4.000000 0.928950 -2.343498 -5.606215
-0.792114 -0.917358 -4.000000 0.890263 -2.419922 -5.539522
-0.790161 -0.924927 -4.000000 0.897146 -2.434874 -5.457877
-0.782593 -0.917969 -4.000000 0.969060 -2.336378 -5.380267
-0.785889 -0.919800 -4.000000 1.057114 -2.149591 -5.297435
-0.783325 -0.917847 -4.000000 1.117873 -1.930763 -5.207721
-0.783325 -0.916870 -4.000000 1.166290 -1.723565 -5.130822
-0.783325 -0.917236 -4.000000 1.150863 -1.567633 -5.107800
-0.784058 -0.915649 -4.000000 1.062572 -1.484089 -5.125601
-0.781372 -0.916748 -4.000000 0.929187 -1.478867 -5.156693
-0.784668 -0.919556 -4.000000 0.757828 -1.505924 -5.214366
-0.777588 -0.915283 -4.000000 0.570329 -1.544136 -5.288416
-0.785400 -0.910278 -4.000000 0.430773 -1.585670 -5.376232
-0.779297 -0.915283 -4.000000 0.280299 -1.651888 -5.466184
-0.785034 -0.912598 -4.000000 0.096360 -1.729973 -5.493003
-0.785889 -0.915649 -4.000000 -0.014952 -1.752995 -5.492529
-0.785034 -0.916504 -4.000000 -0.031566 -1.693186 -5.479001
-0.780762 -0.910400 -4.000000 0.028006 -1.553630 -5.435804
-0.787231 -0.918091 -4.000000 0.136708 -1.365419 -5.380030
-0.786255 -0.920166 -4.000000 0.238052 -1.178157 -5.333036
-0.785767 -0.916504 -4.000000 0.255378 -1.053316 -5.301470
-0.780518 -0.917114 -4.000000 0.213369 -1.004187 -5.297198
-0.783813 -0.912720 -4.000000 0.075474 -1.012968 -5.359381
-0.783569 -0.914429 -4.000000 -0.101344 -0.965026 -5.371723
-0.782471 -0.913818 -4.000000 -0.304270 -0.984487 -5.413257
-0.786011 -0.915283 -4.000000 -0.412735 -1.131164 -5.465235
-0.786133 -0.915894 -4.000000 -0.499839 -1.242239 -5.505108
-0.789063 -0.908081 -4.000000 -0.557512 -1.272381 -5.534301
-0.786133 -0.919312 -4.000000 -0.547069 -1.260989 -5.538098
-0.789673 -0.923828 -4.000000 -0.510519 -1.229185 -5.544981
-0.782715 -0.924316 -4.000000 -0.501025 -1.170088 -5.540709
-0.779297 -0.917603 -4.000000 -0.490820 -1.096275 -5.553525
-0.784912 -0.921021 -4.000000 -0.468984 -1.070879 -5.569427
-0.790894 -0.920532 -4.000000 -0.463288 -1.093189 -5.603367
-0.791138 -0.917969 -4.000000 -0.475155 -1.139233 -5.643003
-0.784058 -0.921265 -4.000000 -0.514079 -1.177683 -5.692607
-0.782593 -0.920410 -4.000000 -0.561072 -1.202129 -5.727258
-0.788818 -0.920166 -4.000000 -0.556326 -1.206163 -5.744110
-0.789551 -0.916504 -4.000000 -0.546595 -1.189075 -5.774489
-0.787720 -0.918213 -4.000000 -0.540899 -1.184091 -5.794188
-0.785767 -0.909546 -4.000000 -0.529032 -1.178869 -5.799410
-0.776245 -0.911011 -4.000000 -0.528319 -1.178869 -5.801783
-0.787964 -0.915405 -4.000000 -0.530693 -1.180056 -5.789679
-0.783203 -0.916016 -4.000000 -0.522149 -1.195958 -5.790865
-0.783447 -0.913940 -4.000000 -0.520487 -1.211147 -5.813888
-0.790894 -0.915649 -4.000000 -0.531880 -1.239391 -5.838571
-0.784790 -0.909668 -4.000000 -0.528557 -1.269058 -5.852337
-0.781860 -0.915894 -4.000000 -0.514554 -1.300150 -5.858033
-0.786743 -0.919556 -4.000000 -0.488921 -1.313679 -5.862305
-0.785278 -0.912476 -4.000000 -0.450947 -1.316052 -5.859220
-0.786499 -0.915039 -4.000000 -0.403241 -1.318663 -5.853523
-0.780762 -0.923828 -4.000000 -0.356960 -1.317239 -5.845454
-0.790771 -0.917236 -4.000000 -0.334412 -1.320799 -5.844742
-0.781982 -0.921265 -4.000000 -0.310678 -1.324834 -5.840232
-0.779297 -0.920166 -4.000000 -0.290030 -1.314865 -5.860406
-0.783813 -0.920166 -4.000000 -0.262024 -1.300387 -5.872273
-0.785156 -0.919556 -4.000000 -0.242562 -1.283299 -5.899330
-0.781982 -0.920532 -4.000000 -0.219540 -1.262413 -5.895770
-0.781616 -0.913086 -4.000000 -0.218828 -1.234169 -5.886039
-0.780884 -0.913330 -4.000000 -0.221201 -1.224913 -5.882716
-0.783569 -0.918945 -4.000000 -0.213369 -1.232983 -5.869900
-0.781128 -0.918213 -4.000000 -0.206011 -1.254581 -5.881055
-0.778809 -0.919434 -4.000000 -0.187499 -1.278077 -5.872036
-0.779175 -0.913574 -4.000000 -0.170410 -1.292793 -5.854236
-0.779663 -0.917236 -4.000000 -0.156882 -1.296115 -5.831451
-0.774780 -0.915649 -4.000000 -0.154509 -1.295166 -5.822906
-0.784668 -0.912109 -4.000000 -0.162103 -1.298489 -5.813650
-0.782471 -0.914917 -4.000000 -0.182752 -1.308932 -5.822906
-0.787720 -0.916504 -4.000000 -0.204113 -1.339311 -5.816736
-0.780762 -0.922974 -4.000000 -0.214556 -1.364944 -5.806293
-0.783447 -0.912109 -4.000000 -0.226185 -1.381083 -5.797511
-0.781494 -0.908203 -4.000000 -0.242799 -1.386067 -5.792290
-0.778320 -0.912842 -4.000000 -0.255615 -1.380846 -5.788255
