-0.783081 -0.918701 -4.000000 -0.233305 -1.393425 -5.809378
-0.788208 -0.910645 -4.000000 -0.308068 -1.439232 -5.822195
-0.789551 -0.919922 -4.000000 -0.350552 -1.486462 -5.839520
-0.782349 -0.915771 -4.000000 -0.355298 -1.527759 -5.836435
-0.783936 -0.918335 -4.000000 -0.338447 -1.552443 -5.836910
-0.783569 -0.917358 -4.000000 -0.275552 -1.548645 -5.835960
-0.786255 -0.914063 -4.000000 -0.207198 -1.556952 -5.780185
-0.788574 -0.914063 -4.000000 -0.177056 -1.560750 -5.748857
-0.787476 -0.918091 -4.000000 -0.132673 -1.517791 -5.749568
-0.789917 -0.924316 -4.000000 -0.096123 -1.452760 -5.761673
-0.786133 -0.913696 -4.000000 -0.087104 -1.384881 -5.815311
-0.784424 -0.917480 -4.000000 -0.078797 -1.321273 -5.849014
-0.781982 -0.916260 -4.000000 -0.051266 -1.230847 -5.914520
-0.786743 -0.917725 -4.000000 -0.034414 -1.149202 -5.987383
-0.784058 -0.916626 -4.000000 -0.030142 -1.098173 -6.057399
-0.789673 -0.911377 -4.000000 -0.083544 -1.115974 -6.121006
-0.782104 -0.911255 -4.000000 -0.180616 -1.180293 -6.188411
-0.787598 -0.909302 -4.000000 -0.313052 -1.246749 -6.257951
-0.784668 -0.913696 -4.000000 -0.453795 -1.288283 -6.330103
-0.781250 -0.914307 -4.000000 -0.594300 -1.307270 -6.408188
-0.783936 -0.921997 -4.000000 -0.737179 -1.313916 -6.471795
-0.776855 -0.913696 -4.000000 -0.874362 -1.302761 -6.513804
-0.784058 -0.916748 -4.000000 -0.967162 -1.268109 -6.562222
-0.776611 -0.923218 -4.000000 -1.000864 -1.208062 -6.587617
-0.781860 -0.919189 -4.000000 -0.997304 -1.149202 -6.583819
-0.786255 -0.912598 -4.000000 -0.991608 -1.105294 -6.584531
-0.781616 -0.913696 -4.000000 -1.010358 -1.081085 -6.574800
-0.780640 -0.914673 -4.000000 -1.042873 -1.092003 -6.557000
-0.782104 -0.915894 -4.000000 -1.091291 -1.136623 -6.553203
-0.785645 -0.915161 -4.000000 -1.172224 -1.183853 -6.561984
-0.782715 -0.914429 -4.000000 -1.283536 -1.219692 -6.584531
-0.780640 -0.911743 -4.000000 -1.423804 -1.253157 -6.619421
-0.789673 -0.912231 -4.000000 -1.562648 -1.282587 -6.627728
-0.788086 -0.917236 -4.000000 -1.632664 -1.253394 -6.613250
-0.782959 -0.919922 -4.000000 -1.611066 -1.129977 -6.541098
-0.780884 -0.918091 -4.000000 -1.520402 -0.989946 -6.440941
-0.782837 -0.912720 -4.000000 -1.441605 -0.925152 -6.357634
-0.783081 -0.918701 -4.000000 -1.425228 -0.956481 -6.293552
-0.786499 -0.922607 -4.000000 -1.489548 -1.068269 -6.252018
-0.781006 -0.920898 -4.000000 -1.597063 -1.256480 -6.226385
-0.781616 -0.915527 -4.000000 -1.750147 -1.465576 -6.230657
-0.778198 -0.921021 -4.000000 -1.920558 -1.637648 -6.244423
-0.782349 -0.918457 -4.000000 -2.040652 -1.745163 -6.261511
-0.790649 -0.912598 -4.000000 -2.063674 -1.747062 -6.193157
-0.784790 -0.919312 -4.000000 -2.025699 -1.668502 -6.038412
-0.785400 -0.918945 -4.000000 -1.901333 -1.524911 -5.863255
-0.781372 -0.916016 -4.000000 -1.766761 -1.402681 -5.724173
-0.785522 -0.922974 -4.000000 -1.660670 -1.355925 -5.604316
-0.776489 -0.924683 -4.000000 -1.584958 -1.375862 -5.515551
-0.783936 -0.918823 -4.000000 -1.593503 -1.489548 -5.474016
-0.786377 -0.911255 -4.000000 -1.665891 -1.704815 -5.469270
-0.784302 -0.912842 -4.000000 -1.728787 -1.914861 -5.456453
-0.786743 -0.913696 -4.000000 -1.691761 -2.010272 -5.402814
-0.793701 -0.913086 -4.000000 -1.518503 -1.934086 -5.302894
-0.788940 -0.915039 -4.000000 -1.232983 -1.721429 -5.155268
-0.780273 -0.918823 -4.000000 -0.948412 -1.485276 -5.012627
-0.786377 -0.921387 -4.000000 -0.693508 -1.320324 -4.933830
-0.774048 -0.915649 -4.000000 -0.506721 -1.269058 -4.921725
-0.782471 -0.916626 -4.000000 -0.431485 -1.338125 -4.969431
-0.779419 -0.923584 -4.000000 -0.443589 -1.445165 -5.032089
-0.785156 -0.917358 -4.000000 -0.517877 -1.542000 -5.077421
-0.781616 -0.920898 -4.000000 -0.568667 -1.603708 -5.097357
-0.786743 -0.911743 -4.000000 -0.548968 -1.629578 -5.108750
-0.778076 -0.912598 -4.000000 -0.435994 -1.636936 -5.103054
-0.786499 -0.912598 -4.000000 -0.198416 -1.632427 -5.075759
-0.782837 -0.906006 -4.000000 0.089715 -1.608930 -5.078608
-0.788818 -0.919312 -4.000000 0.389475 -1.637648 -5.102342
-0.786011 -0.915527 -4.000000 0.441216 -1.545560 -5.046566
-0.780151 -0.911377 -4.000000 0.478003 -1.583060 -5.095933
-0.783691 -0.923706 -4.000000 0.492718 -1.587094 -5.189208
-0.783325 -0.917969 -4.000000 0.520962 -1.619135 -5.300283
-0.782471 -0.913818 -4.000000 0.566769 -1.756555 -5.425362
-0.777832 -0.916260 -4.000000 0.585281 -1.941681 -5.556611
-0.778198 -0.920166 -4.000000 0.643430 -2.094053 -5.674094
-0.780518 -0.922974 -4.000000 0.724837 -2.118499 -5.769268
-0.783569 -0.919800 -4.000000 0.827368 -2.049433 -5.869663
-0.790649 -0.921021 -4.000000 0.903317 -2.004339 -5.972668
-0.790649 -0.919800 -4.000000 0.937494 -1.998880 -6.074487
-0.789673 -0.916260 -4.000000 0.921118 -2.043500 -6.131686
-0.785522 -0.917603 -4.000000 0.921592 -2.063674 -6.155183
-0.786743 -0.913940 -4.000000 0.894773 -2.078864 -6.197430
-0.779785 -0.915649 -4.000000 0.874836 -2.061300 -6.257477
-0.783936 -0.906250 -4.000000 0.870802 -2.023089 -6.319422
-0.781738 -0.912720 -4.000000 0.865580 -1.975146 -6.332476
-0.789063 -0.924561 -4.000000 0.820248 -1.862884 -6.344343
-0.783936 -0.925415 -4.000000 0.802922 -1.732347 -6.351226
-0.781860 -0.910278 -4.000000 0.788919 -1.679895 -6.362144
-0.780029 -0.919434 -4.000000 0.695170 -1.699356 -6.338647
-0.784790 -0.917603 -4.000000 0.571278 -1.719056 -6.318710
-0.788208 -0.916870 -4.000000 0.486310 -1.659246 -6.324407
-0.781006 -0.914429 -4.000000 0.381406 -1.615338 -6.349565
-0.785156 -0.915649 -4.000000 0.156407 -1.579974 -6.354311
-0.781250 -0.915649 -4.000000 0.004509 -1.485276 -6.375909
-0.778809 -0.919922 -4.000000 -0.097072 -1.332428 -6.373774
-0.781982 -0.917480 -4.000000 -0.157119 -1.188838 -6.364042
-0.783081 -0.917358 -4.000000 -0.194144 -1.141607 -6.346716
-0.784058 -0.914185 -4.000000 -0.276264 -1.165815 -6.327967
-0.782593 -0.917236 -4.000000 -0.372150 -1.166290 -6.309217
-0.790283 -0.915894 -4.000000 -0.420330 -1.091053 -6.287144
-0.785156 -0.916626 -4.000000 -0.455693 -1.022225 -6.270056
-0.783569 -0.916748 -4.000000 -0.500313 -1.040974 -6.260324
-0.781006 -0.918823 -4.000000 -0.534728 -1.074677 -6.257002
-0.782349 -0.916748 -4.000000 -0.544696 -1.066370 -6.250831
-0.775513 -0.915527 -4.000000 -0.547069 -1.049756 -6.236353
-0.783691 -0.923218 -4.000000 -0.597860 -1.042873 -6.217129
-0.786987 -0.920044 -4.000000 -0.695407 -1.057826 -6.182952
-0.778320 -0.921509 -4.000000 -0.805533 -1.074914 -6.168949
-0.783691 -0.914185 -4.000000 -0.922542 -1.149202 -6.177968
-0.783569 -0.914673 -4.000000 -0.959092 -1.196195 -6.182240
-0.779419 -0.915039 -4.000000 -1.007272 -1.242951 -6.170610
-0.786255 -0.916016 -4.000000 -1.010120 -1.271907 -6.148775
-0.787964 -0.917358 -4.000000 -0.936545 -1.236780 -6.078522
-0.790771 -0.924927 -4.000000 -0.875786 -1.184328 -5.997826
-0.789429 -0.918579 -4.000000 -0.801973 -1.115262 -5.934931
-0.782227 -0.914185 -4.000000 -0.744536 -1.075626 -5.870375
-0.781006 -0.914673 -4.000000 -0.733619 -1.095088 -5.849014
-0.783691 -0.916260 -4.000000 -0.745723 -1.159170 -5.851624
-0.786865 -0.910767 -4.000000 -0.777289 -1.228711 -5.860169
-0.782227 -0.913086 -4.000000 -0.804584 -1.267635 -5.871799
-0.792114 -0.920654 -4.000000 -0.790106 -1.254818 -5.874647
-0.788086 -0.914307 -4.000000 -0.753555 -1.207825 -5.851862
-0.781860 -0.913696 -4.000000 -0.733856 -1.172461 -5.826229
-0.780884 -0.914551 -4.000000 -0.710359 -1.130214 -5.820296
-0.787354 -0.916748 -4.000000 -0.686625 -1.077525 -5.807954
-0.783936 -0.916626 -4.000000 -0.686863 -1.055927 -5.811277
-0.784180 -0.913574 -4.000000 -0.706799 -1.092477 -5.831925
-0.782471 -0.913818 -4.000000 -0.740502 -1.178869 -5.860169
-0.778931 -0.913940 -4.000000 -0.754030 -1.294929 -5.886039
-0.782959 -0.914551 -4.000000 -0.768745 -1.390102 -5.912858
-0.780518 -0.918579 -4.000000 -0.745248 -1.464390 -5.912384
-0.780151 -0.922363 -4.000000 -0.667401 -1.448488 -5.891735
-0.783813 -0.905884 -4.000000 -0.568430 -1.372302 -5.841419
-0.784546 -0.917603 -4.000000 -0.469459 -1.271669 -5.797511
-0.780640 -0.919312 -4.000000 -0.391849 -1.208774 -5.767369
-0.788818 -0.920166 -4.000000 -0.375710 -1.215420 -5.763809
-0.789429 -0.918823 -4.000000 -0.386390 -1.242239 -5.781372
-0.784302 -0.916992 -4.000000 -0.417956 -1.254818 -5.788730
-0.785156 -0.911865 -4.000000 -0.451896 -1.266685 -5.814363
-0.795532 -0.913574 -4.000000 -0.479902 -1.302049 -5.837384
-0.787476 -0.920654 -4.000000 -0.475155 -1.371590 -5.862542
-0.786011 -0.914551 -4.000000 -0.437893 -1.429263 -5.869425
-0.785767 -0.910767 -4.000000 -0.386865 -1.438282 -5.870137
-0.783936 -0.921875 -4.000000 -0.335362 -1.419770 -5.857083
-0.783813 -0.912964 -4.000000 -0.296438 -1.397934 -5.832637
-0.779419 -0.911987 -4.000000 -0.279350 -1.379422 -5.828840
-0.787842 -0.915405 -4.000000 -0.289792 -1.380371 -5.828128
-0.792847 -0.913818 -4.000000 -0.316612 -1.385593 -5.835960
-0.787842 -0.922607 -4.000000 -0.346754 -1.412175 -5.855422
-0.787231 -0.914063 -4.000000 -0.371200 -1.434959 -5.872273
-0.782837 -0.917358 -4.000000 -0.373811 -1.440181 -5.877732
