-0.787231 -0.914551 -4.000000 -0.134572 -1.699119 -5.862542
-0.780273 -0.915283 -4.000000 -0.125078 -1.673486 -5.861356
-0.779907 -0.918701 -4.000000 -0.088053 -1.602047 -5.862780
-0.778442 -0.917358 -4.000000 -0.020411 -1.526098 -5.874647
-0.789063 -0.914551 -4.000000 0.081645 -1.457507 -5.887701
-0.785034 -0.911255 -4.000000 0.188211 -1.381320 -5.924963
-0.782837 -0.917114 -4.000000 0.317561 -1.306558 -5.946086
-0.780518 -0.921021 -4.000000 0.427450 -1.289470 -5.962937
-0.785400 -0.916748 -4.000000 0.485598 -1.335276 -5.953681
-0.780884 -0.920044 -4.000000 0.453083 -1.421906 -5.937304
-0.787842 -0.918579 -4.000000 0.358621 -1.514706 -5.972431
-0.781372 -0.913574 -4.000000 0.252530 -1.559800 -6.029867
-0.781982 -0.921997 -4.000000 0.195331 -1.560987 -6.089440
-0.782715 -0.916626 -4.000000 0.148812 -1.548645 -6.141417
-0.782593 -0.914917 -4.000000 0.106328 -1.505687 -6.208347
-0.782104 -0.920288 -4.000000 0.064319 -1.443266 -6.269581
-0.780640 -0.918579 -4.000000 0.020174 -1.397222 -6.285008
-0.786621 -0.920776 -4.000000 -0.087579 -1.377048 -6.299961
-0.784302 -0.916748 -4.000000 -0.242324 -1.367792 -6.309691
-0.781372 -0.923584 -4.000000 -0.421279 -1.358773 -6.341021
-0.781494 -0.924194 -4.000000 -0.573889 -1.338362 -6.403203
-0.784790 -0.921753 -4.000000 -0.695170 -1.308457 -6.463488
-0.786011 -0.917847 -4.000000 -0.790106 -1.292555 -6.522823
-0.782715 -0.911499 -4.000000 -0.873412 -1.314391 -6.576699
-0.780884 -0.918335 -4.000000 -0.941054 -1.315340 -6.604468
-0.785400 -0.918701 -4.000000 -0.981639 -1.261226 -6.606130
-0.788330 -0.918213 -4.000000 -1.026734 -1.169613 -6.575512
-0.778687 -0.919067 -4.000000 -1.096749 -1.059962 -6.533266
-0.781982 -0.924438 -4.000000 -1.152050 -0.932985 -6.493393
-0.785278 -0.915283 -4.000000 -1.210198 -0.852052 -6.476067
-0.783569 -0.909180 -4.000000 -1.265736 -0.855612 -6.463725
-0.780518 -0.912598 -4.000000 -1.330530 -0.924678 -6.469659
-0.777832 -0.917603 -4.000000 -1.411463 -1.016766 -6.482000
-0.782471 -0.924927 -4.000000 -1.524911 -1.111227 -6.509532
-0.789185 -0.916626 -4.000000 -1.637173 -1.185040 -6.535165
-0.780396 -0.920532 -4.000000 -1.727363 -1.216606 -6.514516
-0.781860 -0.916626 -4.000000 -1.791444 -1.180531 -6.467523
-0.787720 -0.918091 -4.000000 -1.823011 -1.090341 -6.387539
-0.786011 -0.918945 -4.000000 -1.818501 -1.004661 -6.294739
-0.782715 -0.916016 -4.000000 -1.775780 -0.960279 -6.213331
-0.782349 -0.911133 -4.000000 -1.776492 -0.958617 -6.137620
-0.789429 -0.915161 -4.000000 -1.805922 -1.004187 -6.088965
-0.787720 -0.915283 -4.000000 -1.853153 -1.128316 -6.053601
-0.787842 -0.919800 -4.000000 -1.907029 -1.293030 -6.005421
-0.789795 -0.911377 -4.000000 -1.922694 -1.458693 -5.955817
-0.781738 -0.916626 -4.000000 -1.884007 -1.551731 -5.890074
-0.782471 -0.914917 -4.000000 -1.791682 -1.530133 -5.791815
-0.780151 -0.914307 -4.000000 -1.657585 -1.446114 -5.680502
-0.786743 -0.915405 -4.000000 -1.495718 -1.333615 -5.564918
-0.789673 -0.913574 -4.000000 -1.353077 -1.267397 -5.451706
-0.789795 -0.911743 -4.000000 -1.251021 -1.252682 -5.353922
-0.785522 -0.917114 -4.000000 -1.184565 -1.289470 -5.274651
-0.784668 -0.912964 -4.000000 -1.151812 -1.370878 -5.238100
-0.783813 -0.913330 -4.000000 -1.171512 -1.466763 -5.219825
-0.775024 -0.918823 -4.000000 -1.220166 -1.543187 -5.209382
-0.784790 -0.922974 -4.000000 -1.260040 -1.545085 -5.195854
-0.787476 -0.917480 -4.000000 -1.237018 -1.463203 -5.174255
-0.788086 -0.919922 -4.000000 -1.156322 -1.398409 -5.169746
-0.782715 -0.920288 -4.000000 -1.045009 -1.391526 -5.148386
-0.782715 -0.919922 -4.000000 -0.931323 -1.435434 -5.142215
-0.788208 -0.912964 -4.000000 -0.773967 -1.451810 -5.164287
-0.785278 -0.912598 -4.000000 -0.574838 -1.421194 -5.169271
-0.780518 -0.909424 -4.000000 -0.409887 -1.437333 -5.193480
-0.783691 -0.916626 -4.000000 -0.301422 -1.546035 -5.223860
-0.778198 -0.920410 -4.000000 -0.234255 -1.691287 -5.263021
-0.782715 -0.922974 -4.000000 -0.171597 -1.830131 -5.302894
-0.782349 -0.920166 -4.000000 -0.083781 -1.931950 -5.342767
-0.779541 -0.921631 -4.000000 0.042247 -1.950700 -5.357008
-0.784058 -0.916992 -4.000000 0.124129 -1.977757 -5.409223
-0.786743 -0.919922 -4.000000 0.175632 -1.836776 -5.343479
-0.789185 -0.918945 -4.000000 0.201502 -1.779103 -5.305030
-0.782471 -0.921753 -4.000000 0.369301 -1.755843 -5.302182
-0.786499 -0.912720 -4.000000 0.543035 -1.733059 -5.351549
-0.781982 -0.916138 -4.000000 0.692796 -1.712885 -5.401865
-0.791870 -0.916870 -4.000000 0.792242 -1.701255 -5.457403
-0.787598 -0.915527 -4.000000 0.783935 -1.761065 -5.525282
-0.786621 -0.916138 -4.000000 0.731720 -1.874988 -5.575835
-0.783813 -0.913574 -4.000000 0.747859 -1.938121 -5.616420
-0.784302 -0.918579 -4.000000 0.782036 -1.969450 -5.659142
-0.781128 -0.917358 -4.000000 0.828792 -1.982503 -5.715866
-0.784912 -0.911621 -4.000000 0.873650 -1.967551 -5.803682
-0.784424 -0.912842 -4.000000 0.902130 -1.897061 -5.872273
-0.778931 -0.913452 -4.000000 0.945089 -1.791444 -5.922115
-0.782471 -0.916016 -4.000000 0.960754 -1.706239 -5.946086
-0.783569 -0.914185 -4.000000 0.965263 -1.666603 -5.946798
-0.786621 -0.912964 -4.000000 0.914235 -1.701967 -5.941102
-0.783081 -0.910156 -4.000000 0.824283 -1.791919 -5.994978
-0.783813 -0.915283 -4.000000 0.721040 -1.861697 -6.082557
-0.773804 -0.915161 -4.000000 0.656246 -1.864071 -6.176069
-0.785645 -0.919312 -4.000000 0.605692 -1.799989 -6.253442
-0.776855 -0.910034 -4.000000 0.550629 -1.699356 -6.329391
-0.782104 -0.914429 -4.000000 0.465424 -1.575227 -6.408662
-0.784424 -0.913086 -4.000000 0.398494 -1.410513 -6.460877
-0.782227 -0.916626 -4.000000 0.337023 -1.319137 -6.518788
-0.781494 -0.921265 -4.000000 0.223575 -1.336226 -6.533029
-0.780273 -0.918701 -4.000000 0.052452 -1.453472 -6.519026
-0.785034 -0.916138 -4.000000 -0.155933 -1.528946 -6.516178
-0.780884 -0.918579 -4.000000 -0.305220 -1.512095 -6.549168
-0.787354 -0.915771 -4.000000 -0.391137 -1.448962 -6.586905
-0.780396 -0.917969 -4.000000 -0.449522 -1.422143 -6.589278
-0.779419 -0.910278 -4.000000 -0.531880 -1.445877 -6.591889
-0.789307 -0.917725 -4.000000 -0.654110 -1.422618 -6.545133
-0.784546 -0.912598 -4.000000 -0.706799 -1.358773 -6.486747
-0.777954 -0.910767 -4.000000 -0.691610 -1.260989 -6.436194
-0.783569 -0.915039 -4.000000 -0.663129 -1.199043 -6.389438
-0.780029 -0.915161 -4.000000 -0.656483 -1.194059 -6.344818
-0.781006 -0.911865 -4.000000 -0.688762 -1.209486 -6.307081
-0.786987 -0.917236 -4.000000 -0.736704 -1.222302 -6.285245
-0.779175 -0.909546 -4.000000 -0.760676 -1.223014 -6.269581
-0.788818 -0.915161 -4.000000 -0.764473 -1.224439 -6.254154
-0.789429 -0.911133 -4.000000 -0.774679 -1.232983 -6.227334
-0.780884 -0.913818 -4.000000 -0.771831 -1.234882 -6.189123
-0.776611 -0.911499 -4.000000 -0.755691 -1.242714 -6.147825
-0.780396 -0.918457 -4.000000 -0.717242 -1.219692 -6.095373
-0.785034 -0.916260 -4.000000 -0.681641 -1.170800 -6.046006
-0.786499 -0.911621 -4.000000 -0.669537 -1.142556 -5.995215
-0.779785 -0.916992 -4.000000 -0.678793 -1.179344 -5.988333
-0.790161 -0.916748 -4.000000 -0.698255 -1.247460 -5.991893
-0.783447 -0.916992 -4.000000 -0.707986 -1.313679 -6.004234
-0.783569 -0.919434 -4.000000 -0.705850 -1.370165 -6.010643
-0.782104 -0.915527 -4.000000 -0.696831 -1.407665 -6.009456
-0.787476 -0.920776 -4.000000 -0.667638 -1.415023 -5.991893
-0.782593 -0.913086 -4.000000 -0.623493 -1.399596 -5.966260
-0.786133 -0.917480 -4.000000 -0.571515 -1.376574 -5.917843
-0.791504 -0.920288 -4.000000 -0.531642 -1.374200 -5.888175
-0.776733 -0.909546 -4.000000 -0.493905 -1.376099 -5.865153
-0.786011 -0.916626 -4.000000 -0.468747 -1.393662 -5.863966
-0.778076 -0.915894 -4.000000 -0.464712 -1.405054 -5.877495
-0.784912 -0.917114 -4.000000 -0.454981 -1.407428 -5.878207
-0.791748 -0.919312 -4.000000 -0.446437 -1.407665 -5.876308
-0.785278 -0.920044 -4.000000 -0.427213 -1.423804 -5.868001
-0.781128 -0.922241 -4.000000 -0.405615 -1.430925 -5.853523
-0.785278 -0.921753 -4.000000 -0.394222 -1.438994 -5.853049
-0.785645 -0.918091 -4.000000 -0.385441 -1.424516 -5.847353
-0.786133 -0.917725 -4.000000 -0.397308 -1.415260 -5.835248
-0.773560 -0.916992 -4.000000 -0.417482 -1.399358 -5.825280
-0.784790 -0.913330 -4.000000 -0.424602 -1.362571 -5.824805
-0.782837 -0.916870 -4.000000 -0.415583 -1.342397 -5.820058
-0.782227 -0.919800 -4.000000 -0.402766 -1.344770 -5.823381
-0.786377 -0.916504 -4.000000 -0.381406 -1.361147 -5.819821
-0.784180 -0.913330 -4.000000 -0.377846 -1.367317 -5.828365
-0.781006 -0.911133 -4.000000 -0.371912 -1.362571 -5.830739
-0.780396 -0.917603 -4.000000 -0.370488 -1.361859 -5.831688
-0.785400 -0.918457 -4.000000 -0.375947 -1.367792 -5.831213
-0.779297 -0.914429 -4.000000 -0.383305 -1.379659 -5.834774
-0.781494 -0.919800 -4.000000 -0.380931 -1.374912 -5.843081
-0.780518 -0.924316 -4.000000 -0.367165 -1.363283 -5.847115
-0.784424 -0.921387 -4.000000 -0.370014 -1.359722 -5.851624
-0.786621 -0.914673 -4.000000 -0.373574 -1.360672 -5.860406
-0.787720 -0.916748 -4.000000 -0.373336 -1.362571 -5.859220
