-0.786621 -0.922607 -4.000000 -0.603794 -1.804261 -5.960564
-0.776123 -0.925415 -4.000000 -0.534016 -1.836776 -5.977890
-0.786499 -0.919556 -4.000000 -0.454981 -1.840574 -5.999488
-0.787354 -0.924072 -4.000000 -0.344618 -1.833216 -6.005659
-0.782593 -0.918579 -4.000000 -0.237103 -1.831318 -6.004234
-0.785645 -0.913696 -4.000000 -0.144303 -1.854577 -6.003048
-0.783569 -0.911255 -4.000000 -0.051028 -1.893738 -5.994266
-0.781982 -0.921631 -4.000000 0.028481 -1.945478 -5.989994
-0.789429 -0.918823 -4.000000 0.082594 -2.006949 -5.961988
-0.782715 -0.914917 -4.000000 0.126028 -2.075066 -5.955817
-0.788574 -0.916016 -4.000000 0.188686 -2.168341 -5.919979
-0.777832 -0.917725 -4.000000 0.240426 -2.256157 -5.914045
-0.782959 -0.918701 -4.000000 0.266058 -2.334242 -5.907637
-0.786377 -0.917236 -4.000000 0.326106 -2.413988 -5.882954
-0.781372 -0.917969 -4.000000 0.389950 -2.463355 -5.869900
-0.779907 -0.927002 -4.000000 0.426500 -2.511060 -5.836197
-0.781128 -0.912354 -4.000000 0.464475 -2.541677 -5.835723
-0.777710 -0.914185 -4.000000 0.513367 -2.554019 -5.834299
-0.783203 -0.919189 -4.000000 0.558462 -2.567073 -5.831213
-0.789185 -0.923340 -4.000000 0.575076 -2.598876 -5.832637
-0.781372 -0.916260 -4.000000 0.561072 -2.696660 -5.827653
-0.787598 -0.911621 -4.000000 0.506721 -2.849270 -5.827891
-0.782227 -0.919312 -4.000000 0.456405 -3.042465 -5.816024
-0.783569 -0.925171 -4.000000 0.450709 -3.264141 -5.811039
-0.779907 -0.918579 -4.000000 0.485598 -3.485579 -5.829315
-0.785767 -0.914185 -4.000000 0.557750 -3.673790 -5.840470
-0.782837 -0.920288 -4.000000 0.636784 -3.779407 -5.802021
-0.787720 -0.922607 -4.000000 0.763761 -3.748790 -5.756214
-0.783203 -0.920654 -4.000000 0.965738 -3.608759 -5.726784
-0.783325 -0.919434 -4.000000 1.198331 -3.414377 -5.727021
-0.787109 -0.920044 -4.000000 1.380846 -3.219996 -5.721087
-0.785522 -0.927002 -4.000000 1.506873 -3.033209 -5.714205
-0.788330 -0.920532 -4.000000 1.526098 -2.952988 -5.757638
-0.779419 -0.919189 -4.000000 1.424754 -2.976722 -5.805343
-0.780762 -0.915527 -4.000000 1.181717 -3.084237 -5.832163
-0.788330 -0.916138 -4.000000 0.907115 -3.223556 -5.863017
-0.786743 -0.917114 -4.000000 0.642480 -3.334868 -5.883191
-0.791016 -0.911377 -4.000000 0.427687 -3.364299 -5.906450
-0.784912 -0.923950 -4.000000 0.275789 -3.269837 -5.916656
-0.781860 -0.914429 -4.000000 0.197230 -3.097528 -5.934456
-0.789795 -0.914307 -4.000000 0.154271 -2.929966 -5.948460
-0.783813 -0.921021 -4.000000 0.121993 -2.777831 -5.940865
-0.783325 -0.924927 -4.000000 0.090901 -2.629493 -5.927336
-0.784302 -0.919067 -4.000000 0.072626 -2.496820 -5.923064
-0.777832 -0.918213 -4.000000 0.073575 -2.379811 -5.935643
-0.782104 -0.917847 -4.000000 0.065743 -2.264464 -5.948460
-0.787109 -0.913086 -4.000000 0.046756 -2.188515 -5.947510
-0.784302 -0.917603 -4.000000 0.021361 -2.142708 -5.940390
-0.786499 -0.916382 -4.000000 -0.010443 -2.085034 -5.940865
-0.787720 -0.913818 -4.000000 -0.024209 -2.018105 -5.950833
-0.782104 -0.915771 -4.000000 -0.049367 -1.937171 -5.954156
-0.782349 -0.909302 -4.000000 -0.072151 -1.842235 -5.938491
-0.786255 -0.916382 -4.000000 -0.101819 -1.711698 -5.938254
-0.784668 -0.921997 -4.000000 -0.115110 -1.558376 -5.947985
-0.785889 -0.926147 -4.000000 -0.111075 -1.415735 -5.960564
-0.779175 -0.919800 -4.000000 -0.104192 -1.320799 -5.952257
-0.786987 -0.916870 -4.000000 -0.140505 -1.285435 -5.961988
-0.789307 -0.917358 -4.000000 -0.231169 -1.281400 -5.960801
-0.786743 -0.921631 -4.000000 -0.367403 -1.280213 -5.958665
-0.781128 -0.918335 -4.000000 -0.525471 -1.297302 -5.955817
-0.786011 -0.916626 -4.000000 -0.720090 -1.321985 -5.945849
-0.787964 -0.916260 -4.000000 -0.909488 -1.336938 -5.943475
-0.786621 -0.919556 -4.000000 -1.041924 -1.310356 -5.952257
-0.781250 -0.920410 -4.000000 -1.108142 -1.207825 -5.949172
-0.787476 -0.918213 -4.000000 -1.110990 -1.041449 -5.937779
-0.783813 -0.920044 -4.000000 -1.079661 -0.842321 -5.933270
-0.793335 -0.917114 -4.000000 -1.005136 -0.637971 -5.934931
-0.784180 -0.917236 -4.000000 -0.889077 -0.463526 -5.951545
-0.787354 -0.911133 -4.000000 -0.768983 -0.368827 -5.976940
-0.783081 -0.915894 -4.000000 -0.728160 -0.371675 -5.994266
-0.776733 -0.919434 -4.000000 -0.805296 -0.494142 -6.002099
-0.779297 -0.915039 -4.000000 -0.971196 -0.674521 -5.989282
-0.787842 -0.917847 -4.000000 -1.179344 -0.811466 -5.980026
-0.787720 -0.921265 -4.000000 -1.354026 -0.865105 -5.965786
-0.785889 -0.918335 -4.000000 -1.474595 -0.857985 -5.975279
-0.777466 -0.910278 -4.000000 -1.582348 -0.819299 -5.977653
-0.790283 -0.913574 -4.000000 -1.647616 -0.771831 -5.985722
-0.782349 -0.922729 -4.000000 -1.634088 -0.714394 -5.985247
-0.783691 -0.920166 -4.000000 -1.570006 -0.690898 -5.982162
-0.786133 -0.913086 -4.000000 -1.513044 -0.713920 -5.965311
-0.782959 -0.917603 -4.000000 -1.461067 -0.728635 -5.959377
-0.782104 -0.912842 -4.000000 -1.420482 -0.738603 -5.952969
-0.786377 -0.916016 -4.000000 -1.449437 -0.799837 -5.964124
-0.784424 -0.914429 -4.000000 -1.565734 -0.887890 -5.963887
-0.788696 -0.909424 -4.000000 -1.708613 -0.935358 -5.963887
-0.783203 -0.914185 -4.000000 -1.802362 -0.908301 -5.969108
-0.790527 -0.919189 -4.000000 -1.850542 -0.857510 -5.952020
-0.781372 -0.909790 -4.000000 -1.849593 -0.789394 -5.941814
-0.783691 -0.921021 -4.000000 -1.793581 -0.702290 -5.922589
-0.790161 -0.920532 -4.000000 -1.692948 -0.599522 -5.894346
-0.788696 -0.922119 -4.000000 -1.574515 -0.496041 -5.890786
-0.781250 -0.920532 -4.000000 -1.458693 -0.436943 -5.879394
-0.782715 -0.914795 -4.000000 -1.377286 -0.414871 -5.864441
-0.785522 -0.925781 -4.000000 -1.322223 -0.414871 -5.860406
-0.784668 -0.922363 -4.000000 -1.269533 -0.408225 -5.840470
-0.777832 -0.916626 -4.000000 -1.231321 -0.409649 -5.837859
-0.784912 -0.915771 -4.000000 -1.246749 -0.454981 -5.844267
-0.778931 -0.915405 -4.000000 -1.313204 -0.561547 -5.855659
-0.778687 -0.916260 -4.000000 -1.418346 -0.671436 -5.867527
-0.783569 -0.924683 -4.000000 -1.507348 -0.740502 -5.870137
-0.784302 -0.920898 -4.000000 -1.534168 -0.769457 -5.863255
-0.786255 -0.914185 -4.000000 -1.492396 -0.771119 -5.852811
-0.785400 -0.912476 -4.000000 -1.394611 -0.753318 -5.821720
-0.780029 -0.917603 -4.000000 -1.259328 -0.713208 -5.788492
-0.784546 -0.917725 -4.000000 -1.103870 -0.715818 -5.736040
-0.780640 -0.920410 -4.000000 -0.906640 -0.734331 -5.710882
-0.789429 -0.912720 -4.000000 -0.715581 -0.740264 -5.708983
-0.777100 -0.910767 -4.000000 -0.549917 -0.764473 -5.711119
-0.779175 -0.914063 -4.000000 -0.440266 -0.811229 -5.731531
-0.784668 -0.921265 -4.000000 -0.416770 -0.860359 -5.759537
-0.786133 -0.919556 -4.000000 -0.431485 -0.910437 -5.789442
-0.784790 -0.920776 -4.000000 -0.479190 -0.990184 -5.805818
-0.783447 -0.916870 -4.000000 -0.566531 -1.105768 -5.835248
-0.786743 -0.921753 -4.000000 -0.688999 -1.256242 -5.865865
-0.786987 -0.917114 -4.000000 -0.810042 -1.404342 -5.879394
-0.786987 -0.915527 -4.000000 -0.867004 -1.506873 -5.877495
-0.783203 -0.913818 -4.000000 -0.839235 -1.571905 -5.861356
-0.785645 -0.914673 -4.000000 -0.765185 -1.581161 -5.836672
-0.784790 -0.921265 -4.000000 -0.656958 -1.521351 -5.816024
-0.782959 -0.917114 -4.000000 -0.523098 -1.425940 -5.790628
-0.782959 -0.914307 -4.000000 -0.404191 -1.333140 -5.768081
-0.784058 -0.916382 -4.000000 -0.326106 -1.265024 -5.760724
-0.784180 -0.917480 -4.000000 -0.294065 -1.237967 -5.770929
-0.784180 -0.920288 -4.000000 -0.297862 -1.255293 -5.762622
-0.788086 -0.920776 -4.000000 -0.311628 -1.283299 -5.761436
-0.789917 -0.915894 -4.000000 -0.318273 -1.310356 -5.771878
-0.783691 -0.914917 -4.000000 -0.325156 -1.343821 -5.782559
-0.788086 -0.915771 -4.000000 -0.342957 -1.376336 -5.771641
-0.785278 -0.913818 -4.000000 -0.346992 -1.389627 -5.769742
-0.778198 -0.914429 -4.000000 -0.335599 -1.385593 -5.766657
-0.782959 -0.915649 -4.000000 -0.305457 -1.388203 -5.773303
-0.788086 -0.917603 -4.000000 -0.269381 -1.378235 -5.777337
-0.783081 -0.915405 -4.000000 -0.241612 -1.369216 -5.768793
-0.789429 -0.917847 -4.000000 -0.225711 -1.357349 -5.772828
-0.788574 -0.920288 -4.000000 -0.215742 -1.331242 -5.775676
-0.779907 -0.914673 -4.000000 -0.201739 -1.342397 -5.769030
-0.779297 -0.916992 -4.000000 -0.201977 -1.349042 -5.772353
-0.780029 -0.924194 -4.000000 -0.239714 -1.359010 -5.746008
-0.786377 -0.914917 -4.000000 -0.269856 -1.353552 -5.726072
-0.782471 -0.916748 -4.000000 -0.265109 -1.331716 -5.730106
-0.790161 -0.922852 -4.000000 -0.243986 -1.326495 -5.737226
-0.779175 -0.920288 -4.000000 -0.224287 -1.330292 -5.731768
-0.782959 -0.915649 -4.000000 -0.220726 -1.333852 -5.738176
-0.782593 -0.918213 -4.000000 -0.222863 -1.343821 -5.741973
-0.776367 -0.913330 -4.000000 -0.216929 -1.363045 -5.746008
-0.783813 -0.920410 -4.000000 -0.225711 -1.414311 -5.743160
-0.784302 -0.915649 -4.000000 -0.245173 -1.448013 -5.750280
-0.783325 -0.918701 -4.000000 -0.256328 -1.467712 -5.745771
-0.788208 -0.917114 -4.000000 -0.263210 -1.457032 -5.737939
-0.783569 -0.920166 -4.000000 -0.251818 -1.444690 -5.738413
