-0.779297 -0.911377 -4.000000 -0.276976 -1.596825 -5.955817
-0.785156 -0.912842 -4.000000 -0.288843 -1.595639 -6.021086
-0.781250 -0.916504 -4.000000 -0.320172 -1.589943 -6.057399
-0.786011 -0.917969 -4.000000 -0.334412 -1.620322 -6.069028
-0.786255 -0.909668 -4.000000 -0.358858 -1.654262 -6.082557
-0.792725 -0.914429 -4.000000 -0.356722 -1.655211 -6.098459
-0.781982 -0.912598 -4.000000 -0.341770 -1.656160 -6.113411
-0.785400 -0.915894 -4.000000 -0.316612 -1.654974 -6.117920
-0.782104 -0.918579 -4.000000 -0.266533 -1.675860 -6.131686
-0.786377 -0.917480 -4.000000 -0.207198 -1.748723 -6.155183
-0.788208 -0.915405 -4.000000 -0.139081 -1.852441 -6.188411
-0.785889 -0.920166 -4.000000 -0.056487 -1.961380 -6.213806
-0.784546 -0.916748 -4.000000 0.041060 -2.059639 -6.247983
-0.781616 -0.918823 -4.000000 0.150948 -2.161458 -6.286195
-0.786865 -0.915771 -4.000000 0.250631 -2.280603 -6.326068
-0.783081 -0.906006 -4.000000 0.327292 -2.413513 -6.366179
-0.786499 -0.912231 -4.000000 0.377134 -2.557342 -6.389201
-0.788330 -0.919067 -4.000000 0.409649 -2.709951 -6.414121
-0.788330 -0.921997 -4.000000 0.411311 -2.861849 -6.442839
-0.783081 -0.911987 -4.000000 0.375472 -2.981231 -6.477254
-0.784668 -0.913574 -4.000000 0.318511 -3.068810 -6.507396
-0.786255 -0.920166 -4.000000 0.264397 -3.163983 -6.544896
-0.780029 -0.917480 -4.000000 0.221676 -3.297131 -6.578835
-0.782593 -0.921387 -4.000000 0.210046 -3.449266 -6.619895
-0.781250 -0.917358 -4.000000 0.205299 -3.599503 -6.650275
-0.786621 -0.917236 -4.000000 0.209571 -3.727667 -6.655971
-0.787720 -0.910156 -4.000000 0.246597 -3.855593 -6.662142
-0.782227 -0.919434 -4.000000 0.289318 -4.005117 -6.649800
-0.780640 -0.920898 -4.000000 0.342482 -4.150132 -6.626541
-0.778320 -0.919189 -4.000000 0.427213 -4.215876 -6.585718
-0.787842 -0.913940 -4.000000 0.566531 -4.214926 -6.562696
-0.786865 -0.926880 -4.000000 0.729347 -4.214926 -6.561984
-0.787354 -0.930054 -4.000000 0.929899 -4.207569 -6.571240
-0.782349 -0.913330 -4.000000 1.162018 -4.141588 -6.564832
-0.784668 -0.918823 -4.000000 1.362096 -4.034547 -6.540149
-0.786377 -0.920288 -4.000000 1.477206 -3.864849 -6.522823
-0.784790 -0.922852 -4.000000 1.547221 -3.584076 -6.503599
-0.786499 -0.910889 -4.000000 1.523962 -3.214299 -6.459453
-0.785645 -0.912109 -4.000000 1.430687 -2.864935 -6.415071
-0.786133 -0.918823 -4.000000 1.313679 -2.606946 -6.367128
-0.785278 -0.916992 -4.000000 1.130689 -2.462643 -6.328679
-0.788208 -0.913208 -4.000000 0.908301 -2.366995 -6.295926
-0.783936 -0.920288 -4.000000 0.701578 -2.259480 -6.253917
-0.787842 -0.915161 -4.000000 0.529743 -2.126806 -6.206923
-0.784790 -0.915039 -4.000000 0.375472 -1.990098 -6.151623
-0.787720 -0.911987 -4.000000 0.249682 -1.865020 -6.106528
-0.786499 -0.914795 -4.000000 0.164952 -1.740654 -6.082557
-0.781372 -0.917603 -4.000000 0.102056 -1.659483 -6.039124
-0.786743 -0.914917 -4.000000 0.085205 -1.612965 -6.020848
-0.781128 -0.914063 -4.000000 0.045569 -1.588756 -6.008507
-0.783325 -0.911133 -4.000000 0.022310 -1.558614 -5.979314
-0.786987 -0.911621 -4.000000 0.017326 -1.504500 -5.957953
-0.795288 -0.920166 -4.000000 -0.035838 -1.439232 -5.933033
-0.786133 -0.919312 -4.000000 -0.080933 -1.377760 -5.926862
-0.782471 -0.925293 -4.000000 -0.128638 -1.329106 -5.913333
-0.782837 -0.921509 -4.000000 -0.177293 -1.298489 -5.893634
-0.785400 -0.916992 -4.000000 -0.226185 -1.278315 -5.872273
-0.786987 -0.921021 -4.000000 -0.298099 -1.283536 -5.867289
-0.784546 -0.922607 -4.000000 -0.371438 -1.312017 -5.863729
-0.784546 -0.914185 -4.000000 -0.419380 -1.348805 -5.859931
-0.777832 -0.914795 -4.000000 -0.437655 -1.392950 -5.853998
-0.783569 -0.918579 -4.000000 -0.459016 -1.441130 -5.864678
-0.787842 -0.911865 -4.000000 -0.481563 -1.457507 -5.866577
-0.781128 -0.919922 -4.000000 -0.501737 -1.403630 -5.876308
-0.784912 -0.918091 -4.000000 -0.519301 -1.270245 -5.876308
-0.786377 -0.916870 -4.000000 -0.532354 -1.097461 -5.862305
-0.783691 -0.922241 -4.000000 -0.546357 -0.915896 -5.849489
-0.782471 -0.921875 -4.000000 -0.586468 -0.749521 -5.840470
-0.784424 -0.918579 -4.000000 -0.648414 -0.589079 -5.842606
-0.784180 -0.915039 -4.000000 -0.749283 -0.437418 -5.838096
-0.781738 -0.913452 -4.000000 -0.898096 -0.305932 -5.822906
-0.785400 -0.919800 -4.000000 -1.066370 -0.199841 -5.815786
-0.786865 -0.921997 -4.000000 -1.251733 -0.126977 -5.795612
-0.779053 -0.919189 -4.000000 -1.408377 -0.081645 -5.775913
-0.780762 -0.917603 -4.000000 -1.554816 -0.065981 -5.779948
-0.785156 -0.914673 -4.000000 -1.663281 -0.068117 -5.765470
-0.783203 -0.919678 -4.000000 -1.739230 -0.060759 -5.748382
-0.788696 -0.914063 -4.000000 -1.764150 -0.042959 -5.748382
-0.788818 -0.910767 -4.000000 -1.748486 -0.000949 -5.751467
-0.784790 -0.916626 -4.000000 -1.676572 0.061708 -5.735803
-0.784302 -0.919556 -4.000000 -1.581873 0.137657 -5.722986
-0.784912 -0.911011 -4.000000 -1.456795 0.252767 -5.716104
-0.783936 -0.910767 -4.000000 -1.293030 0.394697 -5.708983
-0.785889 -0.921875 -4.000000 -1.172936 0.487260 -5.705423
-0.784912 -0.913940 -4.000000 -1.088443 0.519063 -5.707085
-0.783569 -0.920776 -4.000000 -1.076101 0.486310 -5.716578
-0.787231 -0.921143 -4.000000 -1.155373 0.372387 -5.737939
-0.788452 -0.919678 -4.000000 -1.314153 0.189872 -5.770217
-0.777222 -0.926392 -4.000000 -1.530370 -0.030142 -5.797274
-0.784546 -0.917725 -4.000000 -1.772695 -0.269856 -5.834299
-0.786377 -0.925049 -4.000000 -1.987013 -0.494617 -5.854236
-0.780273 -0.916992 -4.000000 -2.116838 -0.669300 -5.889836
-0.783325 -0.919556 -4.000000 -2.183056 -0.773017 -5.897194
-0.784668 -0.913574 -4.000000 -2.174274 -0.803160 -5.870137
-0.783325 -0.917603 -4.000000 -2.116838 -0.810517 -5.839995
-0.782959 -0.917236 -4.000000 -2.025937 -0.834014 -5.813650
-0.781982 -0.921387 -4.000000 -1.899909 -0.881482 -5.780423
-0.780273 -0.922729 -4.000000 -1.743027 -0.916846 -5.755265
-0.785645 -0.911255 -4.000000 -1.577363 -0.958143 -5.714205
-0.787598 -0.910522 -4.000000 -1.431874 -0.974994 -5.680265
-0.784058 -0.913208 -4.000000 -1.335751 -0.999677 -5.650598
-0.784424 -0.922119 -4.000000 -1.278789 -1.047383 -5.640867
-0.789063 -0.926147 -4.000000 -1.260514 -1.129265 -5.624965
-0.789429 -0.921387 -4.000000 -1.245087 -1.211147 -5.615708
-0.782471 -0.921753 -4.000000 -1.231321 -1.285198 -5.611436
-0.781982 -0.912720 -4.000000 -1.231084 -1.308694 -5.624965
-0.790527 -0.910400 -4.000000 -1.215894 -1.273805 -5.622828
-0.781006 -0.920288 -4.000000 -1.181955 -1.224676 -5.622117
-0.782104 -0.916382 -4.000000 -1.137572 -1.236306 -5.627813
-0.776489 -0.911743 -4.000000 -1.081322 -1.318188 -5.651072
-0.780029 -0.914185 -4.000000 -1.008459 -1.413361 -5.670297
-0.788452 -0.916748 -4.000000 -0.916371 -1.455845 -5.673619
-0.785156 -0.915649 -4.000000 -0.843745 -1.441130 -5.673145
-0.794556 -0.913818 -4.000000 -0.771593 -1.406953 -5.672670
-0.776367 -0.916748 -4.000000 -0.716768 -1.381795 -5.662465
-0.780151 -0.923584 -4.000000 -0.674046 -1.387491 -5.678366
-0.778320 -0.913086 -4.000000 -0.640344 -1.424516 -5.699252
-0.776367 -0.916138 -4.000000 -0.604031 -1.488124 -5.706135
-0.783691 -0.922974 -4.000000 -0.551104 -1.524199 -5.722274
-0.787476 -0.917480 -4.000000 -0.496753 -1.491684 -5.739125
-0.786865 -0.922729 -4.000000 -0.458541 -1.438282 -5.747195
-0.784302 -0.913818 -4.000000 -0.445488 -1.418820 -5.759299
-0.781128 -0.924194 -4.000000 -0.451659 -1.420244 -5.771878
-0.779297 -0.913086 -4.000000 -0.451184 -1.415497 -5.780185
-0.793457 -0.917847 -4.000000 -0.453320 -1.397697 -5.782559
-0.785889 -0.911011 -4.000000 -0.447386 -1.370640 -5.792764
-0.784058 -0.919556 -4.000000 -0.440266 -1.348567 -5.796324
-0.781128 -0.918457 -4.000000 -0.433146 -1.331954 -5.804631
-0.780884 -0.913086 -4.000000 -0.420567 -1.334090 -5.798223
-0.777344 -0.916626 -4.000000 -0.421516 -1.356162 -5.809616
-0.785156 -0.916016 -4.000000 -0.411548 -1.403156 -5.807717
-0.783325 -0.911865 -4.000000 -0.398732 -1.427602 -5.808429
-0.789673 -0.918457 -4.000000 -0.373099 -1.435671 -5.808191
-0.789063 -0.918701 -4.000000 -0.336549 -1.425940 -5.799647
-0.780518 -0.921997 -4.000000 -0.317799 -1.415023 -5.802021
-0.778320 -0.922974 -4.000000 -0.304508 -1.405766 -5.792527
-0.783691 -0.916626 -4.000000 -0.298811 -1.414311 -5.804157
-0.784668 -0.918457 -4.000000 -0.299286 -1.417396 -5.808429
-0.784302 -0.913330 -4.000000 -0.306169 -1.421906 -5.807717
-0.781128 -0.917480 -4.000000 -0.317087 -1.426652 -5.802970
-0.784546 -0.916382 -4.000000 -0.325156 -1.442080 -5.817448
-0.779175 -0.911865 -4.000000 -0.328004 -1.437807 -5.824568
-0.783813 -0.919189 -4.000000 -0.309017 -1.423567 -5.833350
-0.787720 -0.910889 -4.000000 -0.299761 -1.419770 -5.834536
-0.790161 -0.916870 -4.000000 -0.295251 -1.421431 -5.848777
-0.778931 -0.916992 -4.000000 -0.287894 -1.432349 -5.847590
-0.782593 -0.915283 -4.000000 -0.276739 -1.417159 -5.850913
-0.789673 -0.922363 -4.000000 -0.271755 -1.415735 -5.851388
-0.792847 -0.923218 -4.000000 -0.276027 -1.413599 -5.863492
-0.781006 -0.915283 -4.000000 -0.289080 -1.412412 -5.865865
