-0.779907 -0.916016 -4.000000 -0.339634 -1.685828 -5.774014
-0.781860 -0.919556 -4.000000 -0.299049 -1.730448 -5.770454
-0.790283 -0.906616 -4.000000 -0.273891 -1.675385 -5.802258
-0.786255 -0.914917 -4.000000 -0.228559 -1.613677 -5.816973
-0.783813 -0.915894 -4.000000 -0.201739 -1.570955 -5.853286
-0.785889 -0.914917 -4.000000 -0.185600 -1.538440 -5.888650
-0.786987 -0.916016 -4.000000 -0.178480 -1.532981 -5.914520
-0.781616 -0.915527 -4.000000 -0.182989 -1.536541 -5.927336
-0.781616 -0.922241 -4.000000 -0.187973 -1.542475 -5.951070
-0.776245 -0.915771 -4.000000 -0.200315 -1.598487 -5.989520
-0.782959 -0.920776 -4.000000 -0.253479 -1.697932 -6.029630
-0.786011 -0.921143 -4.000000 -0.314476 -1.791207 -6.067367
-0.784302 -0.919800 -4.000000 -0.334650 -1.861223 -6.094661
-0.775879 -0.922729 -4.000000 -0.323969 -1.928864 -6.116971
-0.781372 -0.922119 -4.000000 -0.294302 -1.990098 -6.145689
-0.782349 -0.916260 -4.000000 -0.239476 -2.069607 -6.167525
-0.790161 -0.919312 -4.000000 -0.185600 -2.170952 -6.178679
-0.787231 -0.921631 -4.000000 -0.114398 -2.276331 -6.193157
-0.789917 -0.923462 -4.000000 -0.034652 -2.361773 -6.194582
-0.778320 -0.914429 -4.000000 0.062895 -2.428228 -6.161591
-0.791504 -0.916870 -4.000000 0.154509 -2.483529 -6.155895
-0.792603 -0.911133 -4.000000 0.247546 -2.517468 -6.140705
-0.785034 -0.920654 -4.000000 0.321596 -2.546661 -6.144977
-0.785645 -0.916748 -4.000000 0.387102 -2.603386 -6.149012
-0.788940 -0.918457 -4.000000 0.443589 -2.701882 -6.144977
-0.781250 -0.911621 -4.000000 0.481326 -2.823163 -6.143316
-0.785645 -0.924683 -4.000000 0.497703 -2.951089 -6.136908
-0.785889 -0.921997 -4.000000 0.537813 -3.075218 -6.142366
-0.790405 -0.916016 -4.000000 0.615423 -3.187243 -6.139756
-0.786743 -0.922241 -4.000000 0.691847 -3.290011 -6.137383
-0.790771 -0.922729 -4.000000 0.772780 -3.390881 -6.133822
-0.784058 -0.921631 -4.000000 0.836150 -3.466118 -6.124329
-0.788208 -0.915649 -4.000000 0.865105 -3.480358 -6.127652
-0.789063 -0.913574 -4.000000 0.897384 -3.436450 -6.139044
-0.781372 -0.914429 -4.000000 0.929899 -3.374742 -6.141417
-0.784180 -0.918457 -4.000000 0.957668 -3.304963 -6.142129
-0.789063 -0.918823 -4.000000 1.024361 -3.242306 -6.151148
-0.780518 -0.919312 -4.000000 1.064708 -3.211451 -6.131924
-0.782104 -0.915527 -4.000000 1.089629 -3.210265 -6.104630
-0.781982 -0.916992 -4.000000 1.164629 -3.228777 -6.041260
-0.780884 -0.921021 -4.000000 1.195008 -3.285976 -5.974804
-0.788330 -0.915405 -4.000000 1.041212 -3.283128 -5.913570
-0.786865 -0.920288 -4.000000 0.850628 -3.083525 -5.877020
-0.789063 -0.909180 -4.000000 0.746910 -2.746739 -5.893871
-0.777954 -0.909912 -4.000000 0.662654 -2.422532 -5.896719
-0.784790 -0.915161 -4.000000 0.519063 -2.191363 -5.903128
-0.785034 -0.915405 -4.000000 0.335836 -2.119923 -5.891261
-0.786133 -0.912109 -4.000000 0.135521 -2.182581 -5.887463
-0.790649 -0.914307 -4.000000 -0.039161 -2.259480 -5.890311
-0.788818 -0.917358 -4.000000 -0.168749 -2.295318 -5.883666
-0.788330 -0.922852 -4.000000 -0.232593 -2.266362 -5.865390
-0.790649 -0.920410 -4.000000 -0.236628 -2.191125 -5.862068
-0.784058 -0.918579 -4.000000 -0.214318 -2.105208 -5.851862
-0.784058 -0.912476 -4.000000 -0.183939 -2.008136 -5.841894
-0.778564 -0.921753 -4.000000 -0.156170 -1.919134 -5.842606
-0.784790 -0.918213 -4.000000 -0.136233 -1.839150 -5.839046
-0.780518 -0.920654 -4.000000 -0.120569 -1.766998 -5.842369
-0.789795 -0.917114 -4.000000 -0.109177 -1.694372 -5.828840
-0.782959 -0.918213 -4.000000 -0.096360 -1.633613 -5.835011
-0.783447 -0.915283 -4.000000 -0.103243 -1.612253 -5.839046
-0.782715 -0.921021 -4.000000 -0.124129 -1.625781 -5.838809
-0.783447 -0.915649 -4.000000 -0.164952 -1.678945 -5.836672
-0.782593 -0.922485 -4.000000 -0.202926 -1.777441 -5.823618
-0.782837 -0.916260 -4.000000 -0.276264 -1.901570 -5.831688
-0.780762 -0.925049 -4.000000 -0.375710 -2.033769 -5.816261
-0.782593 -0.924927 -4.000000 -0.484412 -2.077202 -5.768318
-0.790894 -0.915527 -4.000000 -0.601658 -1.960431 -5.707085
-0.776733 -0.918701 -4.000000 -0.704426 -1.713597 -5.693319
-0.780396 -0.922974 -4.000000 -0.785359 -1.385830 -5.708746
-0.786255 -0.920898 -4.000000 -0.874599 -1.064234 -5.709220
-0.785156 -0.914795 -4.000000 -0.941054 -0.864868 -5.735328
-0.779785 -0.914795 -4.000000 -1.019139 -0.840897 -5.774726
-0.781250 -0.926392 -4.000000 -1.137097 -0.959804 -5.810328
-0.785400 -0.920044 -4.000000 -1.275704 -1.112651 -5.834062
-0.783447 -0.918213 -4.000000 -1.356162 -1.186701 -5.860881
-0.780029 -0.918213 -4.000000 -1.333852 -1.160119 -5.879394
-0.781860 -0.915283 -4.000000 -1.275229 -1.086069 -5.889599
-0.786621 -0.923706 -4.000000 -1.215894 -0.985200 -5.895770
-0.781250 -0.921387 -4.000000 -1.148015 -0.875548 -5.899568
-0.785889 -0.917480 -4.000000 -1.067557 -0.755217 -5.902178
-0.781494 -0.918823 -4.000000 -0.978079 -0.624680 -5.903365
-0.785278 -0.920044 -4.000000 -0.932273 -0.479902 -5.892922
-0.779053 -0.915527 -4.000000 -0.926339 -0.357909 -5.891735
-0.784546 -0.912720 -4.000000 -0.944852 -0.264397 -5.885090
-0.785278 -0.912598 -4.000000 -1.002051 -0.244223 -5.888650
-0.786011 -0.916870 -4.000000 -1.151575 -0.314001 -5.889836
-0.777466 -0.923096 -4.000000 -1.362808 -0.439317 -5.882242
-0.784668 -0.923584 -4.000000 -1.518266 -0.545171 -5.856371
-0.786621 -0.919189 -4.000000 -1.605844 -0.618034 -5.812464
-0.780518 -0.917114 -4.000000 -1.645955 -0.634411 -5.781610
-0.781738 -0.917114 -4.000000 -1.638123 -0.559648 -5.750755
-0.789917 -0.916382 -4.000000 -1.574753 -0.394222 -5.736515
-0.784180 -0.917114 -4.000000 -1.463203 -0.192958 -5.737939
-0.786865 -0.918823 -4.000000 -1.289944 -0.036550 -5.723698
-0.791260 -0.923584 -4.000000 -1.090341 0.033465 -5.702812
-0.775269 -0.916382 -4.000000 -0.858934 0.025158 -5.708746
-0.786865 -0.918457 -4.000000 -0.663129 -0.029193 -5.726072
-0.783691 -0.920044 -4.000000 -0.521437 -0.031566 -5.764758
-0.785889 -0.920044 -4.000000 -0.407513 0.044383 -5.807717
-0.783569 -0.920166 -4.000000 -0.334412 0.126265 -5.841182
-0.784058 -0.911865 -4.000000 -0.303321 0.122468 -5.868001
-0.776855 -0.914307 -4.000000 -0.362419 -0.005934 -5.889124
-0.788208 -0.920044 -4.000000 -0.536152 -0.255615 -5.895295
-0.784180 -0.920288 -4.000000 -0.799599 -0.574363 -5.894583
-0.790405 -0.923706 -4.000000 -1.077288 -0.874362 -5.883666
-0.783691 -0.916504 -4.000000 -1.317476 -1.116686 -5.868238
-0.787720 -0.918091 -4.000000 -1.485513 -1.288520 -5.851862
-0.786865 -0.918091 -4.000000 -1.558139 -1.404817 -5.844742
-0.785767 -0.917969 -4.000000 -1.528709 -1.482190 -5.844267
-0.780151 -0.923096 -4.000000 -1.446589 -1.532032 -5.833350
-0.787109 -0.921631 -4.000000 -1.298489 -1.507111 -5.814125
-0.782471 -0.914673 -4.000000 -1.126417 -1.438045 -5.803445
-0.781128 -0.917236 -4.000000 -0.961703 -1.357586 -5.782559
-0.787231 -0.918823 -4.000000 -0.787258 -1.277365 -5.777812
-0.783813 -0.917725 -4.000000 -0.664315 -1.259090 -5.784457
-0.783081 -0.915039 -4.000000 -0.616135 -1.271669 -5.791815
-0.797607 -0.919189 -4.000000 -0.598098 -1.275467 -5.793714
-0.785767 -0.918457 -4.000000 -0.593825 -1.268584 -5.798935
-0.788330 -0.920532 -4.000000 -0.624442 -1.260277 -5.808666
-0.790283 -0.918091 -4.000000 -0.660993 -1.282587 -5.815786
-0.782837 -0.918457 -4.000000 -0.697543 -1.345245 -5.809616
-0.776001 -0.919922 -4.000000 -0.717005 -1.418108 -5.816024
-0.786865 -0.919312 -4.000000 -0.710122 -1.496905 -5.812464
-0.790894 -0.916382 -4.000000 -0.677607 -1.544848 -5.803919
-0.791382 -0.924438 -4.000000 -0.639157 -1.556240 -5.798935
-0.784790 -0.915771 -4.000000 -0.590977 -1.523962 -5.806293
-0.791992 -0.920532 -4.000000 -0.539000 -1.467712 -5.808904
-0.784546 -0.915771 -4.000000 -0.476579 -1.420007 -5.804631
-0.790527 -0.920532 -4.000000 -0.443114 -1.388203 -5.806530
-0.787842 -0.921265 -4.000000 -0.439792 -1.389153 -5.825280
-0.783081 -0.917236 -4.000000 -0.433383 -1.387729 -5.820058
-0.786499 -0.921631 -4.000000 -0.424127 -1.370878 -5.829790
-0.785400 -0.913574 -4.000000 -0.417244 -1.369216 -5.829552
-0.780640 -0.912842 -4.000000 -0.406564 -1.390577 -5.824805
-0.786011 -0.919800 -4.000000 -0.394460 -1.436621 -5.827416
-0.785889 -0.911743 -4.000000 -0.382118 -1.476731 -5.835248
-0.784668 -0.913452 -4.000000 -0.351264 -1.470798 -5.830027
-0.781616 -0.921631 -4.000000 -0.315663 -1.433535 -5.825280
-0.783813 -0.920654 -4.000000 -0.275552 -1.384881 -5.823618
-0.787231 -0.922974 -4.000000 -0.262024 -1.342871 -5.826229
-0.785400 -0.919434 -4.000000 -0.248970 -1.322223 -5.830739
-0.784668 -0.924072 -4.000000 -0.257514 -1.321511 -5.834536
-0.783325 -0.916138 -4.000000 -0.280536 -1.337650 -5.841656
-0.782715 -0.918579 -4.000000 -0.298337 -1.356162 -5.849726
-0.789795 -0.915527 -4.000000 -0.313764 -1.363520 -5.835248
-0.787720 -0.914063 -4.000000 -0.333463 -1.373488 -5.830264
-0.782715 -0.919678 -4.000000 -0.337498 -1.379659 -5.830976
-0.784790 -0.917358 -4.000000 -0.344143 -1.384406 -5.815549
-0.782837 -0.916138 -4.000000 -0.339634 -1.393899 -5.821957
-0.784912 -0.918335 -4.000000 -0.326818 -1.405766 -5.800834
