-0.785278 -0.924927 -4.000000 -0.304508 -1.565971 -6.120531
-0.785156 -0.918091 -4.000000 -0.230457 -1.605844 -6.054788
-0.790649 -0.916748 -4.000000 -0.211708 -1.578076 -6.057399
-0.790405 -0.918335 -4.000000 -0.161629 -1.580449 -6.069740
-0.784058 -0.923950 -4.000000 -0.097547 -1.577363 -6.072114
-0.781494 -0.914551 -4.000000 -0.045569 -1.575940 -6.074487
-0.778687 -0.919678 -4.000000 -0.004035 -1.561936 -6.077335
-0.782837 -0.919434 -4.000000 0.001424 -1.550307 -6.083269
-0.778809 -0.914551 -4.000000 -0.005934 -1.536304 -6.095136
-0.790405 -0.915161 -4.000000 -0.013766 -1.540576 -6.109851
-0.783447 -0.919800 -4.000000 0.008782 -1.571193 -6.109139
-0.789307 -0.920898 -4.000000 0.049129 -1.621509 -6.089440
-0.781372 -0.921021 -4.000000 0.100632 -1.705765 -6.086117
-0.786743 -0.922729 -4.000000 0.174445 -1.768422 -6.090626
-0.790649 -0.916016 -4.000000 0.253479 -1.822299 -6.091339
-0.784668 -0.923828 -4.000000 0.327767 -1.880684 -6.083506
-0.780762 -0.915405 -4.000000 0.414396 -1.951412 -6.086829
-0.784790 -0.915649 -4.000000 0.503399 -2.050145 -6.075437
-0.790161 -0.922363 -4.000000 0.582670 -2.176173 -6.050041
-0.787964 -0.921997 -4.000000 0.659331 -2.324273 -6.026545
-0.782104 -0.919067 -4.000000 0.718429 -2.479494 -6.003048
-0.783813 -0.914307 -4.000000 0.741451 -2.640173 -5.996640
-0.783325 -0.917725 -4.000000 0.739315 -2.797293 -5.988807
-0.783569 -0.919800 -4.000000 0.734806 -2.929491 -5.983823
-0.782349 -0.920776 -4.000000 0.749521 -3.047212 -5.978839
-0.788574 -0.918823 -4.000000 0.787258 -3.163034 -5.968871
-0.786011 -0.918701 -4.000000 0.859409 -3.263429 -5.956054
-0.780640 -0.917358 -4.000000 0.910437 -3.351720 -5.970295
-0.789673 -0.915161 -4.000000 0.959329 -3.430991 -5.985247
-0.784790 -0.918457 -4.000000 1.021987 -3.473000 -5.977178
-0.783203 -0.920166 -4.000000 1.115974 -3.458760 -5.963175
-0.781616 -0.924561 -4.000000 1.191448 -3.422210 -5.962225
-0.779419 -0.916504 -4.000000 1.212572 -3.371181 -5.970295
-0.785889 -0.912720 -4.000000 1.191686 -3.298555 -5.972431
-0.783081 -0.918213 -4.000000 1.174597 -3.224980 -5.989045
-0.788208 -0.916016 -4.000000 1.145879 -3.198635 -5.999250
-0.781006 -0.922119 -4.000000 1.078712 -3.215486 -5.986671
-0.785645 -0.919922 -4.000000 0.963839 -3.311609 -5.997826
-0.776001 -0.920288 -4.000000 0.785834 -3.510263 -5.977178
-0.787109 -0.915527 -4.000000 0.568430 -3.757571 -5.911909
-0.781738 -0.913574 -4.000000 0.299523 -3.970228 -5.849014
-0.785645 -0.915283 -4.000000 0.008070 -4.054721 -5.802021
-0.781250 -0.923096 -4.000000 -0.187736 -3.944358 -5.778998
-0.778198 -0.920776 -4.000000 -0.220014 -3.607098 -5.817448
-0.779785 -0.917725 -4.000000 -0.085205 -3.102750 -5.864678
-0.783813 -0.921509 -4.000000 0.215505 -2.574193 -5.882004
-0.781982 -0.915405 -4.000000 0.485361 -2.182581 -5.867289
-0.781128 -0.917725 -4.000000 0.572227 -2.028785 -5.840944
-0.785400 -0.916138 -4.000000 0.505297 -2.045161 -5.813413
-0.787842 -0.917725 -4.000000 0.338685 -2.146268 -5.796087
-0.783569 -0.919189 -4.000000 0.102294 -2.260191 -5.781847
-0.778809 -0.916992 -4.000000 -0.157119 -2.344685 -5.766182
-0.791260 -0.914551 -4.000000 -0.363131 -2.369368 -5.755739
-0.787109 -0.917114 -4.000000 -0.466136 -2.287723 -5.764284
-0.779785 -0.912842 -4.000000 -0.456643 -2.135588 -5.790628
-0.782471 -0.914795 -4.000000 -0.396121 -1.996269 -5.814600
-0.786621 -0.920044 -4.000000 -0.341295 -1.874039 -5.843081
-0.787231 -0.918335 -4.000000 -0.306644 -1.790495 -5.860169
-0.790527 -0.916138 -4.000000 -0.305220 -1.722616 -5.855659
-0.795532 -0.915039 -4.000000 -0.328716 -1.615813 -5.872510
-0.791992 -0.914917 -4.000000 -0.334175 -1.523962 -5.901466
-0.781616 -0.920288 -4.000000 -0.355773 -1.472459 -5.929235
-0.786255 -0.914429 -4.000000 -0.399206 -1.468424 -5.945137
-0.782349 -0.909546 -4.000000 -0.503161 -1.528946 -5.951545
-0.778564 -0.920166 -4.000000 -0.633224 -1.606082 -5.942051
-0.774658 -0.920044 -4.000000 -0.745248 -1.646430 -5.922115
-0.779053 -0.922119 -4.000000 -0.813365 -1.616287 -5.899093
-0.790527 -0.914185 -4.000000 -0.829267 -1.472696 -5.894821
-0.784790 -0.917358 -4.000000 -0.755217 -1.235594 -5.896482
-0.785278 -0.921265 -4.000000 -0.637733 -0.934171 -5.901703
-0.778687 -0.913452 -4.000000 -0.526183 -0.629426 -5.935406
-0.781860 -0.921631 -4.000000 -0.445962 -0.373336 -5.966497
-0.789551 -0.918457 -4.000000 -0.442165 -0.236154 -5.998538
-0.782104 -0.919556 -4.000000 -0.532829 -0.259176 -6.007082
-0.781250 -0.914307 -4.000000 -0.710597 -0.415583 -6.011829
-0.778564 -0.904907 -4.000000 -0.940105 -0.649363 -6.015389
-0.787964 -0.910767 -4.000000 -1.199518 -0.885517 -5.998775
-0.786743 -0.909546 -4.000000 -1.463678 -1.047620 -5.971007
-0.787109 -0.916382 -4.000000 -1.695322 -1.111465 -5.933507
-0.788330 -0.918701 -4.000000 -1.865020 -1.107904 -5.913096
-0.787354 -0.914429 -4.000000 -1.960668 -1.072066 -5.898618
-0.782104 -0.915649 -4.000000 -1.970162 -1.018190 -5.877257
-0.782349 -0.914429 -4.000000 -1.912963 -0.961228 -5.858270
-0.779053 -0.910767 -4.000000 -1.806872 -0.883618 -5.822906
-0.782471 -0.913574 -4.000000 -1.650227 -0.739078 -5.797274
-0.783691 -0.909180 -4.000000 -1.472222 -0.536864 -5.762385
-0.782471 -0.911743 -4.000000 -1.300387 -0.305932 -5.753129
-0.780396 -0.923950 -4.000000 -1.213758 -0.159493 -5.755739
-0.783325 -0.917725 -4.000000 -1.246037 -0.185363 -5.760011
-0.787720 -0.915649 -4.000000 -1.360197 -0.348653 -5.764996
-0.784424 -0.914429 -4.000000 -1.501652 -0.541848 -5.774489
-0.783203 -0.917236 -4.000000 -1.620322 -0.706325 -5.770217
-0.788452 -0.908203 -4.000000 -1.698170 -0.818587 -5.763097
-0.785034 -0.905151 -4.000000 -1.750859 -0.858697 -5.752891
-0.789063 -0.919678 -4.000000 -1.779340 -0.856561 -5.748382
-0.788696 -0.922485 -4.000000 -1.793343 -0.841609 -5.733904
-0.781738 -0.923828 -4.000000 -1.802599 -0.846830 -5.703050
-0.777100 -0.916626 -4.000000 -1.777679 -0.884805 -5.672670
-0.783447 -0.915771 -4.000000 -1.707426 -0.932273 -5.645613
-0.781982 -0.920044 -4.000000 -1.592316 -0.941529 -5.606927
-0.787842 -0.912964 -4.000000 -1.466763 -0.872700 -5.565155
-0.782349 -0.916382 -4.000000 -1.353552 -0.757353 -5.522196
-0.781494 -0.925049 -4.000000 -1.277365 -0.633461 -5.510329
-0.785767 -0.917114 -4.000000 -1.227761 -0.548968 -5.511754
-0.783203 -0.923706 -4.000000 -1.178395 -0.528794 -5.513177
-0.784302 -0.917480 -4.000000 -1.135673 -0.568905 -5.520061
-0.782959 -0.925659 -4.000000 -1.081322 -0.653398 -5.538098
-0.774170 -0.915771 -4.000000 -1.032668 -0.781087 -5.572038
-0.782837 -0.916870 -4.000000 -1.007984 -0.934883 -5.600044
-0.787476 -0.917480 -4.000000 -1.007272 -1.069930 -5.630424
-0.783325 -0.909790 -4.000000 -1.022462 -1.176733 -5.658192
-0.780884 -0.927124 -4.000000 -1.028395 -1.242239 -5.664363
-0.789185 -0.915894 -4.000000 -1.007035 -1.235831 -5.665550
-0.783813 -0.917969 -4.000000 -0.964788 -1.209486 -5.688334
-0.782959 -0.920532 -4.000000 -0.909963 -1.186464 -5.711831
-0.777222 -0.914917 -4.000000 -0.843033 -1.146591 -5.717765
-0.779907 -0.922363 -4.000000 -0.765185 -1.114075 -5.728683
-0.782471 -0.918823 -4.000000 -0.688762 -1.091291 -5.742448
-0.789185 -0.912842 -4.000000 -0.625154 -1.047857 -5.738888
-0.784546 -0.918335 -4.000000 -0.581958 -0.997779 -5.746958
-0.783081 -0.917725 -4.000000 -0.541373 -0.989234 -5.760724
-0.784668 -0.916748 -4.000000 -0.528794 -1.048807 -5.795612
-0.789429 -0.919189 -4.000000 -0.512418 -1.172936 -5.809853
-0.788574 -0.919922 -4.000000 -0.499127 -1.306321 -5.830027
-0.779785 -0.918823 -4.000000 -0.488921 -1.399596 -5.823381
-0.782837 -0.914795 -4.000000 -0.473969 -1.417159 -5.825043
-0.789917 -0.919556 -4.000000 -0.441216 -1.417634 -5.821008
-0.788086 -0.916138 -4.000000 -0.421279 -1.420719 -5.832163
-0.790039 -0.912842 -4.000000 -0.398732 -1.420007 -5.837147
-0.784546 -0.922363 -4.000000 -0.362419 -1.418346 -5.833350
-0.782837 -0.919067 -4.000000 -0.329903 -1.412412 -5.836910
-0.785522 -0.917480 -4.000000 -0.295489 -1.396273 -5.832400
-0.784790 -0.918457 -4.000000 -0.266770 -1.343821 -5.832163
-0.784302 -0.921631 -4.000000 -0.259650 -1.294217 -5.843318
-0.783325 -0.914063 -4.000000 -0.271517 -1.290182 -5.844979
-0.786011 -0.910522 -4.000000 -0.300947 -1.348093 -5.860644
-0.787231 -0.916260 -4.000000 -0.344143 -1.441605 -5.869425
-0.790283 -0.920044 -4.000000 -0.386627 -1.538440 -5.876783
-0.784912 -0.918945 -4.000000 -0.409175 -1.585908 -5.871562
-0.789307 -0.916260 -4.000000 -0.422703 -1.582110 -5.853286
-0.785400 -0.920898 -4.000000 -0.434807 -1.541050 -5.836910
-0.780273 -0.920410 -4.000000 -0.455456 -1.515418 -5.810090
-0.780273 -0.914429 -4.000000 -0.466611 -1.480529 -5.795850
-0.789429 -0.917725 -4.000000 -0.464000 -1.474358 -5.810802
-0.795288 -0.918823 -4.000000 -0.445962 -1.503551 -5.825517
-0.784180 -0.917603 -4.000000 -0.398969 -1.545560 -5.830027
-0.775269 -0.924072 -4.000000 -0.340821 -1.580686 -5.840707
-0.781982 -0.919800 -4.000000 -0.274365 -1.584246 -5.834062
-0.782593 -0.915894 -4.000000 -0.217404 -1.552680 -5.817448
-0.783936 -0.925049 -4.000000 -0.167325 -1.526810 -5.821720
