-0.778198 -0.919678 -4.000000 -0.391374 -1.857900 -5.973143
-0.781738 -0.915527 -4.000000 -0.354349 -1.876412 -5.985010
-0.785889 -0.915161 -4.000000 -0.300235 -1.859798 -5.973380
-0.783936 -0.919434 -4.000000 -0.285995 -1.804261 -6.002336
-0.781982 -0.913940 -4.000000 -0.263922 -1.780764 -6.014678
-0.786255 -0.914429 -4.000000 -0.247309 -1.786223 -6.034140
-0.786011 -0.920288 -4.000000 -0.248733 -1.794293 -6.051940
-0.786133 -0.918701 -4.000000 -0.226897 -1.809957 -6.070690
-0.782959 -0.924438 -4.000000 -0.189635 -1.839150 -6.071402
-0.787842 -0.924805 -4.000000 -0.138132 -1.886855 -6.063570
-0.775146 -0.919434 -4.000000 -0.066218 -1.938833 -6.044582
-0.786133 -0.917358 -4.000000 0.024683 -1.972535 -6.041022
-0.791016 -0.914429 -4.000000 0.113686 -2.001491 -6.049804
-0.781250 -0.913330 -4.000000 0.178955 -2.039465 -6.048854
-0.783569 -0.920044 -4.000000 0.255615 -2.104259 -6.035801
-0.777344 -0.916992 -4.000000 0.330140 -2.195872 -6.018712
-0.785645 -0.922363 -4.000000 0.387102 -2.307185 -5.995928
-0.781738 -0.919312 -4.000000 0.451659 -2.422532 -5.969820
-0.781738 -0.917725 -4.000000 0.510994 -2.527437 -5.942051
-0.789185 -0.912964 -4.000000 0.526421 -2.621661 -5.919504
-0.782104 -0.917114 -4.000000 0.528557 -2.721344 -5.904789
-0.784058 -0.916626 -4.000000 0.529981 -2.844998 -5.905501
-0.785522 -0.920044 -4.000000 0.527370 -2.978383 -5.896245
-0.785767 -0.912842 -4.000000 0.508620 -3.117939 -5.889836
-0.790161 -0.915161 -4.000000 0.516927 -3.272211 -5.906688
-0.786499 -0.917480 -4.000000 0.549680 -3.439298 -5.893396
-0.786133 -0.911377 -4.000000 0.564633 -3.591433 -5.896482
-0.778687 -0.920166 -4.000000 0.589553 -3.691591 -5.912621
-0.778442 -0.922485 -4.000000 0.668825 -3.700847 -5.938254
-0.789673 -0.916992 -4.000000 0.778239 -3.641512 -5.949883
-0.792725 -0.915771 -4.000000 0.872700 -3.577667 -5.948460
-0.783447 -0.913574 -4.000000 0.916608 -3.537557 -5.946323
-0.787354 -0.918335 -4.000000 0.922779 -3.526639 -5.954393
-0.789551 -0.920044 -4.000000 0.916371 -3.550136 -5.968634
-0.787964 -0.921875 -4.000000 0.910675 -3.586924 -5.972431
-0.787231 -0.914795 -4.000000 0.907827 -3.613981 -5.957716
-0.790405 -0.919434 -4.000000 0.865343 -3.607335 -5.918080
-0.793213 -0.925781 -4.000000 0.758540 -3.539456 -5.885090
-0.783691 -0.920776 -4.000000 0.619695 -3.448554 -5.860406
-0.787842 -0.919678 -4.000000 0.495804 -3.357416 -5.844504
-0.788086 -0.919189 -4.000000 0.389475 -3.247290 -5.831688
-0.791992 -0.917236 -4.000000 0.304745 -3.103462 -5.842131
-0.783569 -0.918213 -4.000000 0.258464 -2.951326 -5.864204
-0.787476 -0.916138 -4.000000 0.226897 -2.784476 -5.885327
-0.790161 -0.918823 -4.000000 0.206249 -2.614541 -5.892922
-0.787476 -0.922729 -4.000000 0.203163 -2.465491 -5.899568
-0.779663 -0.921143 -4.000000 0.197230 -2.371979 -5.901229
-0.790283 -0.920288 -4.000000 0.198416 -2.320001 -5.880817
-0.781494 -0.915039 -4.000000 0.195094 -2.268024 -5.868713
-0.787476 -0.921753 -4.000000 0.183701 -2.220793 -5.856609
-0.783936 -0.920898 -4.000000 0.128401 -2.159085 -5.848302
-0.780029 -0.916138 -4.000000 0.045095 -2.063911 -5.813413
-0.784790 -0.920532 -4.000000 -0.032753 -1.965415 -5.816973
-0.790161 -0.916260 -4.000000 -0.117958 -1.904181 -5.828603
-0.785278 -0.913330 -4.000000 -0.187261 -1.876412 -5.839283
-0.784180 -0.919922 -4.000000 -0.199603 -1.868817 -5.841894
-0.786865 -0.918213 -4.000000 -0.178480 -1.876175 -5.829077
-0.786377 -0.916016 -4.000000 -0.158306 -1.871665 -5.813650
-0.779907 -0.916992 -4.000000 -0.138369 -1.826808 -5.804157
-0.788452 -0.916504 -4.000000 -0.127214 -1.749910 -5.797037
-0.788086 -0.915527 -4.000000 -0.109414 -1.666603 -5.796324
-0.781494 -0.912964 -4.000000 -0.105616 -1.590417 -5.800359
-0.785400 -0.920166 -4.000000 -0.125316 -1.553392 -5.808666
-0.784790 -0.915527 -4.000000 -0.151186 -1.539864 -5.824805
-0.780396 -0.923218 -4.000000 -0.253005 -1.565734 -5.851150
-0.778320 -0.914063 -4.000000 -0.399918 -1.578076 -5.876545
-0.780151 -0.921997 -4.000000 -0.529032 -1.573091 -5.898618
-0.791016 -0.918823 -4.000000 -0.646278 -1.583772 -5.913808
-0.792236 -0.915649 -4.000000 -0.763524 -1.573091 -5.920691
-0.786499 -0.913452 -4.000000 -0.851340 -1.554104 -5.923302
-0.783813 -0.918945 -4.000000 -0.920880 -1.512807 -5.932321
-0.788208 -0.916260 -4.000000 -0.956007 -1.416684 -5.956292
-0.787231 -0.915771 -4.000000 -0.931323 -1.333378 -5.984061
-0.781128 -0.919556 -4.000000 -0.904979 -1.254106 -6.001387
-0.781250 -0.919922 -4.000000 -0.881957 -1.196907 -5.999488
-0.789917 -0.921875 -4.000000 -0.856798 -1.156559 -6.007557
-0.786133 -0.917847 -4.000000 -0.838049 -1.105056 -5.994978
-0.790649 -0.913208 -4.000000 -0.838049 -1.038364 -5.985010
-0.791382 -0.918091 -4.000000 -0.850628 -0.969298 -5.974567
-0.784302 -0.923218 -4.000000 -0.914709 -0.930849 -5.959852
-0.782593 -0.917114 -4.000000 -1.017478 -0.921355 -5.944425
-0.782593 -0.922852 -4.000000 -1.108616 -0.929425 -5.913333
-0.784302 -0.929443 -4.000000 -1.198806 -0.946276 -5.891261
-0.784790 -0.915405 -4.000000 -1.276891 -0.932510 -5.850201
-0.786987 -0.921753 -4.000000 -1.314391 -0.882431 -5.806293
-0.782227 -0.915649 -4.000000 -1.325071 -0.799599 -5.779948
-0.783691 -0.913818 -4.000000 -1.325071 -0.708461 -5.746958
-0.788208 -0.920166 -4.000000 -1.331954 -0.622306 -5.729157
-0.776001 -0.918701 -4.000000 -1.376574 -0.574363 -5.703762
-0.784546 -0.921265 -4.000000 -1.441842 -0.555851 -5.669822
-0.776733 -0.925415 -4.000000 -1.516604 -0.554427 -5.650598
-0.784668 -0.916748 -4.000000 -1.595164 -0.567243 -5.652733
-0.783447 -0.912109 -4.000000 -1.675860 -0.572702 -5.643477
-0.779053 -0.917847 -4.000000 -1.734957 -0.548968 -5.631610
-0.787109 -0.916016 -4.000000 -1.772932 -0.496041 -5.621642
-0.775635 -0.919434 -4.000000 -1.784562 -0.418194 -5.613335
-0.781372 -0.920898 -4.000000 -1.762252 -0.338922 -5.599569
-0.782349 -0.912231 -4.000000 -1.694610 -0.293115 -5.596484
-0.783081 -0.914795 -4.000000 -1.624120 -0.270805 -5.595297
-0.782349 -0.916260 -4.000000 -1.562174 -0.236866 -5.586278
-0.792114 -0.915894 -4.000000 -1.558851 -0.206011 -5.595772
-0.784058 -0.920288 -4.000000 -1.625544 -0.218828 -5.602892
-0.786377 -0.916382 -4.000000 -1.739704 -0.254429 -5.606927
-0.781128 -0.918823 -4.000000 -1.873090 -0.273179 -5.597908
-0.787354 -0.915527 -4.000000 -1.991285 -0.278400 -5.600519
-0.777710 -0.915039 -4.000000 -2.045161 -0.289318 -5.601468
-0.780640 -0.921753 -4.000000 -2.046823 -0.318985 -5.621167
-0.787964 -0.912476 -4.000000 -1.999117 -0.330140 -5.634696
-0.784790 -0.920044 -4.000000 -1.925067 -0.295014 -5.640867
-0.784790 -0.921143 -4.000000 -1.807109 -0.246597 -5.644189
-0.787720 -0.914429 -4.000000 -1.696983 -0.260362 -5.663888
-0.787476 -0.919800 -4.000000 -1.608930 -0.358621 -5.677180
-0.786987 -0.920654 -4.000000 -1.507348 -0.496041 -5.684300
-0.779175 -0.913208 -4.000000 -1.406716 -0.610439 -5.677892
-0.780273 -0.917358 -4.000000 -1.307033 -0.694932 -5.667449
-0.777954 -0.917236 -4.000000 -1.219454 -0.749995 -5.658667
-0.783691 -0.912598 -4.000000 -1.132588 -0.772543 -5.649173
-0.786621 -0.914917 -4.000000 -1.036465 -0.771831 -5.648224
-0.789917 -0.918091 -4.000000 -0.945801 -0.794141 -5.658667
-0.793823 -0.924805 -4.000000 -0.882906 -0.863919 -5.666499
-0.790771 -0.923950 -4.000000 -0.852052 -0.965263 -5.678604
-0.792847 -0.917847 -4.000000 -0.844457 -1.075626 -5.689521
-0.792480 -0.917480 -4.000000 -0.843033 -1.151575 -5.692844
-0.780273 -0.920166 -4.000000 -0.816451 -1.195246 -5.690708
-0.790039 -0.917603 -4.000000 -0.785834 -1.226812 -5.699015
-0.788086 -0.915894 -4.000000 -0.758540 -1.243663 -5.693081
-0.776978 -0.922363 -4.000000 -0.720328 -1.246274 -5.698778
-0.778076 -0.922729 -4.000000 -0.679031 -1.249359 -5.708983
-0.787476 -0.919922 -4.000000 -0.631325 -1.267160 -5.720376
-0.775269 -0.911377 -4.000000 -0.588841 -1.296353 -5.721562
-0.779175 -0.923828 -4.000000 -0.549443 -1.307033 -5.736752
-0.779297 -0.920898 -4.000000 -0.516215 -1.299675 -5.741973
-0.784302 -0.918213 -4.000000 -0.482038 -1.291606 -5.746246
-0.787231 -0.918579 -4.000000 -0.457117 -1.289470 -5.750992
-0.783325 -0.913330 -4.000000 -0.437655 -1.305609 -5.762622
-0.785278 -0.914185 -4.000000 -0.410599 -1.339311 -5.768793
-0.788086 -0.923706 -4.000000 -0.378558 -1.366605 -5.773777
-0.789307 -0.922241 -4.000000 -0.344381 -1.401020 -5.773777
-0.793335 -0.919922 -4.000000 -0.317799 -1.419058 -5.789442
-0.785645 -0.919556 -4.000000 -0.291691 -1.417634 -5.778761
-0.781372 -0.914917 -4.000000 -0.259650 -1.421194 -5.777812
-0.778198 -0.923828 -4.000000 -0.218116 -1.432586 -5.783745
-0.780884 -0.918579 -4.000000 -0.191771 -1.415497 -5.803919
-0.787476 -0.913940 -4.000000 -0.167325 -1.394374 -5.805581
-0.785522 -0.909302 -4.000000 -0.151186 -1.372539 -5.807717
-0.779297 -0.924927 -4.000000 -0.170410 -1.350229 -5.806293
-0.787109 -0.914917 -4.000000 -0.193670 -1.328156 -5.800122
-0.781738 -0.918823 -4.000000 -0.202451 -1.329343 -5.800834
-0.784180 -0.914429 -4.000000 -0.208385 -1.359010 -5.807954
-0.785278 -0.913818 -4.000000 -0.228084 -1.406953 -5.802970
