-0.792358 -0.915527 -4.000000 -0.228321 -1.428789 -5.967921
-0.789551 -0.917114 -4.000000 -0.220964 -1.443266 -5.954630
-0.783691 -0.914673 -4.000000 -0.258938 -1.451336 -5.996877
-0.778564 -0.918457 -4.000000 -0.306169 -1.462253 -6.026545
-0.780273 -0.919556 -4.000000 -0.329191 -1.529895 -6.018950
-0.788208 -0.920044 -4.000000 -0.365267 -1.618423 -6.024408
-0.783691 -0.918457 -4.000000 -0.406801 -1.711936 -6.064519
-0.785767 -0.914185 -4.000000 -0.454981 -1.812093 -6.097746
-0.785278 -0.912354 -4.000000 -0.463763 -1.902282 -6.140468
-0.788818 -0.919556 -4.000000 -0.440978 -1.981554 -6.189360
-0.790771 -0.919067 -4.000000 -0.382118 -2.043737 -6.217129
-0.795532 -0.917847 -4.000000 -0.296201 -2.086458 -6.230657
-0.781982 -0.913452 -4.000000 -0.191534 -2.109955 -6.268631
-0.781860 -0.912720 -4.000000 -0.097784 -2.143657 -6.299961
-0.786743 -0.924683 -4.000000 -0.027294 -2.222692 -6.346242
-0.783447 -0.912354 -4.000000 0.024921 -2.331868 -6.383504
-0.780151 -0.918213 -4.000000 0.069303 -2.441282 -6.414121
-0.783325 -0.911255 -4.000000 0.094936 -2.530522 -6.432159
-0.779663 -0.913574 -4.000000 0.113686 -2.585348 -6.449485
-0.783203 -0.923340 -4.000000 0.139793 -2.625695 -6.471558
-0.786011 -0.915771 -4.000000 0.170410 -2.672214 -6.495766
-0.783447 -0.914307 -4.000000 0.192008 -2.746264 -6.505023
-0.784302 -0.913940 -4.000000 0.203401 -2.853068 -6.513330
-0.781616 -0.919678 -4.000000 0.204825 -2.991674 -6.516415
-0.782959 -0.914673 -4.000000 0.191534 -3.157575 -6.535165
-0.778198 -0.918701 -4.000000 0.201027 -3.316830 -6.525197
-0.779297 -0.921143 -4.000000 0.229033 -3.426007 -6.518551
-0.783447 -0.926514 -4.000000 0.272229 -3.486529 -6.508345
-0.785156 -0.918579 -4.000000 0.366216 -3.540642 -6.503599
-0.785522 -0.914063 -4.000000 0.501975 -3.601164 -6.498614
-0.784302 -0.919312 -4.000000 0.632275 -3.658126 -6.504785
-0.786377 -0.914551 -4.000000 0.766846 -3.682097 -6.509058
-0.784058 -0.914551 -4.000000 0.923016 -3.660974 -6.495529
-0.779175 -0.915527 -4.000000 1.043585 -3.623474 -6.493393
-0.783325 -0.915771 -4.000000 1.122857 -3.585974 -6.477728
-0.788452 -0.910889 -4.000000 1.134961 -3.552272 -6.460877
-0.785278 -0.919434 -4.000000 1.110041 -3.502193 -6.434058
-0.784790 -0.917114 -4.000000 1.106006 -3.450216 -6.412697
-0.788330 -0.917358 -4.000000 1.113601 -3.388033 -6.384928
-0.782593 -0.916382 -4.000000 1.073727 -3.329647 -6.368789
-0.786133 -0.913086 -4.000000 1.021750 -3.235423 -6.331527
-0.783081 -0.918213 -4.000000 1.033142 -3.079253 -6.282160
-0.785767 -0.911743 -4.000000 1.006560 -2.932339 -6.209059
-0.784668 -0.913452 -4.000000 0.948649 -2.791834 -6.125515
-0.786865 -0.914185 -4.000000 0.849678 -2.652990 -6.069266
-0.781006 -0.923584 -4.000000 0.698018 -2.507737 -6.045769
-0.784180 -0.913818 -4.000000 0.523810 -2.352992 -6.013016
-0.786133 -0.917847 -4.000000 0.367403 -2.200382 -5.995928
-0.786011 -0.918823 -4.000000 0.240663 -2.069133 -5.975279
-0.786499 -0.923340 -4.000000 0.135521 -1.982978 -5.953681
-0.785889 -0.921997 -4.000000 0.054826 -1.940019 -5.950833
-0.790527 -0.916504 -4.000000 0.003560 -1.904656 -5.956292
-0.787598 -0.920166 -4.000000 -0.015190 -1.848643 -5.954630
-0.787476 -0.928223 -4.000000 -0.035364 -1.750147 -5.955342
-0.784424 -0.925781 -4.000000 -0.061708 -1.620322 -5.941102
-0.784546 -0.920898 -4.000000 -0.095885 -1.489073 -5.914757
-0.781494 -0.918579 -4.000000 -0.181565 -1.400782 -5.905501
-0.791138 -0.914917 -4.000000 -0.284334 -1.359010 -5.900042
-0.784912 -0.917114 -4.000000 -0.385203 -1.335276 -5.886514
-0.784180 -0.911011 -4.000000 -0.474443 -1.318425 -5.864441
-0.786255 -0.914429 -4.000000 -0.558462 -1.310118 -5.847115
-0.791626 -0.917725 -4.000000 -0.660518 -1.311780 -5.846166
-0.785522 -0.921021 -4.000000 -0.766609 -1.296827 -5.851862
-0.781494 -0.913086 -4.000000 -0.852764 -1.243900 -5.843555
-0.783691 -0.913940 -4.000000 -0.904979 -1.164629 -5.842369
-0.789185 -0.917847 -4.000000 -0.953871 -1.043823 -5.848302
-0.783447 -0.916992 -4.000000 -0.988760 -0.851814 -5.871562
-0.780029 -0.908691 -4.000000 -0.912099 -0.590977 -5.880817
-0.784058 -0.916504 -4.000000 -0.810042 -0.344618 -5.880580
-0.786499 -0.924194 -4.000000 -0.764473 -0.161391 -5.891498
-0.783813 -0.916260 -4.000000 -0.741214 -0.011392 -5.882716
-0.790283 -0.916260 -4.000000 -0.740027 0.131724 -5.864441
-0.787109 -0.925171 -4.000000 -0.717954 0.270093 -5.856846
-0.788940 -0.914917 -4.000000 -0.683777 0.406089 -5.843555
-0.781616 -0.913330 -4.000000 -0.690186 0.523335 -5.837859
-0.783936 -0.915405 -4.000000 -0.743587 0.611389 -5.845691
-0.786865 -0.911621 -4.000000 -0.825469 0.686863 -5.835960
-0.785034 -0.911377 -4.000000 -0.924440 0.735280 -5.825755
-0.787476 -0.913208 -4.000000 -1.036228 0.736230 -5.809616
-0.783813 -0.921143 -4.000000 -1.149202 0.696119 -5.801071
-0.789429 -0.914795 -4.000000 -1.226337 0.664790 -5.793951
-0.783691 -0.916504 -4.000000 -1.276891 0.631562 -5.783508
-0.788574 -0.919312 -4.000000 -1.349992 0.551816 -5.774726
-0.783813 -0.919434 -4.000000 -1.459405 0.423890 -5.774252
-0.781860 -0.912598 -4.000000 -1.574041 0.272467 -5.798223
-0.785767 -0.922119 -4.000000 -1.676334 0.148338 -5.805818
-0.784912 -0.922607 -4.000000 -1.723565 0.088053 -5.798460
-0.783325 -0.920532 -4.000000 -1.714309 0.054826 -5.801783
-0.778931 -0.922363 -4.000000 -1.666129 0.032041 -5.801546
-0.780029 -0.917969 -4.000000 -1.604658 0.009019 -5.795612
-0.783691 -0.917114 -4.000000 -1.554104 -0.018987 -5.796087
-0.783081 -0.913940 -4.000000 -1.513994 -0.076424 -5.795612
-0.788208 -0.911865 -4.000000 -1.458931 -0.167088 -5.806293
-0.787842 -0.920166 -4.000000 -1.425703 -0.293115 -5.816024
-0.787964 -0.918823 -4.000000 -1.389865 -0.403241 -5.820533
-0.788940 -0.921875 -4.000000 -1.356162 -0.471832 -5.811751
-0.784912 -0.920166 -4.000000 -1.348805 -0.544696 -5.802495
-0.781982 -0.918091 -4.000000 -1.408852 -0.651736 -5.793477
-0.786255 -0.918457 -4.000000 -1.503551 -0.799837 -5.829790
-0.781738 -0.920288 -4.000000 -1.593740 -0.979503 -5.854236
-0.781250 -0.916870 -4.000000 -1.638597 -1.153711 -5.860644
-0.785400 -0.914185 -4.000000 -1.625306 -1.280451 -5.858270
-0.786499 -0.910767 -4.000000 -1.530370 -1.336226 -5.835723
-0.782471 -0.911377 -4.000000 -1.402444 -1.340498 -5.804631
-0.779541 -0.917480 -4.000000 -1.267160 -1.320561 -5.775913
-0.779419 -0.918457 -4.000000 -1.137572 -1.287334 -5.748857
-0.780029 -0.919189 -4.000000 -1.041212 -1.271907 -5.721087
-0.780396 -0.922974 -4.000000 -0.980453 -1.279739 -5.717053
-0.777954 -0.917725 -4.000000 -0.960279 -1.311780 -5.723936
-0.779053 -0.915039 -4.000000 -0.980215 -1.363757 -5.731531
-0.782471 -0.920410 -4.000000 -0.989946 -1.412175 -5.736989
-0.788086 -0.915283 -4.000000 -0.969060 -1.430687 -5.751942
-0.782471 -0.913818 -4.000000 -0.910200 -1.423092 -5.758350
-0.788940 -0.917480 -4.000000 -0.819061 -1.392713 -5.745059
-0.783203 -0.917358 -4.000000 -0.731957 -1.371115 -5.740550
-0.789673 -0.923218 -4.000000 -0.674521 -1.384881 -5.745059
-0.783325 -0.912109 -4.000000 -0.620882 -1.418583 -5.754552
-0.784668 -0.914917 -4.000000 -0.572227 -1.419532 -5.759299
-0.786865 -0.915771 -4.000000 -0.531168 -1.417159 -5.761910
-0.788696 -0.916016 -4.000000 -0.498889 -1.434010 -5.780423
-0.789307 -0.918213 -4.000000 -0.472782 -1.393188 -5.778286
-0.780396 -0.918457 -4.000000 -0.481563 -1.356874 -5.782084
-0.790405 -0.913574 -4.000000 -0.492718 -1.317713 -5.786831
-0.783691 -0.924194 -4.000000 -0.498889 -1.305846 -5.806530
-0.782715 -0.918335 -4.000000 -0.513130 -1.321511 -5.825043
-0.785522 -0.921265 -4.000000 -0.510282 -1.357112 -5.828603
-0.783203 -0.914307 -4.000000 -0.481089 -1.375862 -5.833350
-0.786377 -0.918457 -4.000000 -0.455931 -1.370403 -5.823618
-0.789673 -0.917847 -4.000000 -0.441453 -1.355450 -5.815786
-0.782959 -0.912964 -4.000000 -0.435519 -1.329343 -5.802970
-0.790894 -0.913696 -4.000000 -0.433858 -1.304185 -5.787305
-0.786499 -0.910400 -4.000000 -0.414871 -1.285910 -5.796087
-0.781860 -0.913086 -4.000000 -0.387102 -1.275229 -5.813650
-0.790771 -0.926392 -4.000000 -0.372862 -1.278315 -5.825280
-0.788574 -0.919312 -4.000000 -0.360995 -1.279739 -5.846641
-0.786743 -0.919434 -4.000000 -0.351026 -1.277128 -5.855422
-0.789185 -0.917480 -4.000000 -0.344618 -1.276891 -5.884140
-0.781494 -0.918579 -4.000000 -0.346754 -1.284248 -5.886276
-0.783691 -0.913086 -4.000000 -0.351501 -1.293979 -5.898143
-0.788452 -0.917236 -4.000000 -0.339634 -1.306796 -5.901229
-0.787720 -0.916870 -4.000000 -0.323020 -1.321985 -5.907875
-0.783691 -0.919800 -4.000000 -0.305220 -1.348330 -5.912147
-0.787964 -0.919312 -4.000000 -0.304982 -1.366368 -5.921640
-0.775269 -0.921997 -4.000000 -0.295489 -1.369216 -5.922827
-0.781616 -0.917480 -4.000000 -0.306406 -1.368504 -5.922827
-0.783081 -0.913208 -4.000000 -0.329191 -1.380134 -5.909536
-0.779907 -0.917603 -4.000000 -0.365741 -1.395798 -5.919029
-0.783203 -0.915649 -4.000000 -0.392561 -1.397222 -5.909061
-0.785767 -0.918579 -4.000000 -0.396833 -1.397460 -5.901466
-0.779785 -0.916870 -4.000000 -0.373811 -1.415735 -5.906213
