-0.783813 -0.918945 -4.000000 -0.337261 -1.637885 -5.950596
-0.788452 -0.921753 -4.000000 -0.294777 -1.682031 -5.905263
-0.790894 -0.921997 -4.000000 -0.288131 -1.663755 -5.921877
-0.793091 -0.917603 -4.000000 -0.273653 -1.610591 -5.897669
-0.787231 -0.921387 -4.000000 -0.254666 -1.550069 -5.900042
-0.781250 -0.918701 -4.000000 -0.253717 -1.530370 -5.896245
-0.783325 -0.922729 -4.000000 -0.272704 -1.531557 -5.887701
-0.783325 -0.918579 -4.000000 -0.295963 -1.535829 -5.883428
-0.782715 -0.908325 -4.000000 -0.322783 -1.531082 -5.887701
-0.781982 -0.914673 -4.000000 -0.337023 -1.523013 -5.890549
-0.785034 -0.918945 -4.000000 -0.342719 -1.542000 -5.910248
-0.786621 -0.920288 -4.000000 -0.332751 -1.597775 -5.933270
-0.789185 -0.916016 -4.000000 -0.298574 -1.689626 -5.972906
-0.784424 -0.914063 -4.000000 -0.263685 -1.799989 -5.977653
-0.780884 -0.924561 -4.000000 -0.229745 -1.926728 -5.982874
-0.782715 -0.924072 -4.000000 -0.180616 -2.039940 -5.991893
-0.786377 -0.923340 -4.000000 -0.105379 -2.154100 -5.997352
-0.787720 -0.920166 -4.000000 -0.004984 -2.273720 -5.994029
-0.787231 -0.917847 -4.000000 0.084730 -2.376251 -5.984773
-0.775635 -0.912231 -4.000000 0.176344 -2.457421 -5.984061
-0.777954 -0.916138 -4.000000 0.261312 -2.540016 -5.967447
-0.780884 -0.912964 -4.000000 0.360283 -2.619762 -5.946323
-0.782959 -0.920410 -4.000000 0.456880 -2.703780 -5.940865
-0.784668 -0.916138 -4.000000 0.541136 -2.824824 -5.954868
-0.781982 -0.910522 -4.000000 0.598572 -2.992149 -5.955105
-0.778564 -0.915527 -4.000000 0.645091 -3.169917 -5.975991
-0.785522 -0.919067 -4.000000 0.622544 -3.347922 -5.983586
-0.789307 -0.922729 -4.000000 0.586468 -3.524503 -5.994029
-0.786011 -0.914429 -4.000000 0.572465 -3.647920 -6.033190
-0.781616 -0.917847 -4.000000 0.589553 -3.712477 -6.079709
-0.783936 -0.910889 -4.000000 0.634648 -3.732176 -6.125753
-0.779419 -0.919189 -4.000000 0.678556 -3.732413 -6.172509
-0.786011 -0.916626 -4.000000 0.703239 -3.736923 -6.210958
-0.787964 -0.913574 -4.000000 0.688049 -3.754249 -6.218316
-0.787598 -0.921021 -4.000000 0.661230 -3.804327 -6.194819
-0.783691 -0.919556 -4.000000 0.617085 -3.897127 -6.184138
-0.784912 -0.918701 -4.000000 0.545408 -3.997522 -6.149724
-0.777710 -0.917725 -4.000000 0.490345 -3.998946 -6.125515
-0.786987 -0.911743 -4.000000 0.494617 -3.846574 -6.108902
-0.791870 -0.912354 -4.000000 0.595487 -3.624661 -6.087066
-0.779907 -0.923340 -4.000000 0.702053 -3.355280 -6.039361
-0.791382 -0.914673 -4.000000 0.745723 -3.047687 -5.995928
-0.783325 -0.913452 -4.000000 0.767796 -2.804650 -5.956292
-0.783081 -0.913208 -4.000000 0.760201 -2.659635 -5.917605
-0.786255 -0.920288 -4.000000 0.672622 -2.551883 -5.891735
-0.780273 -0.918945 -4.000000 0.572939 -2.451251 -5.858508
-0.779419 -0.915527 -4.000000 0.482987 -2.317865 -5.840232
-0.782959 -0.917847 -4.000000 0.378795 -2.171664 -5.817210
-0.779419 -0.922363 -4.000000 0.292641 -2.038516 -5.813650
-0.789185 -0.916382 -4.000000 0.212420 -1.951412 -5.834536
-0.783447 -0.915405 -4.000000 0.125078 -1.916997 -5.846878
-0.783813 -0.919556 -4.000000 0.040823 -1.921032 -5.863017
-0.789063 -0.915649 -4.000000 -0.036788 -1.917235 -5.852099
-0.783936 -0.917847 -4.000000 -0.083306 -1.877836 -5.827416
-0.788940 -0.921753 -4.000000 -0.107515 -1.785748 -5.809853
-0.784668 -0.920776 -4.000000 -0.096123 -1.659246 -5.811989
-0.786743 -0.917725 -4.000000 -0.089477 -1.540338 -5.804631
-0.787354 -0.913940 -4.000000 -0.106566 -1.446352 -5.805581
-0.786743 -0.912598 -4.000000 -0.149287 -1.378235 -5.801546
-0.779907 -0.925293 -4.000000 -0.228559 -1.346431 -5.809616
-0.788208 -0.915894 -4.000000 -0.314001 -1.331954 -5.837622
-0.787598 -0.918579 -4.000000 -0.382593 -1.304422 -5.868001
-0.788818 -0.917114 -4.000000 -0.436706 -1.296827 -5.892684
-0.780029 -0.924194 -4.000000 -0.488209 -1.315814 -5.902890
-0.784302 -0.920776 -4.000000 -0.526183 -1.321273 -5.875596
-0.787964 -0.922729 -4.000000 -0.555614 -1.288283 -5.879156
-0.788086 -0.921509 -4.000000 -0.564633 -1.215894 -5.881292
-0.791992 -0.915405 -4.000000 -0.563920 -1.111227 -5.894821
-0.778687 -0.910767 -4.000000 -0.565582 -1.009883 -5.895295
-0.785034 -0.904785 -4.000000 -0.600946 -0.942478 -5.891498
-0.784790 -0.913818 -4.000000 -0.717242 -0.933934 -5.921877
-0.780396 -0.913452 -4.000000 -0.871751 -0.997067 -5.932083
-0.791138 -0.913452 -4.000000 -1.055927 -1.096037 -5.930184
-0.783447 -0.918579 -4.000000 -1.230609 -1.191448 -5.951545
-0.788696 -0.919189 -4.000000 -1.417396 -1.284723 -5.959377
-0.777100 -0.921021 -4.000000 -1.619373 -1.390339 -5.947510
-0.782593 -0.917969 -4.000000 -1.767473 -1.459880 -5.930659
-0.787964 -0.922241 -4.000000 -1.815179 -1.464152 -5.918555
-0.787964 -0.914917 -4.000000 -1.798327 -1.420007 -5.903128
-0.786987 -0.917603 -4.000000 -1.735669 -1.319849 -5.872510
-0.780884 -0.917725 -4.000000 -1.666129 -1.200942 -5.864916
-0.784912 -0.915283 -4.000000 -1.605370 -1.121433 -5.859694
-0.788940 -0.918091 -4.000000 -1.556715 -1.056402 -5.861830
-0.787231 -0.923340 -4.000000 -1.496905 -0.991608 -5.852574
-0.785767 -0.918945 -4.000000 -1.419532 -0.922779 -5.837859
-0.782349 -0.912720 -4.000000 -1.347381 -0.851102 -5.818635
-0.787842 -0.915894 -4.000000 -1.284960 -0.779188 -5.805106
-0.781860 -0.918335 -4.000000 -1.236780 -0.708461 -5.788967
-0.788086 -0.912598 -4.000000 -1.200230 -0.622544 -5.785644
-0.779663 -0.916748 -4.000000 -1.188838 -0.511706 -5.792764
-0.784180 -0.913330 -4.000000 -1.171749 -0.401580 -5.781610
-0.783569 -0.914185 -4.000000 -1.149439 -0.324682 -5.785644
-0.784546 -0.913574 -4.000000 -1.166290 -0.301422 -5.795138
-0.784668 -0.919800 -4.000000 -1.198568 -0.339159 -5.807479
-0.791626 -0.913696 -4.000000 -1.207113 -0.430773 -5.820533
-0.786987 -0.919678 -4.000000 -1.207825 -0.522861 -5.829552
-0.786377 -0.918213 -4.000000 -1.200230 -0.555614 -5.842843
-0.785400 -0.913818 -4.000000 -1.161306 -0.529743 -5.841894
-0.782471 -0.919556 -4.000000 -1.118822 -0.444776 -5.833350
-0.786133 -0.921875 -4.000000 -1.072303 -0.312815 -5.832875
-0.780884 -0.917969 -4.000000 -1.060199 -0.203163 -5.826229
-0.782349 -0.923584 -4.000000 -1.085832 -0.191059 -5.835011
-0.785278 -0.917725 -4.000000 -1.142556 -0.276976 -5.852099
-0.784546 -0.915894 -4.000000 -1.218268 -0.436706 -5.880343
-0.786743 -0.910400 -4.000000 -1.317951 -0.618746 -5.912621
-0.784424 -0.916870 -4.000000 -1.403868 -0.793903 -5.938254
-0.783203 -0.919434 -4.000000 -1.466763 -0.937494 -5.951070
-0.785400 -0.915649 -4.000000 -1.487174 -1.064708 -5.941339
-0.775269 -0.916138 -4.000000 -1.462728 -1.159407 -5.932558
-0.779053 -0.913330 -4.000000 -1.377760 -1.221590 -5.922352
-0.775513 -0.914795 -4.000000 -1.271669 -1.259090 -5.891023
-0.786377 -0.916992 -4.000000 -1.148490 -1.278552 -5.870137
-0.782715 -0.918335 -4.000000 -1.011544 -1.285435 -5.852099
-0.780884 -0.916504 -4.000000 -0.875786 -1.295166 -5.823381
-0.780029 -0.916260 -4.000000 -0.747859 -1.290419 -5.804631
-0.780396 -0.917358 -4.000000 -0.642955 -1.288283 -5.775913
-0.786133 -0.914551 -4.000000 -0.537576 -1.287334 -5.764521
-0.781128 -0.920898 -4.000000 -0.452845 -1.288046 -5.751230
-0.782715 -0.917358 -4.000000 -0.392323 -1.290656 -5.736040
-0.786743 -0.921387 -4.000000 -0.361469 -1.304185 -5.753840
-0.781738 -0.912231 -4.000000 -0.356010 -1.320799 -5.757875
-0.789795 -0.918335 -4.000000 -0.348178 -1.354976 -5.753366
-0.788574 -0.921875 -4.000000 -0.349365 -1.384643 -5.747670
-0.782959 -0.916992 -4.000000 -0.365741 -1.379184 -5.743398
-0.784546 -0.921143 -4.000000 -0.382355 -1.354976 -5.740075
-0.776855 -0.913696 -4.000000 -0.392561 -1.332666 -5.752179
-0.781982 -0.917847 -4.000000 -0.398732 -1.333615 -5.752417
-0.782471 -0.918457 -4.000000 -0.408463 -1.363283 -5.761436
-0.780396 -0.920654 -4.000000 -0.409412 -1.418346 -5.763334
-0.785767 -0.915527 -4.000000 -0.404191 -1.452285 -5.767844
-0.785400 -0.911499 -4.000000 -0.389713 -1.474358 -5.758350
-0.788696 -0.922607 -4.000000 -0.384491 -1.466763 -5.774489
-0.777344 -0.912964 -4.000000 -0.362893 -1.429975 -5.774489
-0.789307 -0.915894 -4.000000 -0.343906 -1.398646 -5.764996
-0.786743 -0.915283 -4.000000 -0.327767 -1.373726 -5.773065
-0.786499 -0.916382 -4.000000 -0.308780 -1.366605 -5.781847
-0.778320 -0.914185 -4.000000 -0.280062 -1.373488 -5.776625
-0.792847 -0.917969 -4.000000 -0.263685 -1.367317 -5.780185
-0.789551 -0.924561 -4.000000 -0.257989 -1.365181 -5.792764
-0.778564 -0.916870 -4.000000 -0.243511 -1.344058 -5.806056
-0.779297 -0.909180 -4.000000 -0.235679 -1.327919 -5.804869
-0.783325 -0.917114 -4.000000 -0.244223 -1.329580 -5.812701
-0.785889 -0.913452 -4.000000 -0.251818 -1.351890 -5.811989
-0.782227 -0.924561 -4.000000 -0.253954 -1.373488 -5.830027
-0.774292 -0.923218 -4.000000 -0.249445 -1.392950 -5.835723
-0.783813 -0.918823 -4.000000 -0.235204 -1.400782 -5.831688
-0.778687 -0.924438 -4.000000 -0.216692 -1.392950 -5.830502
-0.792236 -0.917969 -4.000000 -0.201027 -1.363283 -5.835248
-0.790161 -0.915649 -4.000000 -0.195331 -1.339786 -5.846166
-0.782349 -0.917236 -4.000000 -0.206249 -1.321273 -5.839995
