-0.784546 -0.921631 -4.000000 -0.319223 -1.496668 -5.729394
-0.792236 -0.919678 -4.000000 -0.248495 -1.503788 -5.709695
-0.786255 -0.920654 -4.000000 -0.205062 -1.470086 -5.743398
-0.779785 -0.918457 -4.000000 -0.179192 -1.476257 -5.749331
-0.789795 -0.919189 -4.000000 -0.169224 -1.524674 -5.772116
-0.786499 -0.919189 -4.000000 -0.180379 -1.556952 -5.800359
-0.784058 -0.921021 -4.000000 -0.200315 -1.606319 -5.836910
-0.786377 -0.920654 -4.000000 -0.202214 -1.658059 -5.885327
-0.783203 -0.919067 -4.000000 -0.195331 -1.720717 -5.922589
-0.780762 -0.917969 -4.000000 -0.170885 -1.802837 -5.951070
-0.781372 -0.925171 -4.000000 -0.134335 -1.885431 -5.975279
-0.787231 -0.917480 -4.000000 -0.070015 -1.949750 -5.995453
-0.784302 -0.915771 -4.000000 0.016139 -1.996506 -6.011592
-0.787964 -0.921753 -4.000000 0.099920 -2.031395 -6.019661
-0.781982 -0.919556 -4.000000 0.196992 -2.073642 -6.041022
-0.782837 -0.920654 -4.000000 0.305220 -2.106158 -6.048142
-0.788940 -0.914063 -4.000000 0.441928 -2.118974 -6.038649
-0.780151 -0.923706 -4.000000 0.603319 -2.114465 -6.017288
-0.789185 -0.918701 -4.000000 0.765897 -2.116126 -5.996877
-0.774780 -0.923950 -4.000000 0.921355 -2.176173 -5.971719
-0.780640 -0.925415 -4.000000 1.023411 -2.279654 -5.966260
-0.781250 -0.919067 -4.000000 1.064708 -2.408529 -5.960327
-0.784058 -0.924805 -4.000000 1.068743 -2.545237 -5.957716
-0.780884 -0.914429 -4.000000 1.011544 -2.685980 -5.956767
-0.794434 -0.919678 -4.000000 0.945564 -2.839065 -5.982874
-0.783325 -0.916870 -4.000000 0.879820 -3.037956 -5.970532
-0.783691 -0.919800 -4.000000 0.829267 -3.269362 -5.964599
-0.784912 -0.918457 -4.000000 0.782986 -3.474187 -5.955817
-0.783569 -0.916260 -4.000000 0.755929 -3.628458 -5.963649
-0.788086 -0.913452 -4.000000 0.764948 -3.696338 -5.952494
-0.782837 -0.914795 -4.000000 0.871276 -3.680198 -5.963887
-0.784546 -0.915527 -4.000000 1.001576 -3.684471 -5.962700
-0.785400 -0.916748 -4.000000 1.073727 -3.727429 -5.937304
-0.791138 -0.916870 -4.000000 1.119771 -3.744755 -5.894821
-0.784302 -0.918579 -4.000000 1.111702 -3.718410 -5.854236
-0.790527 -0.925171 -4.000000 1.029582 -3.653379 -5.828603
-0.787720 -0.920776 -4.000000 0.901181 -3.534472 -5.831213
-0.787842 -0.918335 -4.000000 0.770169 -3.358128 -5.840944
-0.784424 -0.926514 -4.000000 0.685439 -3.156151 -5.839758
-0.779541 -0.916382 -4.000000 0.621357 -2.973399 -5.844742
-0.795410 -0.916992 -4.000000 0.482275 -2.844998 -5.836197
-0.786377 -0.917725 -4.000000 0.330852 -2.748163 -5.827416
-0.788574 -0.924438 -4.000000 0.194619 -2.628069 -5.824568
-0.788574 -0.923706 -4.000000 0.068117 -2.505364 -5.819584
-0.791138 -0.915771 -4.000000 -0.032516 -2.366520 -5.811039
-0.787231 -0.916016 -4.000000 -0.089240 -2.195398 -5.823144
-0.786499 -0.915771 -4.000000 -0.103480 -2.043025 -5.844742
-0.780029 -0.913086 -4.000000 -0.092088 -1.942868 -5.842843
-0.786255 -0.913818 -4.000000 -0.046756 -1.867393 -5.841894
-0.788940 -0.923706 -4.000000 -0.021361 -1.828707 -5.868001
-0.783569 -0.918457 -4.000000 -0.016376 -1.810432 -5.862780
-0.788696 -0.918579 -4.000000 -0.005696 -1.768185 -5.854710
-0.785278 -0.917603 -4.000000 0.013528 -1.697932 -5.858745
-0.787598 -0.922119 -4.000000 0.017801 -1.647142 -5.856609
-0.786499 -0.920776 -4.000000 -0.014003 -1.639547 -5.845929
-0.784180 -0.914063 -4.000000 -0.105379 -1.665654 -5.839046
-0.787476 -0.914307 -4.000000 -0.227372 -1.707663 -5.837384
-0.784302 -0.918335 -4.000000 -0.375472 -1.746112 -5.828840
-0.787598 -0.914795 -4.000000 -0.536626 -1.762014 -5.835485
-0.782227 -0.920532 -4.000000 -0.714632 -1.767710 -5.840232
-0.782471 -0.919800 -4.000000 -0.873887 -1.767948 -5.837622
-0.781982 -0.916870 -4.000000 -0.989472 -1.733771 -5.809141
-0.785522 -0.917603 -4.000000 -1.049281 -1.649752 -5.802732
-0.784546 -0.921143 -4.000000 -1.106718 -1.546984 -5.784220
-0.786865 -0.910400 -4.000000 -1.172698 -1.414311 -5.781847
-0.790527 -0.923340 -4.000000 -1.246037 -1.272856 -5.783983
-0.780762 -0.917358 -4.000000 -1.289470 -1.175784 -5.781847
-0.783936 -0.926758 -4.000000 -1.368267 -1.137809 -5.778761
-0.784302 -0.923462 -4.000000 -1.495481 -1.154186 -5.771404
-0.783447 -0.916138 -4.000000 -1.629578 -1.205451 -5.758112
-0.786621 -0.918091 -4.000000 -1.746350 -1.274992 -5.732955
-0.783081 -0.919556 -4.000000 -1.850542 -1.307033 -5.698303
-0.786743 -0.917236 -4.000000 -1.908453 -1.289944 -5.673145
-0.782715 -0.919678 -4.000000 -1.909165 -1.233695 -5.646326
-0.787354 -0.917725 -4.000000 -1.866444 -1.162493 -5.621167
-0.782349 -0.916992 -4.000000 -1.816365 -1.099598 -5.593873
-0.780151 -0.914917 -4.000000 -1.757267 -1.051180 -5.572038
-0.782959 -0.912964 -4.000000 -1.707426 -0.987336 -5.535013
-0.785278 -0.919067 -4.000000 -1.637885 -0.891925 -5.504870
-0.788940 -0.914307 -4.000000 -1.561699 -0.783698 -5.484459
-0.790649 -0.916748 -4.000000 -1.504737 -0.674521 -5.454555
-0.783325 -0.923218 -4.000000 -1.462965 -0.570091 -5.440789
-0.782349 -0.920166 -4.000000 -1.420482 -0.512655 -5.428922
-0.788086 -0.919922 -4.000000 -1.375862 -0.503399 -5.414918
-0.780884 -0.914795 -4.000000 -1.367317 -0.521437 -5.402102
-0.788940 -0.916138 -4.000000 -1.391763 -0.572702 -5.390710
-0.784302 -0.919434 -4.000000 -1.444453 -0.651499 -5.383352
-0.776123 -0.917969 -4.000000 -1.525861 -0.738603 -5.365314
-0.784546 -0.920288 -4.000000 -1.613677 -0.819773 -5.345615
-0.783691 -0.919067 -4.000000 -1.685116 -0.862020 -5.332324
-0.784424 -0.912231 -4.000000 -1.708613 -0.855137 -5.320457
-0.782471 -0.925537 -4.000000 -1.680607 -0.806482 -5.333748
-0.788574 -0.916260 -4.000000 -1.610829 -0.745011 -5.339207
-0.780273 -0.918945 -4.000000 -1.535117 -0.702290 -5.346090
-0.788818 -0.915649 -4.000000 -1.463915 -0.685439 -5.362704
-0.782227 -0.912109 -4.000000 -1.401732 -0.689948 -5.378131
-0.786987 -0.917358 -4.000000 -1.383694 -0.724363 -5.400916
-0.778687 -0.920654 -4.000000 -1.400545 -0.777527 -5.448858
-0.786987 -0.916992 -4.000000 -1.449674 -0.821909 -5.521010
-0.789185 -0.911499 -4.000000 -1.479105 -0.896672 -5.549253
-0.781494 -0.919434 -4.000000 -1.444453 -1.043111 -5.476864
-0.786499 -0.914795 -4.000000 -1.351890 -1.083221 -5.439602
-0.785522 -0.918701 -4.000000 -1.277603 -1.072778 -5.471880
-0.782593 -0.920288 -4.000000 -1.190499 -1.120009 -5.502735
-0.786987 -0.920044 -4.000000 -1.083696 -1.159407 -5.524333
-0.786255 -0.914551 -4.000000 -0.939630 -1.181005 -5.544744
-0.784790 -0.917603 -4.000000 -0.764473 -1.165578 -5.563731
-0.783203 -0.926758 -4.000000 -0.620645 -1.136860 -5.594348
-0.783203 -0.924805 -4.000000 -0.511706 -1.076576 -5.633272
-0.780884 -0.911621 -4.000000 -0.419855 -1.007509 -5.659379
-0.783447 -0.911255 -4.000000 -0.369301 -0.995642 -5.692844
-0.791504 -0.907349 -4.000000 -0.397782 -1.066845 -5.705423
-0.784668 -0.914429 -4.000000 -0.468747 -1.180056 -5.722037
-0.788086 -0.916382 -4.000000 -0.562259 -1.261226 -5.722749
-0.788086 -0.918701 -4.000000 -0.642005 -1.310356 -5.737464
-0.791504 -0.921265 -4.000000 -0.678081 -1.358773 -5.746958
-0.780518 -0.916504 -4.000000 -0.702527 -1.404817 -5.764758
-0.782959 -0.916748 -4.000000 -0.708935 -1.461779 -5.774252
-0.786011 -0.910767 -4.000000 -0.662417 -1.493582 -5.781610
-0.781616 -0.912354 -4.000000 -0.596673 -1.496668 -5.801309
-0.781616 -0.927124 -4.000000 -0.527133 -1.458456 -5.808666
-0.787109 -0.923462 -4.000000 -0.456168 -1.411937 -5.807954
-0.782959 -0.916138 -4.000000 -0.406327 -1.363995 -5.825280
-0.786499 -0.911987 -4.000000 -0.390662 -1.320324 -5.812938
-0.792358 -0.912720 -4.000000 -0.398020 -1.298726 -5.816736
-0.783447 -0.920044 -4.000000 -0.445725 -1.309406 -5.820533
-0.786011 -0.922363 -4.000000 -0.518589 -1.354976 -5.807005
-0.790771 -0.919189 -4.000000 -0.592401 -1.416684 -5.806056
-0.787231 -0.917847 -4.000000 -0.651262 -1.445402 -5.795375
-0.779785 -0.916626 -4.000000 -0.657670 -1.419058 -5.790391
-0.779541 -0.911743 -4.000000 -0.590028 -1.362096 -5.765945
-0.787109 -0.916992 -4.000000 -0.472307 -1.257192 -5.770692
-0.788696 -0.918335 -4.000000 -0.349840 -1.169376 -5.739838
-0.786499 -0.920898 -4.000000 -0.224761 -1.100547 -5.727496
-0.783325 -0.917358 -4.000000 -0.093987 -1.066133 -5.737701
-0.786621 -0.920898 -4.000000 0.004747 -1.065658 -5.728208
-0.785767 -0.919922 -4.000000 0.078322 -1.073490 -5.734379
-0.777344 -0.914673 -4.000000 0.139319 -1.091291 -5.746958
-0.777954 -0.917358 -4.000000 0.145727 -1.130689 -5.756926
-0.785767 -0.919312 -4.000000 0.081645 -1.188600 -5.750992
-0.786011 -0.923584 -4.000000 0.004984 -1.237967 -5.754552
-0.782349 -0.916016 -4.000000 -0.064082 -1.285672 -5.756689
-0.787109 -0.916260 -4.000000 -0.145015 -1.339311 -5.758587
-0.789063 -0.917847 -4.000000 -0.207910 -1.395086 -5.755027
-0.780518 -0.922363 -4.000000 -0.261786 -1.420007 -5.747907
-0.784546 -0.928467 -4.000000 -0.281486 -1.417159 -5.734141
-0.788574 -0.924927 -4.000000 -0.287419 -1.412887 -5.727733
-0.789185 -0.924194 -4.000000 -0.287419 -1.395798 -5.721325
-0.780640 -0.920532 -4.000000 -0.301422 -1.392238 -5.714679
-0.782227 -0.916382 -4.000000 -0.318036 -1.400545 -5.715629
