-0.782593 -0.919189 -4.000000 -0.231881 -1.448250 -5.903128
-0.787231 -0.918335 -4.000000 -0.220252 -1.432349 -5.899805
-0.783691 -0.917603 -4.000000 -0.252530 -1.436146 -5.931134
-0.789917 -0.914551 -4.000000 -0.243748 -1.435434 -5.943238
-0.788330 -0.914673 -4.000000 -0.302609 -1.437095 -5.999013
-0.781494 -0.917236 -4.000000 -0.331327 -1.472696 -6.018950
-0.776855 -0.924194 -4.000000 -0.362419 -1.513519 -6.033427
-0.793213 -0.921631 -4.000000 -0.383067 -1.555054 -6.061671
-0.779785 -0.913086 -4.000000 -0.369064 -1.596588 -6.074487
-0.787476 -0.917847 -4.000000 -0.338685 -1.631714 -6.099408
-0.782959 -0.921143 -4.000000 -0.302846 -1.670638 -6.127177
-0.784180 -0.920776 -4.000000 -0.264160 -1.717632 -6.150911
-0.790161 -0.913574 -4.000000 -0.215030 -1.759878 -6.178679
-0.781738 -0.919189 -4.000000 -0.157357 -1.809957 -6.198142
-0.786743 -0.917480 -4.000000 -0.102531 -1.873802 -6.214281
-0.780518 -0.920532 -4.000000 -0.053876 -1.953785 -6.248220
-0.787598 -0.915649 -4.000000 0.007358 -2.045398 -6.277176
-0.787231 -0.915894 -4.000000 0.062895 -2.162645 -6.319660
-0.787842 -0.912354 -4.000000 0.096835 -2.294843 -6.352413
-0.779663 -0.921753 -4.000000 0.120332 -2.417311 -6.386353
-0.788086 -0.918091 -4.000000 0.139319 -2.527674 -6.404865
-0.786499 -0.918335 -4.000000 0.159493 -2.616439 -6.420055
-0.783691 -0.926025 -4.000000 0.177531 -2.713986 -6.453757
-0.783691 -0.918701 -4.000000 0.206486 -2.827198 -6.474168
-0.782593 -0.923950 -4.000000 0.228796 -2.946580 -6.500276
-0.779053 -0.915161 -4.000000 0.247309 -3.094917 -6.514753
-0.784790 -0.921753 -4.000000 0.273179 -3.276957 -6.513804
-0.787354 -0.922852 -4.000000 0.266058 -3.460421 -6.523772
-0.782715 -0.916870 -4.000000 0.245173 -3.614218 -6.522111
-0.786255 -0.918579 -4.000000 0.214556 -3.705119 -6.534927
-0.795166 -0.916992 -4.000000 0.187973 -3.735024 -6.537538
-0.786987 -0.925903 -4.000000 0.159018 -3.765878 -6.522823
-0.782349 -0.914307 -4.000000 0.146202 -3.828061 -6.510481
-0.776733 -0.914673 -4.000000 0.146914 -3.902112 -6.503124
-0.788330 -0.918091 -4.000000 0.176581 -3.950292 -6.477728
-0.782104 -0.912720 -4.000000 0.264634 -3.941510 -6.455419
-0.784546 -0.921631 -4.000000 0.354112 -3.913741 -6.423378
-0.791382 -0.912964 -4.000000 0.445488 -3.886447 -6.412934
-0.783447 -0.914551 -4.000000 0.550155 -3.845625 -6.418156
-0.791260 -0.916748 -4.000000 0.611626 -3.788900 -6.433820
-0.787354 -0.917114 -4.000000 0.664790 -3.642224 -6.436906
-0.781128 -0.913330 -4.000000 0.695407 -3.390169 -6.413172
-0.782959 -0.913452 -4.000000 0.679268 -3.073319 -6.391099
-0.791016 -0.917480 -4.000000 0.625392 -2.770236 -6.336986
-0.784546 -0.919434 -4.000000 0.568667 -2.559715 -6.294502
-0.784912 -0.917236 -4.000000 0.491532 -2.463117 -6.263648
-0.788208 -0.913574 -4.000000 0.415345 -2.447216 -6.211195
-0.775635 -0.916138 -4.000000 0.345330 -2.449589 -6.167287
-0.779297 -0.918213 -4.000000 0.251106 -2.462880 -6.137857
-0.788086 -0.919067 -4.000000 0.171360 -2.436535 -6.110326
-0.779297 -0.914429 -4.000000 0.082120 -2.354178 -6.093237
-0.780151 -0.913696 -4.000000 0.049841 -2.197059 -6.075199
-0.788818 -0.920654 -4.000000 0.043908 -2.027123 -6.055263
-0.789551 -0.920166 -4.000000 0.052690 -1.907504 -6.046244
-0.779541 -0.919800 -4.000000 0.098022 -1.824197 -6.036987
-0.779175 -0.921997 -4.000000 0.137657 -1.759166 -6.033665
-0.786743 -0.913696 -4.000000 0.155695 -1.699119 -6.029393
-0.779053 -0.919800 -4.000000 0.126977 -1.655448 -6.008981
-0.784424 -0.918701 -4.000000 0.056012 -1.604183 -5.988333
-0.783081 -0.920654 -4.000000 -0.028006 -1.536778 -5.971956
-0.783813 -0.916016 -4.000000 -0.127214 -1.481953 -5.957004
-0.786987 -0.915894 -4.000000 -0.230932 -1.450861 -5.956767
-0.784302 -0.912598 -4.000000 -0.327055 -1.445640 -5.950596
-0.780151 -0.911011 -4.000000 -0.381406 -1.411700 -5.942051
-0.780518 -0.916138 -4.000000 -0.409887 -1.341922 -5.942289
-0.786621 -0.911499 -4.000000 -0.409175 -1.254343 -5.935643
-0.788574 -0.911255 -4.000000 -0.387102 -1.134487 -5.920454
-0.786255 -0.916260 -4.000000 -0.370014 -0.978554 -5.895770
-0.788086 -0.910645 -4.000000 -0.371200 -0.805058 -5.882479
-0.786987 -0.915405 -4.000000 -0.415345 -0.626816 -5.852811
-0.786621 -0.914917 -4.000000 -0.495329 -0.445488 -5.831213
-0.783691 -0.912598 -4.000000 -0.579110 -0.278875 -5.794900
-0.790039 -0.916382 -4.000000 -0.653160 -0.157357 -5.775676
-0.784790 -0.911621 -4.000000 -0.730771 -0.097310 -5.761198
-0.786255 -0.923218 -4.000000 -0.835675 -0.088053 -5.746958
-0.780396 -0.916748 -4.000000 -0.961228 -0.091851 -5.732005
-0.780151 -0.917603 -4.000000 -1.081560 -0.089240 -5.724885
-0.781128 -0.915894 -4.000000 -1.220641 -0.071914 -5.708034
-0.790405 -0.915649 -4.000000 -1.337650 -0.014952 -5.698303
-0.779053 -0.914673 -4.000000 -1.396985 0.093987 -5.694031
-0.784302 -0.916016 -4.000000 -1.398646 0.213606 -5.683588
-0.785278 -0.920654 -4.000000 -1.331479 0.296201 -5.684537
-0.779785 -0.917969 -4.000000 -1.265973 0.316375 -5.702575
-0.780884 -0.916138 -4.000000 -1.200942 0.295489 -5.711594
-0.785034 -0.920044 -4.000000 -1.129977 0.261074 -5.727021
-0.780151 -0.919678 -4.000000 -1.068269 0.213132 -5.732717
-0.789063 -0.918213 -4.000000 -1.059487 0.140268 -5.744110
-0.783203 -0.913452 -4.000000 -1.091765 0.086392 -5.761436
-0.787842 -0.921509 -4.000000 -1.163442 0.076186 -5.752417
-0.788574 -0.919067 -4.000000 -1.264312 0.090427 -5.755739
-0.779053 -0.912476 -4.000000 -1.387017 0.092325 -5.767132
-0.783936 -0.921509 -4.000000 -1.487649 0.089240 -5.783033
-0.792969 -0.912109 -4.000000 -1.549357 0.059810 -5.810090
-0.787354 -0.918579 -4.000000 -1.565734 0.004747 -5.840944
-0.787598 -0.914673 -4.000000 -1.583772 -0.089477 -5.865390
-0.784546 -0.915894 -4.000000 -1.651176 -0.254429 -5.880817
-0.778076 -0.916260 -4.000000 -1.771745 -0.475630 -5.900517
-0.784302 -0.911987 -4.000000 -1.909165 -0.680455 -5.920928
-0.784912 -0.917114 -4.000000 -1.987013 -0.802447 -5.913570
-0.786255 -0.920776 -4.000000 -1.977282 -0.829742 -5.892210
-0.783325 -0.916016 -4.000000 -1.876650 -0.772068 -5.859694
-0.788330 -0.913574 -4.000000 -1.705053 -0.684489 -5.825043
-0.781250 -0.916870 -4.000000 -1.506636 -0.638445 -5.805818
-0.788574 -0.915527 -4.000000 -1.323884 -0.661230 -5.790628
-0.788086 -0.912720 -4.000000 -1.139471 -0.693034 -5.758825
-0.783936 -0.918457 -4.000000 -0.998728 -0.727211 -5.735803
-0.778320 -0.916870 -4.000000 -0.950785 -0.740027 -5.711119
-0.778076 -0.912476 -4.000000 -0.969060 -0.730771 -5.693556
-0.787842 -0.911133 -4.000000 -1.035516 -0.717717 -5.681689
-0.778076 -0.920410 -4.000000 -1.115025 -0.713208 -5.677892
-0.785767 -0.916748 -4.000000 -1.179107 -0.730059 -5.690708
-0.783081 -0.913818 -4.000000 -1.212809 -0.782986 -5.708508
-0.784546 -0.911255 -4.000000 -1.220166 -0.875786 -5.724173
-0.783447 -0.919800 -4.000000 -1.200467 -0.975943 -5.726546
-0.782837 -0.915771 -4.000000 -1.143743 -1.024361 -5.740312
-0.787720 -0.914429 -4.000000 -1.050705 -1.003000 -5.724173
-0.788940 -0.915894 -4.000000 -0.969535 -0.962890 -5.705186
-0.780273 -0.911499 -4.000000 -0.879108 -0.925864 -5.685249
-0.785156 -0.923828 -4.000000 -0.781562 -0.920168 -5.675993
-0.782349 -0.914307 -4.000000 -0.674996 -0.953871 -5.670297
-0.784302 -0.920532 -4.000000 -0.600471 -1.025547 -5.677892
-0.783203 -0.915649 -4.000000 -0.548256 -1.112177 -5.686673
-0.792358 -0.917969 -4.000000 -0.541848 -1.178395 -5.702338
-0.786133 -0.915527 -4.000000 -0.561310 -1.230372 -5.699015
-0.782837 -0.918213 -4.000000 -0.571278 -1.279027 -5.718002
-0.784668 -0.917969 -4.000000 -0.556800 -1.308932 -5.741973
-0.786133 -0.913696 -4.000000 -0.528557 -1.307270 -5.750043
-0.786621 -0.913574 -4.000000 -0.487734 -1.292318 -5.760486
-0.786011 -0.916382 -4.000000 -0.471832 -1.293742 -5.778524
-0.783569 -0.916138 -4.000000 -0.460678 -1.306321 -5.788255
-0.788574 -0.914551 -4.000000 -0.456168 -1.313441 -5.789679
-0.775879 -0.920654 -4.000000 -0.467560 -1.301337 -5.826467
-0.776489 -0.916138 -4.000000 -0.477529 -1.282350 -5.834536
-0.786133 -0.916260 -4.000000 -0.474443 -1.269533 -5.827653
-0.780396 -0.915771 -4.000000 -0.465424 -1.270245 -5.831451
-0.783447 -0.915527 -4.000000 -0.426975 -1.274755 -5.836910
-0.782715 -0.913330 -4.000000 -0.393748 -1.280213 -5.841182
-0.782715 -0.926270 -4.000000 -0.372862 -1.285198 -5.844742
-0.780640 -0.913330 -4.000000 -0.365504 -1.306321 -5.847115
-0.788208 -0.912842 -4.000000 -0.356248 -1.337412 -5.846403
-0.791016 -0.920288 -4.000000 -0.367877 -1.351416 -5.848777
-0.779663 -0.916992 -4.000000 -0.365741 -1.349042 -5.855185
-0.783081 -0.918457 -4.000000 -0.365029 -1.343583 -5.872510
-0.784668 -0.920288 -4.000000 -0.376896 -1.338599 -5.869425
-0.782471 -0.910522 -4.000000 -0.362181 -1.336463 -5.875122
-0.783691 -0.916382 -4.000000 -0.336786 -1.347381 -5.878919
-0.785400 -0.911499 -4.000000 -0.313052 -1.354976 -5.897906
-0.785645 -0.918091 -4.000000 -0.301422 -1.348093 -5.908824
-0.783081 -0.919312 -4.000000 -0.309492 -1.338125 -5.913570
-0.788574 -0.913086 -4.000000 -0.329428 -1.333140 -5.916181
