-0.783325 -0.919434 -4.000000 -0.486548 -1.447538 -5.772116
-0.796631 -0.912598 -4.000000 -0.482038 -1.448013 -5.795612
-0.783081 -0.917603 -4.000000 -0.437893 -1.454659 -5.801546
-0.783569 -0.919312 -4.000000 -0.417956 -1.427839 -5.825043
-0.782715 -0.919678 -4.000000 -0.370488 -1.418583 -5.856371
-0.784424 -0.919922 -4.000000 -0.298811 -1.418820 -5.879868
-0.783325 -0.923218 -4.000000 -0.259176 -1.419058 -5.907162
-0.780640 -0.911743 -4.000000 -0.226185 -1.438519 -5.935168
-0.787476 -0.925659 -4.000000 -0.186312 -1.480054 -5.978602
-0.786011 -0.921753 -4.000000 -0.152610 -1.564310 -6.022747
-0.783203 -0.918701 -4.000000 -0.108702 -1.678708 -6.044345
-0.784790 -0.919312 -4.000000 -0.048892 -1.799039 -6.073300
-0.780884 -0.919678 -4.000000 0.012104 -1.935985 -6.083269
-0.786987 -0.920776 -4.000000 0.097784 -2.064386 -6.102731
-0.785034 -0.924438 -4.000000 0.171360 -2.120636 -6.120057
-0.782227 -0.915771 -4.000000 0.244460 -2.157186 -6.150199
-0.784668 -0.916138 -4.000000 0.321121 -2.242154 -6.161591
-0.784302 -0.916382 -4.000000 0.386390 -2.384320 -6.177018
-0.781494 -0.914917 -4.000000 0.419618 -2.563275 -6.197430
-0.791626 -0.919067 -4.000000 0.449997 -2.734872 -6.195768
-0.785034 -0.918213 -4.000000 0.496516 -2.883684 -6.188885
-0.779053 -0.918335 -4.000000 0.572227 -3.027987 -6.197192
-0.790649 -0.910278 -4.000000 0.668350 -3.169917 -6.201227
-0.791138 -0.911377 -4.000000 0.766134 -3.301641 -6.204550
-0.786133 -0.916138 -4.000000 0.838286 -3.424820 -6.179866
-0.789063 -0.919189 -4.000000 0.878871 -3.481070 -6.140468
-0.784668 -0.913208 -4.000000 0.923254 -3.457573 -6.106766
-0.786743 -0.918213 -4.000000 0.979978 -3.416039 -6.095848
-0.783447 -0.921753 -4.000000 1.045959 -3.437162 -6.109851
-0.784180 -0.924805 -4.000000 1.062810 -3.546813 -6.111275
-0.778687 -0.921875 -4.000000 1.040262 -3.681148 -6.115072
-0.787964 -0.918945 -4.000000 1.032193 -3.788900 -6.099408
-0.786987 -0.917236 -4.000000 1.040262 -3.850609 -6.071165
-0.782837 -0.920654 -4.000000 1.066133 -3.858916 -6.023696
-0.787476 -0.921143 -4.000000 1.040737 -3.822603 -5.996402
-0.786133 -0.917603 -4.000000 0.939868 -3.686607 -5.975516
-0.786499 -0.918335 -4.000000 0.895010 -3.440722 -5.949409
-0.784912 -0.926636 -4.000000 0.922779 -3.149031 -5.927574
-0.783325 -0.920776 -4.000000 0.945564 -2.846185 -5.894346
-0.785034 -0.911011 -4.000000 0.913048 -2.675537 -5.873223
-0.785034 -0.915771 -4.000000 0.805058 -2.625221 -5.869900
-0.783813 -0.913086 -4.000000 0.652686 -2.592705 -5.878919
-0.782715 -0.921143 -4.000000 0.504348 -2.581788 -5.878444
-0.779907 -0.919678 -4.000000 0.385441 -2.559003 -5.887938
-0.784546 -0.912231 -4.000000 0.264160 -2.470475 -5.878207
-0.779053 -0.911377 -4.000000 0.168512 -2.322612 -5.853286
-0.790161 -0.916870 -4.000000 0.136471 -2.128468 -5.850913
-0.787231 -0.917847 -4.000000 0.143354 -1.914861 -5.848064
-0.786621 -0.924561 -4.000000 0.131724 -1.730448 -5.826704
-0.785400 -0.914917 -4.000000 0.068354 -1.620322 -5.824805
-0.780396 -0.919678 -4.000000 0.003085 -1.608930 -5.831688
-0.785522 -0.913940 -4.000000 -0.043196 -1.662094 -5.832637
-0.782959 -0.908569 -4.000000 -0.073101 -1.742078 -5.812226
-0.780273 -0.918091 -4.000000 -0.097310 -1.808533 -5.794900
-0.783691 -0.910889 -4.000000 -0.102768 -1.817315 -5.781135
-0.786011 -0.918823 -4.000000 -0.083544 -1.769135 -5.774014
-0.784058 -0.921509 -4.000000 -0.067405 -1.707901 -5.767369
-0.787720 -0.915527 -4.000000 -0.067642 -1.677758 -5.782084
-0.784302 -0.910034 -4.000000 -0.064557 -1.675622 -5.787068
-0.783081 -0.915161 -4.000000 -0.083781 -1.710274 -5.791578
-0.791870 -0.918335 -4.000000 -0.088291 -1.747537 -5.800597
-0.791382 -0.913818 -4.000000 -0.115822 -1.763913 -5.802258
-0.781128 -0.912842 -4.000000 -0.131012 -1.757980 -5.806293
-0.784790 -0.913574 -4.000000 -0.148575 -1.761302 -5.815074
-0.791382 -0.920044 -4.000000 -0.211708 -1.786460 -5.845929
-0.789185 -0.920410 -4.000000 -0.307356 -1.825147 -5.876071
-0.788452 -0.921875 -4.000000 -0.374760 -1.844371 -5.891023
-0.787354 -0.928589 -4.000000 -0.395409 -1.808058 -5.900280
-0.784790 -0.919312 -4.000000 -0.388289 -1.682743 -5.909773
-0.787720 -0.916016 -4.000000 -0.407751 -1.486937 -5.927574
-0.781250 -0.912231 -4.000000 -0.454744 -1.232033 -5.931134
-0.781738 -0.920044 -4.000000 -0.520250 -0.981877 -5.928286
-0.786499 -0.917236 -4.000000 -0.612338 -0.792242 -5.935881
-0.788940 -0.920654 -4.000000 -0.749758 -0.666452 -5.947273
-0.783936 -0.919189 -4.000000 -0.910675 -0.617797 -5.944662
-0.780884 -0.918335 -4.000000 -1.082984 -0.646040 -5.942526
-0.783325 -0.920044 -4.000000 -1.293030 -0.768508 -5.936593
-0.790771 -0.920288 -4.000000 -1.571667 -0.957431 -5.935881
-0.783081 -0.917725 -4.000000 -1.826808 -1.141607 -5.921165
-0.787476 -0.926147 -4.000000 -1.953548 -1.227049 -5.876071
-0.787842 -0.917358 -4.000000 -1.954497 -1.204977 -5.825517
-0.789795 -0.916870 -4.000000 -1.877599 -1.130214 -5.799410
-0.789795 -0.924194 -4.000000 -1.781001 -1.039550 -5.762622
-0.777466 -0.919067 -4.000000 -1.689863 -0.947225 -5.739838
-0.786743 -0.915405 -4.000000 -1.576177 -0.831640 -5.698303
-0.788696 -0.910645 -4.000000 -1.443029 -0.677369 -5.655344
-0.783691 -0.923950 -4.000000 -1.314628 -0.529981 -5.628525
-0.784058 -0.917358 -4.000000 -1.272619 -0.461864 -5.604079
-0.790161 -0.919922 -4.000000 -1.339549 -0.486785 -5.575835
-0.786133 -0.920166 -4.000000 -1.450624 -0.579822 -5.555187
-0.781738 -0.921387 -4.000000 -1.589943 -0.733619 -5.538573
-0.788086 -0.914795 -4.000000 -1.761540 -0.900706 -5.507956
-0.787354 -0.918945 -4.000000 -1.891839 -1.008459 -5.468795
-0.784668 -0.919312 -4.000000 -1.928152 -1.063997 -5.426548
-0.783325 -0.918945 -4.000000 -1.903469 -1.083933 -5.412308
-0.790161 -0.915161 -4.000000 -1.843422 -1.085594 -5.390947
-0.791382 -0.917358 -4.000000 -1.695559 -1.060674 -5.363653
-0.783569 -0.914551 -4.000000 -1.521351 -1.028633 -5.344429
-0.786499 -0.923828 -4.000000 -1.378710 -1.029582 -5.342292
-0.781860 -0.920776 -4.000000 -1.309406 -1.047383 -5.338020
-0.781494 -0.910522 -4.000000 -1.296590 -1.024835 -5.318084
-0.786987 -0.918457 -4.000000 -1.316052 -0.965975 -5.296248
-0.781860 -0.916016 -4.000000 -1.377286 -0.894298 -5.314524
-0.787109 -0.919556 -4.000000 -1.442554 -0.812890 -5.311438
-0.785889 -0.914307 -4.000000 -1.514231 -0.734806 -5.328526
-0.782715 -0.912720 -4.000000 -1.550781 -0.689236 -5.333748
-0.780029 -0.919434 -4.000000 -1.563598 -0.694932 -5.347039
-0.784302 -0.918335 -4.000000 -1.566921 -0.763286 -5.359381
-0.778442 -0.922974 -4.000000 -1.560275 -0.850628 -5.368637
-0.782959 -0.917969 -4.000000 -1.537490 -0.910200 -5.383352
-0.781006 -0.911377 -4.000000 -1.510434 -0.917795 -5.384064
-0.788330 -0.927490 -4.000000 -1.464627 -0.880295 -5.378368
-0.783447 -0.921143 -4.000000 -1.378235 -0.846593 -5.389286
-0.783691 -0.920166 -4.000000 -1.284486 -0.846593 -5.388574
-0.781372 -0.919922 -4.000000 -1.172461 -0.862969 -5.406137
-0.789063 -0.913208 -4.000000 -1.057588 -0.896672 -5.429396
-0.781494 -0.916626 -4.000000 -0.970010 -0.931561 -5.439602
-0.791138 -0.922974 -4.000000 -0.908301 -0.951023 -5.459776
-0.784180 -0.912476 -4.000000 -0.856561 -0.981402 -5.483984
-0.786377 -0.917358 -4.000000 -0.857985 -1.027921 -5.508430
-0.781372 -0.914185 -4.000000 -0.862257 -1.083458 -5.530029
-0.785034 -0.916748 -4.000000 -0.869140 -1.135199 -5.565392
-0.783447 -0.919800 -4.000000 -0.862969 -1.154898 -5.598857
-0.780151 -0.918091 -4.000000 -0.847780 -1.141369 -5.623303
-0.779419 -0.915649 -4.000000 -0.818112 -1.123332 -5.647987
-0.781494 -0.920044 -4.000000 -0.788682 -1.133062 -5.664838
-0.780151 -0.917847 -4.000000 -0.767084 -1.182904 -5.694980
-0.778931 -0.911865 -4.000000 -0.734093 -1.266448 -5.719426
-0.780396 -0.921631 -4.000000 -0.653872 -1.373726 -5.736515
-0.789917 -0.915649 -4.000000 -0.550867 -1.443504 -5.744822
-0.783691 -0.915894 -4.000000 -0.451421 -1.454659 -5.741736
-0.783081 -0.915894 -4.000000 -0.360045 -1.385118 -5.758112
-0.782349 -0.925171 -4.000000 -0.290979 -1.295403 -5.756926
-0.782471 -0.920898 -4.000000 -0.252530 -1.205214 -5.750280
-0.781982 -0.917480 -4.000000 -0.251343 -1.143980 -5.755027
-0.786987 -0.918701 -4.000000 -0.262973 -1.148252 -5.750280
-0.784912 -0.915283 -4.000000 -0.292878 -1.213284 -5.758587
-0.783813 -0.912842 -4.000000 -0.348416 -1.285198 -5.779473
-0.780518 -0.913940 -4.000000 -0.394697 -1.345719 -5.787305
-0.780640 -0.912109 -4.000000 -0.428399 -1.375387 -5.795850
-0.783081 -0.921143 -4.000000 -0.440504 -1.400308 -5.794900
-0.786255 -0.921875 -4.000000 -0.435519 -1.415972 -5.794425
-0.787964 -0.916992 -4.000000 -0.409887 -1.432586 -5.798460
-0.786743 -0.913696 -4.000000 -0.349602 -1.418108 -5.791578
-0.789551 -0.917236 -4.000000 -0.279112 -1.412887 -5.797749
-0.785034 -0.914917 -4.000000 -0.217641 -1.394137 -5.794425
-0.789185 -0.915405 -4.000000 -0.177531 -1.380134 -5.797037
-0.784546 -0.918579 -4.000000 -0.145252 -1.378235 -5.784457
-0.789673 -0.919678 -4.000000 -0.113211 -1.382745 -5.784220
-0.790894 -0.919556 -4.000000 -0.081408 -1.373013 -5.791340
