-0.782349 -0.925903 -4.000000 -0.291454 -1.474595 -5.864204
-0.781860 -0.921021 -4.000000 -0.302372 -1.463915 -5.854236
-0.787842 -0.915527 -4.000000 -0.305932 -1.452048 -5.877732
-0.777466 -0.916748 -4.000000 -0.312577 -1.455371 -5.900991
-0.780884 -0.924072 -4.000000 -0.329428 -1.455371 -5.931608
-0.783691 -0.914429 -4.000000 -0.354586 -1.492396 -5.957479
-0.787354 -0.913818 -4.000000 -0.397545 -1.553155 -5.983111
-0.793701 -0.916992 -4.000000 -0.457829 -1.642632 -6.009456
-0.783691 -0.916870 -4.000000 -0.511468 -1.748486 -6.049804
-0.783447 -0.921021 -4.000000 -0.536864 -1.840811 -6.086592
-0.790649 -0.913940 -4.000000 -0.519775 -1.916997 -6.107952
-0.783447 -0.914429 -4.000000 -0.460678 -1.972298 -6.130737
-0.780151 -0.921021 -4.000000 -0.370488 -2.018342 -6.156370
-0.783936 -0.922974 -4.000000 -0.260837 -2.083136 -6.181290
-0.784668 -0.914795 -4.000000 -0.141929 -2.179259 -6.211907
-0.784912 -0.921875 -4.000000 -0.029193 -2.306236 -6.253442
-0.782959 -0.920532 -4.000000 0.062895 -2.439384 -6.288805
-0.786011 -0.916504 -4.000000 0.149050 -2.561376 -6.315862
-0.783203 -0.916016 -4.000000 0.210521 -2.673876 -6.334375
-0.785400 -0.914795 -4.000000 0.252293 -2.793970 -6.351226
-0.783569 -0.916138 -4.000000 0.281486 -2.926406 -6.387539
-0.790283 -0.911255 -4.000000 0.312340 -3.053620 -6.401067
-0.786499 -0.909668 -4.000000 0.325868 -3.161847 -6.427887
-0.783203 -0.917236 -4.000000 0.333226 -3.256783 -6.459691
-0.779541 -0.919189 -4.000000 0.306644 -3.368333 -6.492206
-0.784180 -0.919312 -4.000000 0.237340 -3.498633 -6.528282
-0.786255 -0.921509 -4.000000 0.109651 -3.618253 -6.560798
-0.777588 -0.918823 -4.000000 -0.065031 -3.707967 -6.596161
-0.782227 -0.911255 -4.000000 -0.249207 -3.780356 -6.621082
-0.784180 -0.915894 -4.000000 -0.367640 -3.876716 -6.638170
-0.785645 -0.918823 -4.000000 -0.347704 -4.041668 -6.673059
-0.783936 -0.913818 -4.000000 -0.146676 -4.245069 -6.704863
-0.788818 -0.912109 -4.000000 0.169224 -4.472203 -6.735480
-0.786133 -0.917603 -4.000000 0.532829 -4.660414 -6.766097
-0.783691 -0.918457 -4.000000 0.867716 -4.727581 -6.776540
-0.785278 -0.911133 -4.000000 1.124281 -4.570224 -6.730258
-0.788086 -0.918335 -4.000000 1.261226 -4.078455 -6.664515
-0.783081 -0.913086 -4.000000 1.307270 -3.399662 -6.610876
-0.780640 -0.919189 -4.000000 1.283774 -2.752198 -6.540861
-0.782959 -0.917114 -4.000000 1.176258 -2.313356 -6.458029
-0.777832 -0.912842 -4.000000 0.966924 -2.107344 -6.400593
-0.787354 -0.918579 -4.000000 0.686863 -2.104734 -6.344343
-0.783813 -0.909912 -4.000000 0.397545 -2.260904 -6.312777
-0.781006 -0.911255 -4.000000 0.190347 -2.399510 -6.279312
-0.781006 -0.917969 -4.000000 0.040348 -2.460744 -6.239202
-0.778809 -0.919434 -4.000000 -0.031329 -2.427279 -6.201939
-0.789185 -0.908203 -4.000000 -0.039636 -2.325460 -6.158268
-0.792847 -0.908813 -4.000000 0.010680 -2.179496 -6.141180
-0.785400 -0.913086 -4.000000 0.103955 -2.010035 -6.116259
-0.785156 -0.911743 -4.000000 0.199128 -1.858137 -6.094899
-0.779785 -0.915771 -4.000000 0.268195 -1.735907 -6.073300
-0.782227 -0.923096 -4.000000 0.279112 -1.632427 -6.056212
-0.778320 -0.917480 -4.000000 0.238052 -1.552443 -6.036038
-0.787964 -0.915771 -4.000000 0.151423 -1.510196 -5.992368
-0.788208 -0.919312 -4.000000 0.020411 -1.530845 -5.963887
-0.786133 -0.919800 -4.000000 -0.112974 -1.590655 -5.960089
-0.780396 -0.916260 -4.000000 -0.193195 -1.616999 -5.962225
-0.781738 -0.921631 -4.000000 -0.195806 -1.578788 -5.958902
-0.786621 -0.911499 -4.000000 -0.168986 -1.507111 -5.970295
-0.788940 -0.916382 -4.000000 -0.145015 -1.448250 -5.988570
-0.780884 -0.914185 -4.000000 -0.125790 -1.402444 -6.008032
-0.779175 -0.918457 -4.000000 -0.095648 -1.334090 -6.008507
-0.783569 -0.912720 -4.000000 -0.066693 -1.231084 -5.996165
-0.785400 -0.915649 -4.000000 -0.050791 -1.118585 -5.999488
-0.787109 -0.910767 -4.000000 -0.064794 -1.006560 -5.984535
-0.789063 -0.913452 -4.000000 -0.108939 -0.882668 -5.971007
-0.788696 -0.917847 -4.000000 -0.206249 -0.764710 -5.961276
-0.780518 -0.916748 -4.000000 -0.348890 -0.667876 -5.941814
-0.777344 -0.921997 -4.000000 -0.518826 -0.603556 -5.929235
-0.783569 -0.907471 -4.000000 -0.657907 -0.540186 -5.903602
-0.785889 -0.903076 -4.000000 -0.789156 -0.482750 -5.874172
-0.781250 -0.924194 -4.000000 -0.942241 -0.422940 -5.864204
-0.781372 -0.913940 -4.000000 -1.091528 -0.351976 -5.832163
-0.784424 -0.921631 -4.000000 -1.205451 -0.293827 -5.818160
-0.775391 -0.912354 -4.000000 -1.298251 -0.285995 -5.807005
-0.783325 -0.915527 -4.000000 -1.378472 -0.295963 -5.803445
-0.790649 -0.916504 -4.000000 -1.434010 -0.259888 -5.807005
-0.780273 -0.916260 -4.000000 -1.477681 -0.196755 -5.795138
-0.782593 -0.915039 -4.000000 -1.512332 -0.125078 -5.776625
-0.782593 -0.917114 -4.000000 -1.519452 -0.060759 -5.756451
-0.777832 -0.916016 -4.000000 -1.513044 -0.013528 -5.727258
-0.778809 -0.912964 -4.000000 -1.478867 0.009019 -5.718714
-0.783447 -0.918457 -4.000000 -1.428789 0.017089 -5.719901
-0.784302 -0.914429 -4.000000 -1.360435 0.065269 -5.718714
-0.786987 -0.913452 -4.000000 -1.279739 0.156170 -5.688334
-0.784180 -0.915771 -4.000000 -1.208299 0.235204 -5.666737
-0.789917 -0.919922 -4.000000 -1.153474 0.274365 -5.669347
-0.789185 -0.922485 -4.000000 -1.098648 0.298574 -5.675518
-0.783813 -0.920898 -4.000000 -1.067794 0.305457 -5.668161
-0.791016 -0.915527 -4.000000 -1.075389 0.275789 -5.660566
-0.786865 -0.924561 -4.000000 -1.141132 0.191296 -5.661990
-0.786011 -0.914917 -4.000000 -1.248173 0.053164 -5.674332
-0.786499 -0.914063 -4.000000 -1.370165 -0.082832 -5.696167
-0.781006 -0.916870 -4.000000 -1.505212 -0.169936 -5.692844
-0.786133 -0.911987 -4.000000 -1.639309 -0.231881 -5.696167
-0.787964 -0.923462 -4.000000 -1.750147 -0.275077 -5.699490
-0.788818 -0.918579 -4.000000 -1.824435 -0.320884 -5.697116
-0.777954 -0.917480 -4.000000 -1.847219 -0.353637 -5.704711
-0.781494 -0.917847 -4.000000 -1.822061 -0.376896 -5.709220
-0.778442 -0.915527 -4.000000 -1.761540 -0.402054 -5.703287
-0.782227 -0.922241 -4.000000 -1.692711 -0.452845 -5.692844
-0.783081 -0.920044 -4.000000 -1.625781 -0.525709 -5.695930
-0.781128 -0.915405 -4.000000 -1.546509 -0.623018 -5.692844
-0.782837 -0.912231 -4.000000 -1.450861 -0.732195 -5.690233
-0.785522 -0.916260 -4.000000 -1.347143 -0.834963 -5.681452
-0.784912 -0.912354 -4.000000 -1.268346 -0.926576 -5.679790
-0.777344 -0.920410 -4.000000 -1.223964 -0.994456 -5.678604
-0.777588 -0.909790 -4.000000 -1.196670 -1.036465 -5.673857
-0.776245 -0.917480 -4.000000 -1.183853 -1.058775 -5.679553
-0.777710 -0.914185 -4.000000 -1.174360 -1.077762 -5.680027
-0.789429 -0.912231 -4.000000 -1.153236 -1.112414 -5.687860
-0.783936 -0.911133 -4.000000 -1.110753 -1.152287 -5.691420
-0.781372 -0.920044 -4.000000 -1.056639 -1.172698 -5.692844
-0.781128 -0.914917 -4.000000 -0.999203 -1.182429 -5.688097
-0.779297 -0.912598 -4.000000 -0.953159 -1.193110 -5.685486
-0.779053 -0.914307 -4.000000 -0.926339 -1.206875 -5.696879
-0.791870 -0.921265 -4.000000 -0.899282 -1.226812 -5.718239
-0.786499 -0.916138 -4.000000 -0.862732 -1.264549 -5.733666
-0.786377 -0.914551 -4.000000 -0.806008 -1.317476 -5.750518
-0.783325 -0.920044 -4.000000 -0.735043 -1.354026 -5.765945
-0.782715 -0.915894 -4.000000 -0.667164 -1.364944 -5.765233
-0.786011 -0.916382 -4.000000 -0.614711 -1.367792 -5.781135
-0.785522 -0.921509 -4.000000 -0.575788 -1.373726 -5.776625
-0.786133 -0.920898 -4.000000 -0.550155 -1.359722 -5.784457
-0.786377 -0.916992 -4.000000 -0.537101 -1.360435 -5.784932
-0.783813 -0.916748 -4.000000 -0.546595 -1.386542 -5.792527
-0.790283 -0.921143 -4.000000 -0.538050 -1.428789 -5.799884
-0.784790 -0.918945 -4.000000 -0.496516 -1.457744 -5.805106
-0.785889 -0.913696 -4.000000 -0.451421 -1.482427 -5.811751
-0.788696 -0.917603 -4.000000 -0.391849 -1.483614 -5.821483
-0.783325 -0.914795 -4.000000 -0.345805 -1.446826 -5.814363
-0.789795 -0.914917 -4.000000 -0.331327 -1.398884 -5.819346
-0.785034 -0.911255 -4.000000 -0.356960 -1.357112 -5.822906
-0.782227 -0.918457 -4.000000 -0.415108 -1.338599 -5.829315
-0.779907 -0.915161 -4.000000 -0.474206 -1.364469 -5.845217
-0.781250 -0.920654 -4.000000 -0.509570 -1.412175 -5.853998
-0.776611 -0.911377 -4.000000 -0.508146 -1.450149 -5.858508
-0.788574 -0.912598 -4.000000 -0.455693 -1.449674 -5.868238
-0.785400 -0.916016 -4.000000 -0.397782 -1.419295 -5.860881
-0.784058 -0.917969 -4.000000 -0.351264 -1.416684 -5.844030
-0.777466 -0.927124 -4.000000 -0.349602 -1.421194 -5.851388
-0.780396 -0.914429 -4.000000 -0.374998 -1.422855 -5.859931
-0.782837 -0.913940 -4.000000 -0.432434 -1.447776 -5.869663
-0.786011 -0.918945 -4.000000 -0.492244 -1.451810 -5.885564
-0.787109 -0.920410 -4.000000 -0.543509 -1.418346 -5.889362
-0.793091 -0.916748 -4.000000 -0.577686 -1.416921 -5.891973
-0.786865 -0.912231 -4.000000 -0.591689 -1.438757 -5.888175
-0.785522 -0.917114 -4.000000 -0.587655 -1.476731 -5.905501
-0.786133 -0.916870 -4.000000 -0.535914 -1.474595 -5.902416
-0.784180 -0.913940 -4.000000 -0.442877 -1.456083 -5.899330
