-0.785278 -0.922363 -4.000000 0.066930 -1.462965 -5.536200
-0.783447 -0.921265 -4.000000 0.024921 -1.417396 -5.550202
-0.789795 -0.915649 -4.000000 -0.065981 -1.384643 -5.611199
-0.780762 -0.917603 -4.000000 -0.160679 -1.379422 -5.655581
-0.777832 -0.918335 -4.000000 -0.234018 -1.399596 -5.702575
-0.786865 -0.920776 -4.000000 -0.305457 -1.420956 -5.728920
-0.788330 -0.923706 -4.000000 -0.318748 -1.431874 -5.745059
-0.787354 -0.916748 -4.000000 -0.310204 -1.468899 -5.745059
-0.788818 -0.921509 -4.000000 -0.317561 -1.485750 -5.747195
-0.786621 -0.910400 -4.000000 -0.316137 -1.484801 -5.770692
-0.784546 -0.919067 -4.000000 -0.320172 -1.471747 -5.781610
-0.786987 -0.916626 -4.000000 -0.347229 -1.438282 -5.773540
-0.785767 -0.919189 -4.000000 -0.391374 -1.398409 -5.773065
-0.781250 -0.917725 -4.000000 -0.429349 -1.371827 -5.766657
-0.779663 -0.922119 -4.000000 -0.466611 -1.385830 -5.766419
-0.780640 -0.912598 -4.000000 -0.506009 -1.418583 -5.774014
-0.784058 -0.917847 -4.000000 -0.540186 -1.440655 -5.788967
-0.784546 -0.924561 -4.000000 -0.562734 -1.506873 -5.815074
-0.786865 -0.915161 -4.000000 -0.579585 -1.615575 -5.852337
-0.780762 -0.921509 -4.000000 -0.580772 -1.746587 -5.915232
-0.784668 -0.921387 -4.000000 -0.590740 -1.869292 -5.960089
-0.783813 -0.922974 -4.000000 -0.578398 -1.936459 -5.988570
-0.788818 -0.927124 -4.000000 -0.561310 -2.034006 -6.034140
-0.784424 -0.919189 -4.000000 -0.550392 -2.214622 -6.104155
-0.784668 -0.917725 -4.000000 -0.557987 -2.496345 -6.214756
-0.785889 -0.919189 -4.000000 -0.577686 -2.775220 -6.344818
-0.793335 -0.919312 -4.000000 -0.603319 -2.999744 -6.465149
-0.787720 -0.919922 -4.000000 -0.636784 -3.147844 -6.574089
-0.786987 -0.919922 -4.000000 -0.669774 -3.212875 -6.638170
-0.783447 -0.918823 -4.000000 -0.694458 -3.148082 -6.610876
-0.781494 -0.913452 -4.000000 -0.659806 -2.952276 -6.535165
-0.793457 -0.917480 -4.000000 -0.513130 -2.727752 -6.428124
-0.781250 -0.917114 -4.000000 -0.282910 -2.600063 -6.336036
-0.788818 -0.921509 -4.000000 0.034414 -2.592943 -6.299486
-0.786499 -0.919922 -4.000000 0.397782 -2.753622 -6.292840
-0.781982 -0.913086 -4.000000 0.736230 -3.037718 -6.276464
-0.786133 -0.917969 -4.000000 0.994218 -3.311609 -6.252255
-0.784424 -0.916626 -4.000000 1.164866 -3.514535 -6.185325
-0.781494 -0.913452 -4.000000 1.275467 -3.613506 -6.101544
-0.784302 -0.914917 -4.000000 1.464152 -3.646496 -6.050753
-0.786377 -0.921143 -4.000000 1.747062 -3.679249 -6.077810
-0.782715 -0.921021 -4.000000 2.031870 -3.738822 -6.108427
-0.786133 -0.916992 -4.000000 2.173800 -3.787714 -6.101069
-0.782837 -0.923462 -4.000000 2.292707 -3.811448 -6.073063
-0.785645 -0.928833 -4.000000 2.416124 -3.804327 -6.052889
-0.792847 -0.919800 -4.000000 2.553069 -3.819755 -6.060959
-0.781738 -0.911743 -4.000000 2.632341 -3.931779 -6.068316
-0.789917 -0.920288 -4.000000 2.652515 -4.109785 -6.060247
-0.785400 -0.913940 -4.000000 2.656787 -4.311049 -6.015627
-0.775757 -0.921387 -4.000000 2.502516 -4.458200 -5.951070
-0.779541 -0.916870 -4.000000 2.242391 -4.408833 -5.937542
-0.790771 -0.920410 -4.000000 1.966127 -4.115006 -5.958428
-0.783325 -0.917603 -4.000000 1.673486 -3.652667 -5.955342
-0.785522 -0.919800 -4.000000 1.501889 -3.126484 -5.934931
-0.788940 -0.916992 -4.000000 1.363045 -2.671502 -5.914282
-0.790039 -0.915039 -4.000000 1.101734 -2.498719 -5.880105
-0.788940 -0.923218 -4.000000 0.736467 -2.575854 -5.840232
-0.786499 -0.917969 -4.000000 0.403004 -2.722768 -5.800834
-0.788940 -0.922119 -4.000000 0.181565 -2.796581 -5.772353
-0.783813 -0.921631 -4.000000 0.091851 -2.708053 -5.764046
-0.787354 -0.925415 -4.000000 0.100870 -2.467864 -5.763571
-0.788452 -0.913574 -4.000000 0.173970 -2.178546 -5.778524
-0.778442 -0.910889 -4.000000 0.236628 -1.920083 -5.793714
-0.786377 -0.919800 -4.000000 0.253954 -1.757980 -5.797037
-0.791626 -0.916016 -4.000000 0.227609 -1.632664 -5.782084
-0.793091 -0.916992 -4.000000 0.197942 -1.593740 -5.778286
-0.791504 -0.915649 -4.000000 0.168037 -1.610116 -5.768556
-0.786011 -0.910889 -4.000000 0.118907 -1.617949 -5.758112
-0.787964 -0.916138 -4.000000 0.095648 -1.624594 -5.729157
-0.788818 -0.915039 -4.000000 0.080696 -1.642869 -5.739838
-0.783936 -0.922363 -4.000000 0.061946 -1.640733 -5.732717
-0.783569 -0.920776 -4.000000 0.049604 -1.609404 -5.727733
-0.785400 -0.926880 -4.000000 0.033940 -1.539152 -5.732005
-0.788818 -0.916626 -4.000000 0.013528 -1.452997 -5.746958
-0.786377 -0.922852 -4.000000 -0.011630 -1.385830 -5.782796
-0.785889 -0.914551 -4.000000 -0.010918 -1.310356 -5.825992
-0.786499 -0.916870 -4.000000 0.001187 -1.192398 -5.871324
-0.787109 -0.920288 -4.000000 0.012104 -1.024361 -5.924014
-0.780884 -0.918701 -4.000000 -0.003797 -0.828555 -5.965074
-0.781738 -0.920288 -4.000000 -0.044383 -0.638445 -6.004234
-0.787720 -0.918945 -4.000000 -0.088765 -0.441453 -6.034377
-0.789429 -0.909546 -4.000000 -0.121044 -0.251581 -6.054076
-0.785522 -0.914551 -4.000000 -0.181803 -0.136233 -6.074250
-0.791626 -0.918091 -4.000000 -0.271280 -0.081408 -6.097746
-0.787964 -0.913208 -4.000000 -0.363368 -0.051028 -6.113411
-0.786011 -0.915405 -4.000000 -0.429349 -0.001187 -6.132636
-0.783081 -0.920654 -4.000000 -0.504585 0.075949 -6.136671
-0.783569 -0.916016 -4.000000 -0.614237 0.174445 -6.138806
-0.784668 -0.924072 -4.000000 -0.739078 0.253005 -6.155183
-0.781860 -0.919067 -4.000000 -0.901418 0.277688 -6.187936
-0.780151 -0.914917 -4.000000 -1.086306 0.280774 -6.223537
-0.788452 -0.920654 -4.000000 -1.264074 0.273416 -6.227334
-0.786377 -0.915161 -4.000000 -1.466763 0.227847 -6.210483
-0.783325 -0.920532 -4.000000 -1.691287 0.153322 -6.205499
-0.788452 -0.917847 -4.000000 -1.869767 0.065269 -6.186512
-0.783447 -0.916626 -4.000000 -2.024513 -0.004509 -6.176069
-0.784058 -0.919678 -4.000000 -2.157423 -0.069541 -6.154708
-0.789429 -0.911621 -4.000000 -2.284638 -0.117246 -6.130025
-0.787720 -0.919556 -4.000000 -2.401409 -0.131724 -6.105579
-0.783447 -0.915527 -4.000000 -2.497532 -0.108465 -6.076149
-0.782959 -0.916016 -4.000000 -2.566835 -0.085917 -6.050516
-0.786743 -0.915894 -4.000000 -2.612879 -0.116297 -6.030579
-0.784790 -0.920410 -4.000000 -2.648480 -0.194856 -6.022273
-0.788452 -0.927124 -4.000000 -2.657737 -0.279587 -6.011117
-0.791992 -0.916260 -4.000000 -2.619525 -0.327292 -5.988333
-0.785034 -0.909546 -4.000000 -2.543576 -0.319460 -5.949409
-0.780029 -0.910522 -4.000000 -2.460981 -0.270331 -5.898381
-0.785034 -0.909790 -4.000000 -2.395950 -0.223337 -5.879156
-0.791138 -0.919678 -4.000000 -2.356314 -0.200078 -5.854948
-0.790649 -0.920044 -4.000000 -2.369843 -0.235679 -5.828128
-0.787354 -0.911133 -4.000000 -2.395238 -0.345805 -5.809853
-0.783813 -0.924316 -4.000000 -2.444368 -0.502687 -5.801309
-0.782837 -0.922607 -4.000000 -2.512010 -0.673334 -5.786356
-0.775879 -0.911743 -4.000000 -2.592943 -0.853476 -5.759062
-0.785034 -0.916138 -4.000000 -2.640411 -0.995642 -5.736752
-0.782471 -0.913574 -4.000000 -2.602199 -1.042873 -5.694031
-0.784546 -0.919556 -4.000000 -2.460981 -1.051655 -5.647512
-0.786255 -0.920532 -4.000000 -2.252359 -1.027209 -5.615471
-0.784912 -0.908203 -4.000000 -2.011459 -0.962652 -5.593161
-0.785645 -0.912354 -4.000000 -1.749673 -0.890263 -5.574648
-0.787109 -0.913330 -4.000000 -1.535117 -0.848254 -5.546405
-0.787720 -0.915405 -4.000000 -1.381320 -0.861071 -5.525044
-0.781372 -0.916626 -4.000000 -1.285672 -0.916134 -5.511516
-0.783936 -0.912964 -4.000000 -1.223014 -1.000389 -5.513177
-0.784302 -0.908936 -4.000000 -1.176970 -1.105294 -5.496326
-0.782837 -0.916260 -4.000000 -1.137572 -1.205451 -5.509380
-0.789551 -0.918701 -4.000000 -1.087731 -1.259328 -5.512940
-0.788696 -0.918335 -4.000000 -1.023174 -1.268821 -5.519111
-0.787964 -0.915527 -4.000000 -0.948174 -1.252682 -5.530741
-0.785889 -0.924683 -4.000000 -0.895248 -1.223252 -5.531453
-0.780884 -0.914429 -4.000000 -0.846355 -1.198806 -5.544981
-0.788574 -0.911621 -4.000000 -0.805770 -1.232271 -5.547355
-0.790161 -0.924072 -4.000000 -0.782036 -1.321273 -5.558747
-0.789063 -0.918457 -4.000000 -0.750233 -1.401494 -5.571563
-0.790039 -0.919312 -4.000000 -0.703951 -1.427364 -5.595772
-0.788086 -0.924927 -4.000000 -0.597623 -1.389153 -5.610724
-0.781860 -0.912476 -4.000000 -0.472545 -1.301811 -5.622591
-0.788208 -0.917847 -4.000000 -0.386153 -1.252919 -5.647512
-0.782715 -0.919800 -4.000000 -0.355061 -1.262650 -5.670297
-0.786987 -0.921509 -4.000000 -0.342957 -1.283062 -5.696404
-0.791382 -0.918091 -4.000000 -0.321833 -1.275704 -5.715391
-0.783203 -0.915894 -4.000000 -0.294065 -1.260752 -5.733904
-0.787842 -0.918701 -4.000000 -0.294777 -1.274280 -5.744347
-0.781372 -0.917847 -4.000000 -0.318511 -1.334802 -5.761673
-0.790161 -0.912720 -4.000000 -0.387102 -1.415497 -5.774726
-0.786499 -0.918823 -4.000000 -0.438130 -1.471510 -5.781372
-0.783813 -0.921143 -4.000000 -0.427925 -1.462728 -5.790865
-0.787964 -0.922119 -4.000000 -0.370726 -1.428314 -5.788492
-0.791992 -0.914917 -4.000000 -0.321359 -1.415497 -5.799172
-0.784912 -0.919189 -4.000000 -0.277213 -1.403156 -5.790391
