-0.789551 -0.918823 -4.000000 -0.292878 -1.481715 -5.729869
-0.782349 -0.914429 -4.000000 -0.317799 -1.449912 -5.768318
-0.790894 -0.919189 -4.000000 -0.331564 -1.432823 -5.766894
-0.781250 -0.917480 -4.000000 -0.351738 -1.429975 -5.775913
-0.782227 -0.914307 -4.000000 -0.374286 -1.421431 -5.781372
-0.786987 -0.920410 -4.000000 -0.386865 -1.453947 -5.793002
-0.783936 -0.915649 -4.000000 -0.407513 -1.510196 -5.790154
-0.774780 -0.918213 -4.000000 -0.414396 -1.553392 -5.787068
-0.786743 -0.918213 -4.000000 -0.422703 -1.584721 -5.802021
-0.792236 -0.920044 -4.000000 -0.416295 -1.601810 -5.790865
-0.783447 -0.917603 -4.000000 -0.417244 -1.619847 -5.794425
-0.786499 -0.915405 -4.000000 -0.407039 -1.624357 -5.777100
-0.783447 -0.916138 -4.000000 -0.371438 -1.614626 -5.773303
-0.782959 -0.914673 -4.000000 -0.316849 -1.587806 -5.771641
-0.785034 -0.921509 -4.000000 -0.282435 -1.531557 -5.784932
-0.788330 -0.921997 -4.000000 -0.241375 -1.457744 -5.782796
-0.785156 -0.921265 -4.000000 -0.201739 -1.379184 -5.790391
-0.783325 -0.919800 -4.000000 -0.142404 -1.318425 -5.813888
-0.778320 -0.913574 -4.000000 -0.119382 -1.311305 -5.853523
-0.786621 -0.915039 -4.000000 -0.122230 -1.337650 -5.890311
-0.783813 -0.919189 -4.000000 -0.146439 -1.407191 -5.938729
-0.778442 -0.914307 -4.000000 -0.189872 -1.518741 -5.990706
-0.780762 -0.917847 -4.000000 -0.226897 -1.666603 -6.031054
-0.785645 -0.921021 -4.000000 -0.223337 -1.844846 -6.060484
-0.784546 -0.921631 -4.000000 -0.195331 -2.024750 -6.079709
-0.783936 -0.923584 -4.000000 -0.139081 -2.182106 -6.082082
-0.782715 -0.922241 -4.000000 -0.067879 -2.344922 -6.078522
-0.785522 -0.915894 -4.000000 0.038449 -2.526013 -6.067130
-0.781738 -0.915161 -4.000000 0.122468 -2.693100 -6.042446
-0.780762 -0.918579 -4.000000 0.242562 -2.825299 -5.998301
-0.782959 -0.918213 -4.000000 0.393985 -2.945868 -5.947985
-0.784424 -0.916626 -4.000000 0.545408 -3.050297 -5.933744
-0.784546 -0.919067 -4.000000 0.645566 -3.157575 -5.910248
-0.782715 -0.919434 -4.000000 0.727923 -3.267701 -5.899568
-0.789185 -0.913452 -4.000000 0.809330 -3.383049 -5.918792
-0.788940 -0.924438 -4.000000 0.900232 -3.531623 -5.950596
-0.784912 -0.915771 -4.000000 0.951735 -3.677825 -5.987146
-0.782471 -0.909912 -4.000000 0.971434 -3.793172 -6.028206
-0.784424 -0.921021 -4.000000 1.004899 -3.853931 -6.071877
-0.778564 -0.918701 -4.000000 1.049519 -3.883362 -6.112936
-0.784424 -0.916016 -4.000000 1.041924 -3.868647 -6.136671
-0.788452 -0.917725 -4.000000 1.017003 -3.821179 -6.139518
-0.778320 -0.909302 -4.000000 1.032668 -3.767065 -6.136433
-0.786377 -0.918335 -4.000000 1.073490 -3.715562 -6.087066
-0.783691 -0.921265 -4.000000 1.038364 -3.629170 -6.013491
-0.786011 -0.917603 -4.000000 0.899994 -3.477984 -5.934219
-0.782593 -0.911133 -4.000000 0.759964 -3.258682 -5.897194
-0.783081 -0.913574 -4.000000 0.653160 -3.033921 -5.871799
-0.783691 -0.916992 -4.000000 0.558699 -2.862087 -5.843081
-0.783081 -0.914551 -4.000000 0.448336 -2.764777 -5.817210
-0.784058 -0.917114 -4.000000 0.310678 -2.737246 -5.802970
-0.778076 -0.912964 -4.000000 0.165901 -2.741518 -5.799647
-0.790039 -0.919067 -4.000000 0.028718 -2.659398 -5.785170
-0.785889 -0.918457 -4.000000 -0.038924 -2.511060 -5.764046
-0.785645 -0.914673 -4.000000 -0.056487 -2.362485 -5.739363
-0.781128 -0.920532 -4.000000 -0.044383 -2.238356 -5.745533
-0.784790 -0.924072 -4.000000 0.005459 -2.148404 -5.745296
-0.781494 -0.916016 -4.000000 0.039398 -2.100224 -5.755977
-0.782104 -0.915894 -4.000000 0.070965 -2.056316 -5.756689
-0.784668 -0.915161 -4.000000 0.113449 -1.992472 -5.761673
-0.783203 -0.920166 -4.000000 0.126028 -1.932187 -5.757401
-0.779297 -0.924927 -4.000000 0.119382 -1.882820 -5.772353
-0.785278 -0.919556 -4.000000 0.090664 -1.865495 -5.780185
-0.781250 -0.919434 -4.000000 0.028243 -1.856001 -5.796087
-0.780029 -0.920776 -4.000000 -0.027769 -1.833691 -5.816973
-0.775513 -0.918457 -4.000000 -0.075949 -1.797141 -5.841894
-0.785767 -0.918335 -4.000000 -0.116059 -1.750147 -5.842606
-0.786865 -0.921143 -4.000000 -0.154509 -1.703629 -5.851624
-0.786743 -0.920166 -4.000000 -0.201502 -1.662331 -5.877969
-0.784668 -0.922363 -4.000000 -0.230932 -1.661145 -5.915469
-0.785767 -0.915771 -4.000000 -0.211470 -1.661382 -5.940865
-0.778198 -0.916382 -4.000000 -0.234255 -1.666366 -5.978127
-0.783325 -0.910400 -4.000000 -0.304982 -1.695084 -6.012067
-0.779785 -0.919556 -4.000000 -0.356485 -1.666603 -6.044108
-0.784912 -0.912354 -4.000000 -0.371675 -1.563598 -6.057161
-0.780640 -0.921387 -4.000000 -0.353874 -1.417396 -6.071877
-0.786987 -0.919434 -4.000000 -0.356010 -1.264074 -6.079472
-0.782227 -0.916260 -4.000000 -0.408225 -1.100547 -6.104630
-0.782104 -0.919189 -4.000000 -0.492718 -0.944377 -6.137383
-0.785522 -0.922607 -4.000000 -0.579348 -0.811704 -6.158268
-0.781372 -0.921265 -4.000000 -0.678556 -0.730771 -6.153759
-0.787476 -0.923828 -4.000000 -0.819061 -0.724363 -6.126227
-0.785278 -0.917847 -4.000000 -0.995168 -0.765185 -6.097746
-0.783447 -0.917236 -4.000000 -1.165578 -0.839710 -6.074013
-0.784546 -0.916748 -4.000000 -1.319137 -0.904029 -6.030817
-0.782593 -0.915649 -4.000000 -1.432349 -0.950073 -5.993317
-0.788940 -0.917358 -4.000000 -1.526098 -0.985200 -5.937542
-0.787720 -0.920044 -4.000000 -1.600623 -0.975231 -5.888175
-0.779419 -0.918945 -4.000000 -1.636461 -0.903554 -5.844504
-0.784058 -0.921509 -4.000000 -1.649515 -0.779663 -5.821957
-0.785156 -0.918823 -4.000000 -1.637648 -0.621832 -5.801546
-0.789429 -0.918945 -4.000000 -1.612253 -0.438368 -5.785407
-0.785156 -0.915771 -4.000000 -1.545323 -0.281011 -5.770217
-0.784302 -0.915894 -4.000000 -1.493108 -0.190110 -5.767369
-0.781250 -0.908203 -4.000000 -1.465814 -0.119857 -5.760961
-0.780396 -0.921265 -4.000000 -1.437570 -0.083544 -5.760724
-0.783081 -0.920288 -4.000000 -1.421906 -0.076424 -5.759537
-0.786499 -0.918823 -4.000000 -1.428077 -0.076898 -5.761673
-0.788696 -0.921387 -4.000000 -1.487174 -0.082357 -5.767132
-0.776733 -0.913940 -4.000000 -1.586620 -0.093037 -5.766657
-0.788086 -0.915161 -4.000000 -1.692236 -0.119382 -5.766182
-0.779663 -0.914795 -4.000000 -1.762014 -0.171597 -5.768793
-0.780029 -0.917480 -4.000000 -1.780052 -0.266296 -5.769030
-0.784180 -0.921509 -4.000000 -1.797853 -0.397070 -5.769742
-0.785645 -0.919067 -4.000000 -1.800226 -0.519775 -5.752654
-0.787476 -0.916016 -4.000000 -1.779815 -0.600946 -5.732243
-0.779053 -0.919678 -4.000000 -1.743976 -0.648176 -5.722274
-0.776978 -0.919922 -4.000000 -1.707901 -0.654585 -5.717053
-0.783325 -0.918579 -4.000000 -1.649990 -0.644142 -5.698540
-0.787598 -0.913330 -4.000000 -1.563360 -0.649838 -5.679078
-0.784058 -0.918701 -4.000000 -1.478155 -0.675233 -5.672433
-0.784668 -0.914673 -4.000000 -1.411463 -0.737179 -5.674569
-0.785889 -0.913696 -4.000000 -1.379184 -0.818587 -5.685486
-0.781982 -0.915405 -4.000000 -1.376574 -0.901418 -5.693793
-0.780518 -0.921753 -4.000000 -1.375862 -1.002525 -5.693081
-0.784058 -0.918213 -4.000000 -1.367317 -1.119059 -5.713018
-0.782959 -0.920654 -4.000000 -1.318663 -1.229185 -5.710407
-0.788086 -0.920410 -4.000000 -1.227999 -1.307270 -5.700439
-0.783203 -0.918213 -4.000000 -1.130689 -1.340735 -5.703999
-0.787354 -0.921997 -4.000000 -1.027446 -1.331716 -5.697828
-0.783569 -0.922607 -4.000000 -0.933697 -1.310830 -5.693556
-0.783325 -0.921509 -4.000000 -0.848254 -1.296827 -5.714442
-0.786255 -0.920654 -4.000000 -0.777289 -1.286384 -5.706847
-0.787598 -0.918335 -4.000000 -0.737416 -1.278315 -5.717290
-0.784546 -0.920166 -4.000000 -0.697780 -1.264549 -5.716815
-0.781494 -0.915527 -4.000000 -0.659569 -1.248885 -5.718002
-0.787476 -0.919678 -4.000000 -0.639395 -1.240340 -5.737226
-0.792358 -0.921631 -4.000000 -0.623968 -1.249122 -5.744347
-0.786011 -0.917969 -4.000000 -0.621594 -1.286384 -5.750992
-0.779419 -0.913696 -4.000000 -0.648651 -1.345957 -5.751467
-0.781128 -0.916016 -4.000000 -0.666214 -1.409089 -5.757875
-0.783569 -0.919189 -4.000000 -0.678081 -1.419058 -5.778286
-0.781982 -0.923096 -4.000000 -0.651499 -1.418583 -5.790865
-0.792358 -0.920532 -4.000000 -0.618034 -1.418346 -5.780660
-0.784302 -0.907104 -4.000000 -0.575550 -1.414311 -5.782796
-0.789795 -0.913940 -4.000000 -0.520962 -1.388915 -5.791340
-0.786133 -0.918701 -4.000000 -0.468272 -1.361147 -5.799647
-0.782959 -0.908691 -4.000000 -0.423890 -1.341447 -5.795138
-0.791626 -0.916992 -4.000000 -0.411785 -1.329106 -5.804394
-0.786621 -0.915649 -4.000000 -0.397070 -1.323884 -5.816024
-0.784302 -0.916382 -4.000000 -0.360520 -1.325071 -5.830502
-0.787720 -0.918579 -4.000000 -0.325631 -1.322223 -5.836435
-0.780151 -0.917603 -4.000000 -0.281011 -1.325308 -5.851624
-0.785156 -0.919434 -4.000000 -0.249682 -1.314391 -5.859694
-0.783325 -0.917236 -4.000000 -0.230695 -1.287571 -5.863729
-0.786255 -0.920410 -4.000000 -0.217166 -1.263600 -5.874409
-0.782349 -0.913330 -4.000000 -0.211708 -1.240815 -5.880817
-0.782349 -0.917847 -4.000000 -0.225236 -1.257903 -5.886039
-0.784546 -0.916626 -4.000000 -0.240900 -1.306321 -5.885090
-0.787476 -0.911133 -4.000000 -0.265584 -1.347143 -5.877969
