-0.791260 -0.915649 -4.000000 -0.192958 -1.611066 -5.845929
-0.780029 -0.916382 -4.000000 -0.196755 -1.632427 -5.828603
-0.781372 -0.922974 -4.000000 -0.202689 -1.598961 -5.807479
-0.784912 -0.920288 -4.000000 -0.185363 -1.571430 -5.809141
-0.784668 -0.914795 -4.000000 -0.156170 -1.549120 -5.812701
-0.787354 -0.918823 -4.000000 -0.123180 -1.595401 -5.810565
-0.782227 -0.915161 -4.000000 -0.118195 -1.670164 -5.828128
-0.782593 -0.918945 -4.000000 -0.121281 -1.768660 -5.845691
-0.783569 -0.915039 -4.000000 -0.119145 -1.844609 -5.847827
-0.783325 -0.917603 -4.000000 -0.092800 -1.879972 -5.844030
-0.785645 -0.917969 -4.000000 -0.064319 -1.900621 -5.829552
-0.782715 -0.923706 -4.000000 -0.028718 -1.917947 -5.825280
-0.785034 -0.919678 -4.000000 0.008307 -1.940494 -5.831688
-0.789185 -0.919556 -4.000000 0.050316 -1.966364 -5.847115
-0.790405 -0.915894 -4.000000 0.106803 -2.004576 -5.858982
-0.787231 -0.921387 -4.000000 0.178717 -2.073879 -5.867764
-0.781372 -0.924805 -4.000000 0.233543 -2.164306 -5.858508
-0.781616 -0.914673 -4.000000 0.287182 -2.274907 -5.858033
-0.785400 -0.925293 -4.000000 0.340109 -2.392627 -5.872036
-0.776978 -0.911865 -4.000000 0.389238 -2.493260 -5.876071
-0.781738 -0.917969 -4.000000 0.430535 -2.579177 -5.879394
-0.787231 -0.918457 -4.000000 0.471120 -2.665094 -5.872036
-0.787354 -0.918457 -4.000000 0.505297 -2.759556 -5.875596
-0.785156 -0.921265 -4.000000 0.525234 -2.873241 -5.872273
-0.784180 -0.925781 -4.000000 0.551579 -3.004491 -5.887226
-0.786377 -0.913696 -4.000000 0.586231 -3.148082 -5.886751
-0.782104 -0.910034 -4.000000 0.653872 -3.299742 -5.891735
-0.786987 -0.915649 -4.000000 0.711784 -3.443570 -5.920928
-0.780884 -0.920044 -4.000000 0.726024 -3.577905 -5.955342
-0.783691 -0.918213 -4.000000 0.714632 -3.674028 -5.973855
-0.786865 -0.918091 -4.000000 0.708698 -3.701322 -5.994503
-0.785156 -0.919434 -4.000000 0.674758 -3.656227 -5.996402
-0.781982 -0.918579 -4.000000 0.670724 -3.526639 -5.979314
-0.789551 -0.915527 -4.000000 0.681404 -3.374979 -5.994029
-0.795654 -0.913818 -4.000000 0.664078 -3.272448 -6.002099
-0.786255 -0.917480 -4.000000 0.618271 -3.226641 -6.036987
-0.785767 -0.916260 -4.000000 0.544459 -3.224030 -6.078047
-0.783569 -0.917969 -4.000000 0.467560 -3.280517 -6.106766
-0.779785 -0.923340 -4.000000 0.384729 -3.378539 -6.122430
-0.785645 -0.910522 -4.000000 0.329191 -3.478459 -6.110800
-0.784180 -0.920898 -4.000000 0.286470 -3.555832 -6.087304
-0.782715 -0.923950 -4.000000 0.288843 -3.548475 -6.067130
-0.783081 -0.918579 -4.000000 0.321121 -3.424108 -6.062383
-0.792114 -0.919434 -4.000000 0.340346 -3.173714 -6.051228
-0.790649 -0.923706 -4.000000 0.380219 -2.844049 -6.019424
-0.792603 -0.916260 -4.000000 0.413447 -2.541440 -6.002810
-0.778931 -0.911987 -4.000000 0.430298 -2.321900 -5.978839
-0.779419 -0.917847 -4.000000 0.405615 -2.214622 -5.946323
-0.781982 -0.920898 -4.000000 0.312577 -2.186616 -5.945137
-0.781494 -0.918945 -4.000000 0.179667 -2.206553 -5.947510
-0.783813 -0.913452 -4.000000 0.048892 -2.207265 -5.951070
-0.787842 -0.922241 -4.000000 -0.021598 -2.144369 -5.946561
-0.786255 -0.919922 -4.000000 -0.060759 -2.049196 -5.934694
-0.786743 -0.920166 -4.000000 -0.089003 -1.956396 -5.937542
-0.788208 -0.918701 -4.000000 -0.134572 -1.858374 -5.945374
-0.787842 -0.915771 -4.000000 -0.166138 -1.766998 -5.940390
-0.781738 -0.912476 -4.000000 -0.155695 -1.688439 -5.923539
-0.784790 -0.917603 -4.000000 -0.154271 -1.624120 -5.902178
-0.781860 -0.919189 -4.000000 -0.156645 -1.594215 -5.881530
-0.781494 -0.914429 -4.000000 -0.165664 -1.606082 -5.875359
-0.786499 -0.918579 -4.000000 -0.238290 -1.625544 -5.875122
-0.783447 -0.918945 -4.000000 -0.317324 -1.597063 -5.876783
-0.785156 -0.918213 -4.000000 -0.371438 -1.547221 -5.883191
-0.784058 -0.915039 -4.000000 -0.417719 -1.491921 -5.889599
-0.786377 -0.920654 -4.000000 -0.459253 -1.442317 -5.888175
-0.782349 -0.920166 -4.000000 -0.486785 -1.422618 -5.883191
-0.784302 -0.916870 -4.000000 -0.511231 -1.433535 -5.886751
-0.785767 -0.919556 -4.000000 -0.525709 -1.407665 -5.869188
-0.783325 -0.921509 -4.000000 -0.535914 -1.342397 -5.866340
-0.785278 -0.917114 -4.000000 -0.543035 -1.245562 -5.856609
-0.784302 -0.915894 -4.000000 -0.537101 -1.141132 -5.848539
-0.778198 -0.913696 -4.000000 -0.542323 -1.059250 -5.838096
-0.779907 -0.919678 -4.000000 -0.573414 -1.009171 -5.844030
-0.782715 -0.919067 -4.000000 -0.669062 -1.005848 -5.844742
-0.781616 -0.921509 -4.000000 -0.814315 -1.029345 -5.853523
-0.784546 -0.913208 -4.000000 -0.974045 -1.069693 -5.862068
-0.788574 -0.916870 -4.000000 -1.096037 -1.097224 -5.855659
-0.784546 -0.921021 -4.000000 -1.172461 -1.111227 -5.857083
-0.780273 -0.919434 -4.000000 -1.212809 -1.121907 -5.854473
-0.784790 -0.913818 -4.000000 -1.218505 -1.123094 -5.844267
-0.789307 -0.918457 -4.000000 -1.197382 -1.099360 -5.837147
-0.784180 -0.909546 -4.000000 -1.161543 -1.045484 -5.812226
-0.784912 -0.921997 -4.000000 -1.123094 -0.942241 -5.804157
-0.790527 -0.921265 -4.000000 -1.065895 -0.793903 -5.806293
-0.782715 -0.920654 -4.000000 -1.017003 -0.644616 -5.797274
-0.778931 -0.920166 -4.000000 -0.994930 -0.551341 -5.800834
-0.780762 -0.915649 -4.000000 -1.024835 -0.532354 -5.811277
-0.784546 -0.927856 -4.000000 -1.081322 -0.569854 -5.810802
-0.779419 -0.923706 -4.000000 -1.157983 -0.618034 -5.810802
-0.788452 -0.917480 -4.000000 -1.227999 -0.647464 -5.810090
-0.778564 -0.916504 -4.000000 -1.282350 -0.642717 -5.802258
-0.779663 -0.908813 -4.000000 -1.320561 -0.603556 -5.803207
-0.793335 -0.921753 -4.000000 -1.345482 -0.547544 -5.809853
-0.785034 -0.916992 -4.000000 -1.361384 -0.478478 -5.815549
-0.782227 -0.915039 -4.000000 -1.380846 -0.419855 -5.827891
-0.777710 -0.921509 -4.000000 -1.382507 -0.382118 -5.831451
-0.782715 -0.921387 -4.000000 -1.380846 -0.393273 -5.844504
-0.782959 -0.914307 -4.000000 -1.373251 -0.450947 -5.843081
-0.789429 -0.911133 -4.000000 -1.365656 -0.516927 -5.853049
-0.787598 -0.919067 -4.000000 -1.336700 -0.597623 -5.845454
-0.777710 -0.915527 -4.000000 -1.299201 -0.666926 -5.838096
-0.782715 -0.920410 -4.000000 -1.249122 -0.694220 -5.838096
-0.784546 -0.917358 -4.000000 -1.170088 -0.691847 -5.835248
-0.784912 -0.916870 -4.000000 -1.099598 -0.672148 -5.841419
-0.784180 -0.923096 -4.000000 -1.031956 -0.629664 -5.825517
-0.786133 -0.915039 -4.000000 -0.952921 -0.578161 -5.808666
-0.779175 -0.916870 -4.000000 -0.880532 -0.565107 -5.810565
-0.782104 -0.909302 -4.000000 -0.847542 -0.614711 -5.811039
-0.789063 -0.917358 -4.000000 -0.849204 -0.717717 -5.824568
-0.790894 -0.914185 -4.000000 -0.881719 -0.852526 -5.830739
-0.789551 -0.916016 -4.000000 -0.936307 -0.963127 -5.833112
-0.788940 -0.918945 -4.000000 -0.996829 -1.013206 -5.825755
-0.786743 -0.923462 -4.000000 -1.048569 -1.029107 -5.815311
-0.786621 -0.916870 -4.000000 -1.095088 -1.043823 -5.828840
-0.784058 -0.918091 -4.000000 -1.129740 -1.085832 -5.826941
-0.779785 -0.922607 -4.000000 -1.121670 -1.151338 -5.834062
-0.776001 -0.921875 -4.000000 -1.082509 -1.203790 -5.829315
-0.790771 -0.918457 -4.000000 -1.009171 -1.224201 -5.845691
-0.782104 -0.917480 -4.000000 -0.888127 -1.237018 -5.835960
-0.784790 -0.920654 -4.000000 -0.808618 -1.271907 -5.817448
-0.787231 -0.915405 -4.000000 -0.791292 -1.356400 -5.800597
-0.789429 -0.914795 -4.000000 -0.811941 -1.468424 -5.769268
-0.785767 -0.916382 -4.000000 -0.852289 -1.542712 -5.774964
-0.785400 -0.917847 -4.000000 -0.818824 -1.594927 -5.771878
-0.785278 -0.917480 -4.000000 -0.754505 -1.593503 -5.760724
-0.792358 -0.921875 -4.000000 -0.674284 -1.551968 -5.774489
-0.781006 -0.919556 -4.000000 -0.587417 -1.484089 -5.778286
-0.784790 -0.921387 -4.000000 -0.526421 -1.405766 -5.794663
-0.786621 -0.918335 -4.000000 -0.487972 -1.342871 -5.805818
-0.784180 -0.919556 -4.000000 -0.459491 -1.328394 -5.802970
-0.785767 -0.925415 -4.000000 -0.454981 -1.361147 -5.810802
-0.781372 -0.915039 -4.000000 -0.464475 -1.412887 -5.814600
-0.790771 -0.921631 -4.000000 -0.474206 -1.415260 -5.816261
-0.784546 -0.921875 -4.000000 -0.463051 -1.401257 -5.810328
-0.787964 -0.913208 -4.000000 -0.438842 -1.384643 -5.807242
-0.788940 -0.911133 -4.000000 -0.432197 -1.382507 -5.822669
-0.778442 -0.915161 -4.000000 -0.422228 -1.388203 -5.829552
-0.790283 -0.915283 -4.000000 -0.394222 -1.409564 -5.821483
-0.789063 -0.918945 -4.000000 -0.370963 -1.416447 -5.821245
-0.776001 -0.917114 -4.000000 -0.342482 -1.389390 -5.814600
-0.786133 -0.921753 -4.000000 -0.309966 -1.331716 -5.813650
-0.785156 -0.918945 -4.000000 -0.283384 -1.285435 -5.819584
-0.787109 -0.922974 -4.000000 -0.275789 -1.284486 -5.822906
-0.785767 -0.918091 -4.000000 -0.299286 -1.319849 -5.826941
-0.787476 -0.916138 -4.000000 -0.319223 -1.358536 -5.832637
-0.780884 -0.922729 -4.000000 -0.318036 -1.395561 -5.834774
-0.779785 -0.915405 -4.000000 -0.317324 -1.415260 -5.840707
-0.780884 -0.918457 -4.000000 -0.294539 -1.409564 -5.835723
-0.784912 -0.912598 -4.000000 -0.262261 -1.377998 -5.837622
-0.785889 -0.919067 -4.000000 -0.232593 -1.349754 -5.846166
