-0.782227 -0.916138 -4.000000 -0.302134 -1.361859 -5.830739
-0.783447 -0.919678 -4.000000 -0.320647 -1.373963 -5.837147
-0.789795 -0.914917 -4.000000 -0.325394 -1.385118 -5.866815
-0.782227 -0.921631 -4.000000 -0.325156 -1.417396 -5.865390
-0.772827 -0.923706 -4.000000 -0.327767 -1.450387 -5.842843
-0.778076 -0.916748 -4.000000 -0.332276 -1.485988 -5.822669
-0.783813 -0.917114 -4.000000 -0.338210 -1.503551 -5.819346
-0.782471 -0.924072 -4.000000 -0.352213 -1.500703 -5.819584
-0.786011 -0.914795 -4.000000 -0.371675 -1.492158 -5.806530
-0.786133 -0.919678 -4.000000 -0.389475 -1.476969 -5.826941
-0.780640 -0.922485 -4.000000 -0.415108 -1.485750 -5.832400
-0.772095 -0.911255 -4.000000 -0.446674 -1.517316 -5.839520
-0.789917 -0.920532 -4.000000 -0.467560 -1.535829 -5.863729
-0.780640 -0.921265 -4.000000 -0.480377 -1.555054 -5.889362
-0.774292 -0.923706 -4.000000 -0.497465 -1.578076 -5.905501
-0.780518 -0.917114 -4.000000 -0.497703 -1.579737 -5.926862
-0.784302 -0.912354 -4.000000 -0.474206 -1.549832 -5.925437
-0.783325 -0.918823 -4.000000 -0.438130 -1.495956 -5.919029
-0.780029 -0.917847 -4.000000 -0.392798 -1.456557 -5.919979
-0.778931 -0.917114 -4.000000 -0.336786 -1.450149 -5.921165
-0.779053 -0.922485 -4.000000 -0.297625 -1.479579 -5.940153
-0.786133 -0.916260 -4.000000 -0.275077 -1.538914 -5.973618
-0.784180 -0.919067 -4.000000 -0.264397 -1.594452 -6.007795
-0.784668 -0.918945 -4.000000 -0.265109 -1.639309 -6.056924
-0.789185 -0.911377 -4.000000 -0.275077 -1.694372 -6.105816
-0.779663 -0.913574 -4.000000 -0.293353 -1.817077 -6.171085
-0.781494 -0.924194 -4.000000 -0.307593 -2.015019 -6.263648
-0.780762 -0.921265 -4.000000 -0.321833 -2.259242 -6.348853
-0.779785 -0.909424 -4.000000 -0.307356 -2.495396 -6.422666
-0.786133 -0.916748 -4.000000 -0.266296 -2.699983 -6.477016
-0.785767 -0.916260 -4.000000 -0.185363 -2.852118 -6.513092
-0.783447 -0.915527 -4.000000 -0.081882 -2.952039 -6.514041
-0.781738 -0.920776 -4.000000 0.037025 -3.019443 -6.520450
-0.775269 -0.915161 -4.000000 0.159730 -3.071183 -6.528282
-0.775269 -0.921875 -4.000000 0.297625 -3.107734 -6.537538
-0.784546 -0.917725 -4.000000 0.446200 -3.143809 -6.551304
-0.779297 -0.918335 -4.000000 0.567243 -3.211214 -6.581921
-0.782471 -0.916016 -4.000000 0.651499 -3.321815 -6.591889
-0.784912 -0.917480 -4.000000 0.688287 -3.425295 -6.594025
-0.783813 -0.919922 -4.000000 0.667401 -3.512399 -6.594025
-0.778564 -0.914551 -4.000000 0.622544 -3.585737 -6.606367
-0.782593 -0.923828 -4.000000 0.582908 -3.661686 -6.624879
-0.780762 -0.921143 -4.000000 0.525234 -3.768252 -6.636984
-0.786011 -0.921265 -4.000000 0.496041 -3.896415 -6.652885
-0.777100 -0.920166 -4.000000 0.516927 -3.987792 -6.666651
-0.783813 -0.915527 -4.000000 0.612813 -4.010813 -6.643155
-0.783691 -0.918213 -4.000000 0.728160 -3.967380 -6.611114
-0.780273 -0.920654 -4.000000 0.844457 -3.869596 -6.559611
-0.782227 -0.918335 -4.000000 0.969535 -3.769913 -6.520212
-0.777832 -0.914551 -4.000000 1.100072 -3.665958 -6.496953
-0.789307 -0.916016 -4.000000 1.243663 -3.540405 -6.454469
-0.784058 -0.910889 -4.000000 1.348093 -3.413665 -6.417207
-0.788818 -0.916504 -4.000000 1.384169 -3.280043 -6.354074
-0.786987 -0.917603 -4.000000 1.347618 -3.183208 -6.307793
-0.786255 -0.916504 -4.000000 1.226100 -3.149031 -6.280499
-0.783081 -0.919312 -4.000000 1.030769 -3.130281 -6.220214
-0.791138 -0.922241 -4.000000 0.826419 -3.027275 -6.156844
-0.786987 -0.921997 -4.000000 0.663366 -2.832182 -6.140705
-0.785522 -0.925049 -4.000000 0.506247 -2.628069 -6.127177
-0.782959 -0.916382 -4.000000 0.393748 -2.430839 -6.102256
-0.782349 -0.913940 -4.000000 0.308542 -2.240967 -6.088253
-0.787720 -0.919434 -4.000000 0.253954 -2.058927 -6.077573
-0.786011 -0.920288 -4.000000 0.237578 -1.876175 -6.053127
-0.783325 -0.913818 -4.000000 0.203875 -1.734008 -6.025120
-0.786377 -0.917603 -4.000000 0.137895 -1.653075 -5.993317
-0.784546 -0.918701 -4.000000 0.024921 -1.625069 -5.989994
-0.781738 -0.919189 -4.000000 -0.088053 -1.621746 -5.972906
-0.789551 -0.918945 -4.000000 -0.182040 -1.620559 -5.950121
-0.781738 -0.924438 -4.000000 -0.229271 -1.605370 -5.930659
-0.785156 -0.918823 -4.000000 -0.267008 -1.570006 -5.929472
-0.784668 -0.922363 -4.000000 -0.268669 -1.500465 -5.906688
-0.783569 -0.912964 -4.000000 -0.245885 -1.424991 -5.890549
-0.784302 -0.921143 -4.000000 -0.200790 -1.358298 -5.881292
-0.786133 -0.923218 -4.000000 -0.140031 -1.328631 -5.874884
-0.784180 -0.916992 -4.000000 -0.094699 -1.330055 -5.872748
-0.783569 -0.911865 -4.000000 -0.094699 -1.341685 -5.863729
-0.784180 -0.914185 -4.000000 -0.127214 -1.355925 -5.858033
-0.786743 -0.912354 -4.000000 -0.162815 -1.359485 -5.849726
-0.786011 -0.919678 -4.000000 -0.228084 -1.346194 -5.832400
-0.779175 -0.914551 -4.000000 -0.284571 -1.335514 -5.834062
-0.779297 -0.918579 -4.000000 -0.314713 -1.331479 -5.845691
-0.776611 -0.919678 -4.000000 -0.346279 -1.321511 -5.862305
-0.784424 -0.911011 -4.000000 -0.344855 -1.295166 -5.878444
-0.784058 -0.925293 -4.000000 -0.318748 -1.276179 -5.884852
-0.784302 -0.917358 -4.000000 -0.298811 -1.248647 -5.898381
-0.782471 -0.920898 -4.000000 -0.293590 -1.155847 -5.915707
-0.787720 -0.913086 -4.000000 -0.301422 -0.951497 -5.933744
-0.775269 -0.914185 -4.000000 -0.317087 -0.680692 -5.941576
-0.787720 -0.919556 -4.000000 -0.327530 -0.366216 -5.952494
-0.793091 -0.922241 -4.000000 -0.393748 -0.073575 -5.963887
-0.789551 -0.921509 -4.000000 -0.478953 0.171597 -5.958902
-0.783081 -0.920776 -4.000000 -0.569142 0.368352 -5.960564
-0.788452 -0.919556 -4.000000 -0.686151 0.501500 -5.954630
-0.789307 -0.916748 -4.000000 -0.855612 0.582670 -5.955580
-0.785645 -0.916870 -4.000000 -1.032905 0.656009 -5.944662
-0.790283 -0.913696 -4.000000 -1.192635 0.722938 -5.903840
-0.782593 -0.920044 -4.000000 -1.311780 0.754742 -5.876308
-0.785034 -0.917114 -4.000000 -1.468424 0.706087 -5.890311
-0.780273 -0.920532 -4.000000 -1.602284 0.619221 -5.903365
-0.785889 -0.920776 -4.000000 -1.700543 0.535914 -5.904789
-0.787964 -0.920654 -4.000000 -1.808058 0.452845 -5.892922
-0.778442 -0.913330 -4.000000 -1.903469 0.389238 -5.887226
-0.787109 -0.914185 -4.000000 -1.954972 0.367403 -5.877732
-0.782593 -0.921753 -4.000000 -1.971111 0.356010 -5.874409
-0.789063 -0.915405 -4.000000 -1.963991 0.323732 -5.874172
-0.787598 -0.921997 -4.000000 -1.951649 0.294777 -5.864441
-0.783203 -0.917969 -4.000000 -1.923880 0.251818 -5.859220
-0.783325 -0.916260 -4.000000 -1.921982 0.181803 -5.850438
-0.785645 -0.925415 -4.000000 -1.947614 0.106091 -5.843792
-0.781494 -0.920044 -4.000000 -1.968263 0.061471 -5.839520
-0.784058 -0.916748 -4.000000 -1.953073 0.062183 -5.830264
-0.780151 -0.915771 -4.000000 -1.920320 0.081408 -5.812226
-0.783447 -0.918457 -4.000000 -1.880922 0.060047 -5.807479
-0.785278 -0.913452 -4.000000 -1.861460 -0.029668 -5.792527
-0.783691 -0.912964 -4.000000 -1.921744 -0.205062 -5.792764
-0.781250 -0.925171 -4.000000 -2.002677 -0.463051 -5.802732
-0.789185 -0.911621 -4.000000 -2.049671 -0.694932 -5.826704
-0.785767 -0.916138 -4.000000 -2.081000 -0.833064 -5.819109
-0.777954 -0.913208 -4.000000 -2.069133 -0.893824 -5.788255
-0.784058 -0.918823 -4.000000 -2.010272 -0.906640 -5.752417
-0.779419 -0.918457 -4.000000 -1.926491 -0.918982 -5.713967
-0.786255 -0.922241 -4.000000 -1.819451 -0.918982 -5.686673
-0.778687 -0.924194 -4.000000 -1.701493 -0.907352 -5.659616
-0.785278 -0.917236 -4.000000 -1.616525 -0.915184 -5.646563
-0.780640 -0.917969 -4.000000 -1.581873 -0.979503 -5.643714
-0.777222 -0.919067 -4.000000 -1.560987 -1.088917 -5.647987
-0.786377 -0.916748 -4.000000 -1.540576 -1.212097 -5.647749
-0.785400 -0.916016 -4.000000 -1.525861 -1.323172 -5.670059
-0.786255 -0.919434 -4.000000 -1.504263 -1.388203 -5.675044
-0.780396 -0.918823 -4.000000 -1.462965 -1.419295 -5.676942
-0.777344 -0.921021 -4.000000 -1.402444 -1.423092 -5.678604
-0.783325 -0.918823 -4.000000 -1.298726 -1.413361 -5.664363
-0.781128 -0.914429 -4.000000 -1.197619 -1.415735 -5.675044
-0.780396 -0.920166 -4.000000 -1.088680 -1.386779 -5.674569
-0.784058 -0.910034 -4.000000 -0.988997 -1.339074 -5.671246
-0.777710 -0.915894 -4.000000 -0.906165 -1.278789 -5.657718
-0.783813 -0.914307 -4.000000 -0.861071 -1.259090 -5.657243
-0.781860 -0.917847 -4.000000 -0.843507 -1.303710 -5.666499
-0.783691 -0.919312 -4.000000 -0.837811 -1.383931 -5.683113
-0.781128 -0.914063 -4.000000 -0.810042 -1.479579 -5.694505
-0.785278 -0.917114 -4.000000 -0.761625 -1.555766 -5.714679
-0.779053 -0.920288 -4.000000 -0.682353 -1.548883 -5.725122
-0.783691 -0.911987 -4.000000 -0.591927 -1.485513 -5.716578
-0.786499 -0.912598 -4.000000 -0.501025 -1.411700 -5.717290
-0.791504 -0.920044 -4.000000 -0.440029 -1.353552 -5.719664
-0.785278 -0.925293 -4.000000 -0.431485 -1.322223 -5.723698
-0.785645 -0.912598 -4.000000 -0.458304 -1.310830 -5.729869
-0.786255 -0.919922 -4.000000 -0.493905 -1.334802 -5.736040
-0.778198 -0.919434 -4.000000 -0.528557 -1.414548 -5.753603
-0.778809 -0.916992 -4.000000 -0.552291 -1.471035 -5.770217
