-0.781860 -0.919067 -4.000000 -0.224999 -1.276416 -5.747907
-0.786011 -0.916748 -4.000000 -0.248258 -1.297539 -5.780185
-0.789429 -0.914673 -4.000000 -0.302372 -1.304659 -5.803682
-0.780884 -0.914795 -4.000000 -0.336549 -1.276179 -5.795850
-0.787598 -0.915039 -4.000000 -0.365504 -1.262650 -5.788730
-0.783936 -0.920410 -4.000000 -0.388526 -1.278077 -5.792527
-0.776367 -0.920044 -4.000000 -0.351738 -1.268821 -5.794663
-0.787964 -0.922729 -4.000000 -0.310916 -1.270008 -5.807717
-0.790039 -0.917480 -4.000000 -0.323257 -1.311542 -5.816736
-0.779541 -0.920654 -4.000000 -0.323969 -1.354026 -5.832637
-0.784546 -0.916992 -4.000000 -0.317561 -1.383456 -5.846403
-0.782471 -0.918701 -4.000000 -0.305220 -1.395324 -5.837147
-0.781372 -0.919312 -4.000000 -0.289318 -1.391051 -5.824568
-0.789307 -0.917480 -4.000000 -0.283384 -1.367555 -5.810565
-0.782959 -0.913818 -4.000000 -0.284334 -1.348805 -5.794188
-0.786255 -0.921265 -4.000000 -0.299049 -1.339549 -5.801783
-0.785400 -0.915894 -4.000000 -0.310441 -1.344533 -5.809378
-0.786011 -0.921631 -4.000000 -0.319697 -1.361621 -5.809141
-0.785278 -0.917236 -4.000000 -0.324444 -1.376099 -5.813650
-0.780518 -0.916870 -4.000000 -0.329191 -1.388678 -5.813888
-0.787231 -0.912598 -4.000000 -0.329191 -1.398409 -5.815074
-0.781616 -0.916870 -4.000000 -0.335124 -1.414785 -5.824568
-0.786255 -0.919922 -4.000000 -0.326818 -1.436621 -5.832400
-0.773315 -0.912476 -4.000000 -0.293827 -1.465102 -5.841419
-0.778076 -0.917114 -4.000000 -0.257277 -1.463678 -5.848539
-0.783447 -0.913208 -4.000000 -0.213844 -1.439944 -5.854948
-0.784790 -0.916870 -4.000000 -0.201502 -1.444928 -5.881767
-0.777466 -0.920532 -4.000000 -0.217641 -1.481715 -5.932321
-0.777344 -0.919067 -4.000000 -0.257040 -1.554342 -5.977178
-0.781128 -0.919434 -4.000000 -0.313527 -1.676334 -6.055026
-0.784180 -0.918701 -4.000000 -0.360995 -1.856238 -6.158743
-0.783569 -0.915527 -4.000000 -0.417956 -2.094291 -6.285957
-0.778931 -0.916138 -4.000000 -0.458541 -2.342786 -6.389438
-0.777222 -0.917969 -4.000000 -0.453795 -2.551646 -6.479627
-0.784058 -0.914673 -4.000000 -0.419143 -2.719682 -6.568155
-0.784790 -0.917236 -4.000000 -0.322783 -2.837166 -6.610164
-0.786255 -0.917603 -4.000000 -0.213369 -2.919760 -6.655022
-0.786133 -0.916748 -4.000000 -0.078322 -2.977434 -6.674246
-0.786255 -0.916870 -4.000000 0.064082 -3.026801 -6.686825
-0.782837 -0.912598 -4.000000 0.193432 -3.071421 -6.684452
-0.775513 -0.922241 -4.000000 0.304508 -3.116990 -6.687537
-0.789795 -0.918701 -4.000000 0.409412 -3.182021 -6.678043
-0.786133 -0.921265 -4.000000 0.516927 -3.298081 -6.661192
-0.788208 -0.921509 -4.000000 0.602370 -3.471102 -6.671398
-0.786865 -0.915527 -4.000000 0.663129 -3.642461 -6.669974
-0.772705 -0.913940 -4.000000 0.699916 -3.762081 -6.658582
-0.776367 -0.915405 -4.000000 0.785359 -3.864612 -6.634610
-0.780396 -0.918335 -4.000000 0.938681 -4.013424 -6.607316
-0.782959 -0.918579 -4.000000 1.134724 -4.199262 -6.580259
-0.785522 -0.918823 -4.000000 1.289707 -4.349973 -6.563171
-0.783691 -0.912964 -4.000000 1.443741 -4.336919 -6.569342
-0.782104 -0.916992 -4.000000 1.550307 -4.136129 -6.571478
-0.785522 -0.913330 -4.000000 1.560275 -3.818331 -6.542285
-0.779541 -0.919312 -4.000000 1.458219 -3.393729 -6.534453
-0.791870 -0.917480 -4.000000 1.380846 -2.929729 -6.499564
-0.778809 -0.917847 -4.000000 1.330767 -2.598402 -6.445213
-0.786255 -0.917358 -4.000000 1.214470 -2.467864 -6.393473
-0.780151 -0.917847 -4.000000 1.019139 -2.483054 -6.332476
-0.791260 -0.916504 -4.000000 0.806482 -2.546899 -6.265071
-0.777222 -0.915039 -4.000000 0.633936 -2.580601 -6.229233
-0.785522 -0.913696 -4.000000 0.506009 -2.574667 -6.184851
-0.788086 -0.920654 -4.000000 0.415583 -2.490886 -6.153047
-0.788330 -0.927246 -4.000000 0.358621 -2.310982 -6.139044
-0.782837 -0.913208 -4.000000 0.326580 -2.014782 -6.135009
-0.776733 -0.914185 -4.000000 0.339871 -1.644294 -6.107003
-0.785522 -0.921875 -4.000000 0.354112 -1.348093 -6.084455
-0.784546 -0.915771 -4.000000 0.296201 -1.189550 -6.059535
-0.783447 -0.920288 -4.000000 0.219777 -1.126892 -6.035563
-0.793457 -0.916870 -4.000000 0.107752 -1.139708 -6.000437
-0.786987 -0.916382 -4.000000 -0.006883 -1.200942 -5.993554
-0.780640 -0.914795 -4.000000 -0.120332 -1.293979 -6.000437
-0.777832 -0.921753 -4.000000 -0.191296 -1.372302 -5.992842
-0.780151 -0.921387 -4.000000 -0.223575 -1.387491 -5.995453
-0.791016 -0.914185 -4.000000 -0.207198 -1.341685 -5.990232
-0.787842 -0.911621 -4.000000 -0.162815 -1.272144 -5.977415
-0.788940 -0.921021 -4.000000 -0.099446 -1.207350 -5.968159
-0.786621 -0.921875 -4.000000 -0.031329 -1.140895 -5.972194
-0.784790 -0.918823 -4.000000 0.009731 -1.044535 -5.972668
-0.784302 -0.913696 -4.000000 0.012816 -0.893349 -5.971956
-0.784424 -0.919434 -4.000000 -0.042009 -0.690660 -5.982874
-0.780762 -0.919067 -4.000000 -0.142167 -0.429586 -5.960327
-0.783203 -0.916626 -4.000000 -0.259413 -0.152135 -5.939203
-0.785645 -0.919556 -4.000000 -0.393273 0.091613 -5.900042
-0.783813 -0.918213 -4.000000 -0.560360 0.229745 -5.876783
-0.786133 -0.917358 -4.000000 -0.754742 0.262261 -5.864678
-0.787109 -0.912598 -4.000000 -0.978079 0.260125 -5.857796
-0.786743 -0.923584 -4.000000 -1.198568 0.279587 -5.838571
-0.779419 -0.920776 -4.000000 -1.418583 0.309966 -5.819346
-0.779297 -0.921753 -4.000000 -1.632189 0.322545 -5.801783
-0.792358 -0.918701 -4.000000 -1.809008 0.295014 -5.807954
-0.785400 -0.919067 -4.000000 -1.932662 0.241850 -5.796324
-0.786255 -0.920288 -4.000000 -2.042313 0.166850 -5.814837
-0.779663 -0.915405 -4.000000 -2.113040 0.110363 -5.816973
-0.785156 -0.918457 -4.000000 -2.151490 0.086629 -5.815311
-0.778198 -0.914429 -4.000000 -2.218420 0.095648 -5.801309
-0.790283 -0.915894 -4.000000 -2.214385 0.174445 -5.780185
-0.786011 -0.914673 -4.000000 -2.193024 0.253242 -5.774014
-0.783203 -0.911987 -4.000000 -2.169053 0.283622 -5.770217
-0.781738 -0.915283 -4.000000 -2.167392 0.267957 -5.755027
-0.786743 -0.914307 -4.000000 -2.168578 0.245885 -5.760724
-0.783203 -0.920166 -4.000000 -2.181157 0.223575 -5.767844
-0.783081 -0.914307 -4.000000 -2.233135 0.173970 -5.781610
-0.779419 -0.914673 -4.000000 -2.279416 0.102294 -5.758350
-0.783691 -0.917847 -4.000000 -2.322849 0.006408 -5.775201
-0.781494 -0.922485 -4.000000 -2.380523 -0.131012 -5.813650
-0.788818 -0.915039 -4.000000 -2.466440 -0.295963 -5.847827
-0.785034 -0.918579 -4.000000 -2.537880 -0.479902 -5.872036
-0.786011 -0.915161 -4.000000 -2.550933 -0.645091 -5.863729
-0.789185 -0.918701 -4.000000 -2.471899 -0.738603 -5.834062
-0.779907 -0.914551 -4.000000 -2.286536 -0.774916 -5.774252
-0.784790 -0.913818 -4.000000 -2.040177 -0.801261 -5.703762
-0.780762 -0.920410 -4.000000 -1.781713 -0.821435 -5.637544
-0.782471 -0.917603 -4.000000 -1.573329 -0.836862 -5.603367
-0.788452 -0.915771 -4.000000 -1.476494 -0.895485 -5.568003
-0.786987 -0.913574 -4.000000 -1.498329 -1.022699 -5.560883
-0.775024 -0.921753 -4.000000 -1.537965 -1.151812 -5.564680
-0.787964 -0.919800 -4.000000 -1.560987 -1.265261 -5.568953
-0.782104 -0.922119 -4.000000 -1.520877 -1.333852 -5.575835
-0.789673 -0.916260 -4.000000 -1.411463 -1.368504 -5.578921
-0.785645 -0.919189 -4.000000 -1.268346 -1.398409 -5.576073
-0.783325 -0.919678 -4.000000 -1.122145 -1.415497 -5.583905
-0.791016 -0.916748 -4.000000 -0.991133 -1.419058 -5.586990
-0.787109 -0.918091 -4.000000 -0.903317 -1.440418 -5.601706
-0.782104 -0.916382 -4.000000 -0.862732 -1.493108 -5.637069
-0.786011 -0.924194 -4.000000 -0.845406 -1.549120 -5.675993
-0.779297 -0.913330 -4.000000 -0.834014 -1.594927 -5.718952
-0.786499 -0.913208 -4.000000 -0.812416 -1.615338 -5.741973
-0.783691 -0.919312 -4.000000 -0.763049 -1.601335 -5.753129
-0.788452 -0.914063 -4.000000 -0.696356 -1.546035 -5.740550
-0.787476 -0.914185 -4.000000 -0.634411 -1.491209 -5.730344
-0.789185 -0.921387 -4.000000 -0.597386 -1.455133 -5.731056
-0.787476 -0.917236 -4.000000 -0.576974 -1.455608 -5.735803
-0.781372 -0.916016 -4.000000 -0.569854 -1.491446 -5.753603
-0.780396 -0.919922 -4.000000 -0.556326 -1.528709 -5.774964
-0.789917 -0.919312 -4.000000 -0.508146 -1.527522 -5.765233
-0.782349 -0.921997 -4.000000 -0.472307 -1.490972 -5.771166
-0.784424 -0.916504 -4.000000 -0.460440 -1.439706 -5.768556
-0.785034 -0.915283 -4.000000 -0.480377 -1.395561 -5.774964
-0.782227 -0.918701 -4.000000 -0.503399 -1.367080 -5.793714
-0.784546 -0.921509 -4.000000 -0.526895 -1.388678 -5.824568
-0.793701 -0.919922 -4.000000 -0.518826 -1.424991 -5.846641
-0.782227 -0.911743 -4.000000 -0.472070 -1.431874 -5.855422
-0.787354 -0.919922 -4.000000 -0.406089 -1.416684 -5.858982
-0.780396 -0.916138 -4.000000 -0.361469 -1.383694 -5.853761
-0.782593 -0.906616 -4.000000 -0.351264 -1.357112 -5.847353
-0.780518 -0.917725 -4.000000 -0.355536 -1.340023 -5.842606
-0.785889 -0.920898 -4.000000 -0.377134 -1.340973 -5.842606
-0.775879 -0.913940 -4.000000 -0.406327 -1.349754 -5.854948
-0.784180 -0.914307 -4.000000 -0.432909 -1.368267 -5.864678
-0.784058 -0.918823 -4.000000 -0.444064 -1.394374 -5.871562
