-0.781006 -0.918579 -4.000000 -0.201502 -1.473171 -5.924963
-0.792358 -0.917236 -4.000000 -0.231881 -1.455608 -5.964361
-0.782959 -0.917358 -4.000000 -0.273653 -1.514468 -6.039598
-0.778076 -0.913940 -4.000000 -0.328479 -1.627680 -6.102019
-0.785889 -0.912842 -4.000000 -0.353400 -1.740891 -6.166575
-0.782227 -0.910522 -4.000000 -0.403478 -1.868343 -6.213331
-0.778687 -0.917236 -4.000000 -0.455219 -2.017630 -6.249407
-0.788574 -0.926270 -4.000000 -0.455693 -2.134639 -6.280736
-0.778198 -0.912476 -4.000000 -0.410124 -2.231473 -6.323695
-0.787109 -0.915894 -4.000000 -0.334887 -2.328308 -6.353837
-0.786621 -0.917114 -4.000000 -0.223100 -2.398324 -6.360720
-0.786621 -0.916382 -4.000000 -0.081170 -2.440808 -6.360008
-0.785645 -0.920776 -4.000000 0.045569 -2.480206 -6.360720
-0.782471 -0.920776 -4.000000 0.171597 -2.533607 -6.371162
-0.782227 -0.916138 -4.000000 0.268907 -2.613591 -6.374960
-0.787842 -0.919922 -4.000000 0.334887 -2.706629 -6.386590
-0.784058 -0.919800 -4.000000 0.357434 -2.791834 -6.390862
-0.782837 -0.919312 -4.000000 0.360045 -2.854492 -6.427412
-0.790771 -0.911621 -4.000000 0.311865 -2.914539 -6.461114
-0.787476 -0.916626 -4.000000 0.238052 -3.006152 -6.512855
-0.785767 -0.922852 -4.000000 0.125316 -3.154964 -6.555813
-0.793945 -0.919800 -4.000000 0.023971 -3.332970 -6.603993
-0.786133 -0.911133 -4.000000 -0.047231 -3.505991 -6.631050
-0.784546 -0.916748 -4.000000 -0.114873 -3.686132 -6.638408
-0.787109 -0.919556 -4.000000 -0.174682 -3.847286 -6.636271
-0.789551 -0.917725 -4.000000 -0.164239 -3.963108 -6.630813
-0.786499 -0.923706 -4.000000 -0.110601 -4.015798 -6.600671
-0.782715 -0.920410 -4.000000 -0.017089 -4.016272 -6.576699
-0.784302 -0.908325 -4.000000 0.101107 -3.989928 -6.561747
-0.789063 -0.919067 -4.000000 0.208622 -3.952665 -6.553915
-0.793945 -0.910034 -4.000000 0.324682 -3.935577 -6.572190
-0.789307 -0.914917 -4.000000 0.488446 -3.936526 -6.598772
-0.780884 -0.917236 -4.000000 0.695170 -3.932254 -6.613250
-0.784790 -0.916992 -4.000000 0.902842 -3.884786 -6.599721
-0.782471 -0.915771 -4.000000 1.087018 -3.755198 -6.586668
-0.780273 -0.916870 -4.000000 1.159170 -3.548949 -6.534453
-0.787109 -0.912598 -4.000000 1.138284 -3.278619 -6.498614
-0.784424 -0.919067 -4.000000 1.085832 -2.972212 -6.462539
-0.780029 -0.912964 -4.000000 0.920406 -2.736059 -6.431447
-0.783325 -0.919800 -4.000000 0.661467 -2.578939 -6.377334
-0.784424 -0.919434 -4.000000 0.456168 -2.441994 -6.326780
-0.783936 -0.914795 -4.000000 0.294777 -2.345871 -6.269818
-0.785156 -0.916016 -4.000000 0.140980 -2.313356 -6.229233
-0.779175 -0.919312 -4.000000 0.036788 -2.352992 -6.203363
-0.788330 -0.915161 -4.000000 -0.074288 -2.376488 -6.177968
-0.781006 -0.913208 -4.000000 -0.122942 -2.334716 -6.150436
-0.782349 -0.921875 -4.000000 -0.059810 -2.241442 -6.116497
-0.782593 -0.920532 -4.000000 -0.024209 -2.149828 -6.105579
-0.786499 -0.919067 -4.000000 -0.013291 -2.030446 -6.110563
-0.791382 -0.919434 -4.000000 0.014478 -1.890653 -6.112936
-0.781982 -0.907959 -4.000000 0.006171 -1.765812 -6.101307
-0.782593 -0.918091 -4.000000 -0.024446 -1.671825 -6.083269
-0.781372 -0.912598 -4.000000 -0.096597 -1.621746 -6.060484
-0.779785 -0.917969 -4.000000 -0.201265 -1.630765 -6.046719
-0.786255 -0.908447 -4.000000 -0.306881 -1.690812 -6.035326
-0.786743 -0.912476 -4.000000 -0.384966 -1.748486 -6.016576
-0.777954 -0.916992 -4.000000 -0.440266 -1.774831 -6.001387
-0.785522 -0.918945 -4.000000 -0.475155 -1.763201 -5.993554
-0.780762 -0.914673 -4.000000 -0.501263 -1.731160 -5.980975
-0.778076 -0.917847 -4.000000 -0.538050 -1.695559 -5.975991
-0.779541 -0.916138 -4.000000 -0.571515 -1.648328 -5.975991
-0.786133 -0.917114 -4.000000 -0.597623 -1.566683 -5.963649
-0.784058 -0.918457 -4.000000 -0.608540 -1.473646 -5.949172
-0.788940 -0.918945 -4.000000 -0.621832 -1.376574 -5.920928
-0.778809 -0.923950 -4.000000 -0.657433 -1.275467 -5.878444
-0.784790 -0.919189 -4.000000 -0.753318 -1.180293 -5.833112
-0.787354 -0.911133 -4.000000 -0.896434 -1.095325 -5.773540
-0.783325 -0.912842 -4.000000 -1.074202 -1.040500 -5.722986
-0.785156 -0.916748 -4.000000 -1.283062 -1.029819 -5.664363
-0.787476 -0.914673 -4.000000 -1.493820 -1.036228 -5.581294
-0.782227 -0.916260 -4.000000 -1.667553 -1.028633 -5.517449
-0.786499 -0.911743 -4.000000 -1.801175 -1.002763 -5.460963
-0.788086 -0.916016 -4.000000 -1.877836 -0.941766 -5.430346
-0.781006 -0.913940 -4.000000 -1.888754 -0.847067 -5.394032
-0.785522 -0.920532 -4.000000 -1.823248 -0.712496 -5.378131
-0.794434 -0.917725 -4.000000 -1.710749 -0.562259 -5.366501
-0.782349 -0.913940 -4.000000 -1.562174 -0.390187 -5.364603
-0.784912 -0.918701 -4.000000 -1.388203 -0.201739 -5.367688
-0.785034 -0.914307 -4.000000 -1.236306 -0.046281 -5.370298
-0.786987 -0.918823 -4.000000 -1.165103 0.043433 -5.351549
-0.788452 -0.914185 -4.000000 -1.216132 0.048892 -5.329476
-0.785522 -0.914551 -4.000000 -1.335039 -0.016614 -5.300995
-0.783936 -0.919067 -4.000000 -1.531319 -0.161154 -5.267530
-0.781128 -0.912842 -4.000000 -1.739704 -0.289792 -5.270616
-0.786499 -0.909302 -4.000000 -1.895162 -0.353400 -5.238100
-0.790161 -0.914795 -4.000000 -1.987725 -0.356960 -5.228369
-0.787354 -0.911377 -4.000000 -2.014307 -0.339634 -5.224334
-0.782715 -0.916382 -4.000000 -1.967314 -0.334175 -5.230742
-0.790283 -0.914185 -4.000000 -1.850067 -0.310204 -5.226945
-0.786499 -0.920532 -4.000000 -1.664942 -0.266058 -5.230268
-0.783325 -0.918213 -4.000000 -1.456320 -0.216692 -5.257562
-0.782959 -0.916260 -4.000000 -1.251258 -0.148338 -5.250916
-0.787476 -0.915283 -4.000000 -1.096512 -0.082594 -5.237151
-0.781982 -0.916626 -4.000000 -1.085832 -0.092563 -5.255426
-0.789673 -0.913208 -4.000000 -1.211859 -0.202214 -5.276074
-0.792725 -0.924805 -4.000000 -1.413124 -0.381881 -5.308115
-0.788696 -0.918457 -4.000000 -1.588519 -0.543747 -5.328290
-0.784668 -0.913696 -4.000000 -1.698882 -0.650550 -5.340631
-0.777710 -0.919189 -4.000000 -1.719293 -0.729109 -5.342767
-0.786865 -0.915527 -4.000000 -1.639072 -0.753793 -5.341343
-0.782227 -0.918579 -4.000000 -1.487649 -0.725075 -5.346090
-0.787231 -0.918213 -4.000000 -1.292793 -0.640819 -5.344429
-0.777832 -0.920044 -4.000000 -1.060436 -0.509570 -5.338495
-0.781738 -0.919678 -4.000000 -0.810517 -0.354349 -5.336122
-0.781616 -0.918335 -4.000000 -0.626816 -0.236866 -5.339919
-0.791260 -0.913940 -4.000000 -0.553240 -0.216692 -5.360093
-0.789063 -0.915771 -4.000000 -0.642243 -0.323495 -5.404001
-0.788086 -0.916870 -4.000000 -0.880532 -0.518589 -5.442688
-0.789917 -0.915771 -4.000000 -1.109803 -0.670724 -5.469744
-0.789673 -0.916504 -4.000000 -1.270008 -0.737416 -5.487545
-0.780518 -0.914795 -4.000000 -1.309406 -0.782274 -5.517924
-0.786011 -0.918701 -4.000000 -1.232508 -0.840659 -5.529316
-0.788452 -0.920898 -4.000000 -1.068269 -0.874124 -5.529791
-0.784424 -0.916016 -4.000000 -0.848017 -0.879820 -5.527893
-0.784790 -0.923340 -4.000000 -0.593588 -0.854188 -5.513889
-0.789917 -0.916504 -4.000000 -0.370251 -0.824520 -5.496326
-0.785645 -0.913452 -4.000000 -0.224287 -0.827843 -5.485883
-0.789307 -0.915894 -4.000000 -0.166613 -0.860359 -5.493716
-0.784912 -0.916138 -4.000000 -0.170648 -0.924440 -5.526943
-0.779175 -0.916748 -4.000000 -0.243511 -1.022225 -5.553288
-0.785278 -0.917236 -4.000000 -0.349365 -1.144217 -5.593636
-0.783936 -0.915527 -4.000000 -0.446912 -1.257903 -5.626626
-0.784180 -0.912598 -4.000000 -0.506721 -1.336938 -5.653920
-0.784546 -0.912964 -4.000000 -0.510756 -1.376811 -5.674806
-0.785034 -0.916870 -4.000000 -0.482275 -1.387966 -5.685012
-0.781494 -0.921143 -4.000000 -0.446437 -1.378472 -5.699727
-0.784180 -0.910767 -4.000000 -0.405852 -1.371115 -5.710645
-0.784546 -0.914185 -4.000000 -0.356010 -1.364944 -5.724648
-0.780884 -0.913696 -4.000000 -0.310678 -1.362333 -5.727021
-0.781860 -0.918213 -4.000000 -0.255615 -1.343346 -5.733429
-0.783569 -0.916626 -4.000000 -0.230457 -1.305846 -5.733429
-0.789063 -0.923462 -4.000000 -0.212420 -1.283536 -5.745771
-0.788940 -0.916504 -4.000000 -0.225236 -1.302761 -5.766182
-0.782104 -0.917725 -4.000000 -0.243274 -1.333615 -5.780185
-0.786865 -0.912842 -4.000000 -0.265821 -1.364232 -5.788018
-0.779541 -0.923950 -4.000000 -0.290267 -1.384169 -5.793477
-0.790283 -0.911133 -4.000000 -0.323495 -1.396985 -5.809378
-0.783325 -0.915649 -4.000000 -0.333700 -1.404580 -5.817448
-0.778931 -0.924316 -4.000000 -0.330852 -1.415735 -5.827178
-0.785034 -0.915039 -4.000000 -0.338210 -1.410513 -5.833824
-0.794312 -0.913818 -4.000000 -0.329191 -1.413599 -5.849251
-0.782715 -0.914551 -4.000000 -0.318273 -1.425228 -5.839758
-0.784424 -0.920166 -4.000000 -0.294777 -1.446352 -5.836672
-0.786133 -0.915161 -4.000000 -0.276027 -1.448013 -5.839995
-0.789551 -0.916260 -4.000000 -0.258701 -1.427602 -5.841656
-0.791626 -0.919067 -4.000000 -0.242562 -1.418108 -5.854236
-0.785278 -0.925171 -4.000000 -0.242799 -1.420244 -5.849489
-0.784180 -0.917969 -4.000000 -0.233780 -1.420719 -5.846403
-0.785278 -0.916992 -4.000000 -0.218353 -1.426178 -5.860881
-0.787720 -0.915283 -4.000000 -0.204350 -1.426178 -5.862780
