-0.785522 -0.914185 -4.000000 -0.195331 -1.675860 -5.943475
-0.788452 -0.917480 -4.000000 -0.160442 -1.676334 -5.970769
-0.782471 -0.918823 -4.000000 -0.192958 -1.665179 -6.025833
-0.789185 -0.917480 -4.000000 -0.236628 -1.674436 -6.039598
-0.789795 -0.920532 -4.000000 -0.279350 -1.689151 -6.092525
-0.784058 -0.920288 -4.000000 -0.322071 -1.732821 -6.145452
-0.786255 -0.918091 -4.000000 -0.360520 -1.806397 -6.209059
-0.784668 -0.920776 -4.000000 -0.402292 -1.903232 -6.264359
-0.788818 -0.916626 -4.000000 -0.447386 -2.052044 -6.321558
-0.782837 -0.915283 -4.000000 -0.473494 -2.231236 -6.390862
-0.780273 -0.916870 -4.000000 -0.453795 -2.425855 -6.442127
-0.782471 -0.914551 -4.000000 -0.387577 -2.579177 -6.487222
-0.787720 -0.916016 -4.000000 -0.258226 -2.667230 -6.513330
-0.777100 -0.915283 -4.000000 -0.120332 -2.708765 -6.510956
-0.787109 -0.919434 -4.000000 -0.026345 -2.707815 -6.493393
-0.795044 -0.913330 -4.000000 0.048417 -2.666518 -6.465861
-0.781372 -0.912231 -4.000000 0.096123 -2.610031 -6.453994
-0.785522 -0.918579 -4.000000 0.130537 -2.590806 -6.453282
-0.786865 -0.925415 -4.000000 0.141692 -2.626645 -6.464912
-0.786011 -0.915405 -4.000000 0.141455 -2.709477 -6.480577
-0.791748 -0.915039 -4.000000 0.117246 -2.821027 -6.496478
-0.783203 -0.924194 -4.000000 0.084968 -2.951564 -6.504311
-0.777588 -0.920898 -4.000000 0.078322 -3.092544 -6.513092
-0.774292 -0.915649 -4.000000 0.096835 -3.220470 -6.504785
-0.788330 -0.917847 -4.000000 0.156170 -3.322527 -6.484848
-0.784302 -0.922607 -4.000000 0.236154 -3.412479 -6.461352
-0.784058 -0.913940 -4.000000 0.346042 -3.497684 -6.427887
-0.786133 -0.917725 -4.000000 0.478478 -3.560579 -6.398694
-0.784424 -0.911377 -4.000000 0.627765 -3.576006 -6.369264
-0.783813 -0.910400 -4.000000 0.774916 -3.558680 -6.371637
-0.785767 -0.920044 -4.000000 0.871988 -3.530437 -6.367840
-0.779663 -0.918335 -4.000000 0.953871 -3.449266 -6.378046
-0.783081 -0.916016 -4.000000 1.035516 -3.310185 -6.354549
-0.778198 -0.917603 -4.000000 1.078474 -3.181072 -6.362381
-0.785889 -0.915405 -4.000000 1.086781 -3.127908 -6.367128
-0.788330 -0.914307 -4.000000 1.043823 -3.124347 -6.370213
-0.790894 -0.922852 -4.000000 0.955769 -3.130993 -6.354786
-0.784668 -0.922974 -4.000000 0.783223 -3.116753 -6.330103
-0.780273 -0.919678 -4.000000 0.525471 -3.134790 -6.285008
-0.777954 -0.914185 -4.000000 0.210046 -3.200059 -6.221638
-0.780273 -0.912109 -4.000000 -0.058860 -3.222606 -6.149961
-0.783936 -0.915283 -4.000000 -0.232593 -3.160186 -6.099883
-0.781982 -0.919067 -4.000000 -0.268432 -2.990962 -6.043633
-0.778931 -0.916138 -4.000000 -0.190584 -2.729888 -6.012779
-0.776123 -0.922241 -4.000000 -0.151660 -2.439621 -6.003522
-0.778076 -0.915771 -4.000000 -0.075712 -2.166917 -5.983111
-0.786743 -0.913940 -4.000000 0.031092 -1.952836 -5.977178
-0.779541 -0.922485 -4.000000 0.112974 -1.836539 -5.989520
-0.784424 -0.912842 -4.000000 0.140505 -1.802362 -5.993554
-0.785767 -0.914307 -4.000000 0.153559 -1.802362 -5.989757
-0.784058 -0.914063 -4.000000 0.130537 -1.795005 -5.975516
-0.785522 -0.920776 -4.000000 0.084730 -1.767236 -5.953444
-0.785889 -0.915649 -4.000000 0.023734 -1.708850 -5.932321
-0.788452 -0.915039 -4.000000 -0.060522 -1.633613 -5.917130
-0.781128 -0.919678 -4.000000 -0.159018 -1.541050 -5.907162
-0.780762 -0.916138 -4.000000 -0.249682 -1.451810 -5.891735
-0.782715 -0.921021 -4.000000 -0.343906 -1.400308 -5.882954
-0.784668 -0.908936 -4.000000 -0.420567 -1.355688 -5.872510
-0.786377 -0.920288 -4.000000 -0.493905 -1.313679 -5.850676
-0.791870 -0.917114 -4.000000 -0.568193 -1.280926 -5.853761
-0.785767 -0.919434 -4.000000 -0.615423 -1.244375 -5.866103
-0.781494 -0.912354 -4.000000 -0.648651 -1.196195 -5.880105
-0.780762 -0.916260 -4.000000 -0.645328 -1.113838 -5.879868
-0.785645 -0.921997 -4.000000 -0.619458 -0.983301 -5.885564
-0.783813 -0.921143 -4.000000 -0.558462 -0.815027 -5.878207
-0.787354 -0.916748 -4.000000 -0.515740 -0.649838 -5.844030
-0.777588 -0.923706 -4.000000 -0.493193 -0.464712 -5.792290
-0.784912 -0.915894 -4.000000 -0.511943 -0.269381 -5.756689
-0.784180 -0.913208 -4.000000 -0.610439 -0.145964 -5.732717
-0.779663 -0.908569 -4.000000 -0.796514 -0.130062 -5.706372
-0.791382 -0.913696 -4.000000 -1.055215 -0.194619 -5.652733
-0.783447 -0.923706 -4.000000 -1.356874 -0.289080 -5.607401
-0.783325 -0.921021 -4.000000 -1.632901 -0.361469 -5.573699
-0.788696 -0.920044 -4.000000 -1.861460 -0.394697 -5.553525
-0.781982 -0.920044 -4.000000 -2.015731 -0.404191 -5.550677
-0.784668 -0.916016 -4.000000 -2.048484 -0.368352 -5.529316
-0.782349 -0.920044 -4.000000 -1.988674 -0.314476 -5.537149
-0.783691 -0.919800 -4.000000 -1.832979 -0.248258 -5.548541
-0.780396 -0.911377 -4.000000 -1.616525 -0.153084 -5.558747
-0.778931 -0.919922 -4.000000 -1.389390 -0.018038 -5.557797
-0.780518 -0.922241 -4.000000 -1.217556 0.117246 -5.550677
-0.784668 -0.920288 -4.000000 -1.168664 0.181091 -5.560646
-0.779663 -0.918945 -4.000000 -1.234644 0.154983 -5.599807
-0.785645 -0.917969 -4.000000 -1.367080 0.089003 -5.650360
-0.785400 -0.916870 -4.000000 -1.514468 0.025158 -5.688572
-0.785156 -0.921021 -4.000000 -1.642632 -0.063133 -5.707559
-0.779663 -0.919312 -4.000000 -1.716920 -0.147151 -5.722749
-0.786011 -0.920898 -4.000000 -1.746350 -0.239951 -5.735328
-0.776367 -0.921021 -4.000000 -1.719293 -0.311628 -5.755977
-0.782837 -0.912964 -4.000000 -1.632189 -0.300473 -5.748619
-0.783569 -0.913696 -4.000000 -1.514706 -0.230457 -5.723224
-0.793701 -0.915161 -4.000000 -1.430925 -0.181803 -5.719664
-0.781250 -0.917725 -4.000000 -1.425940 -0.227609 -5.732717
-0.783691 -0.923096 -4.000000 -1.509484 -0.380456 -5.742685
-0.784790 -0.917236 -4.000000 -1.672537 -0.579585 -5.745059
-0.790771 -0.920898 -4.000000 -1.851729 -0.770881 -5.736989
-0.783325 -0.915894 -4.000000 -1.987488 -0.923728 -5.727021
-0.783081 -0.914795 -4.000000 -2.033532 -1.021750 -5.711357
-0.778320 -0.920776 -4.000000 -1.981317 -1.059487 -5.680740
-0.791382 -0.914673 -4.000000 -1.827283 -1.059724 -5.645851
-0.782227 -0.915405 -4.000000 -1.629341 -1.064234 -5.623066
-0.786011 -0.914917 -4.000000 -1.443978 -1.093901 -5.600281
-0.780640 -0.913818 -4.000000 -1.264074 -1.114075 -5.561832
-0.786987 -0.916992 -4.000000 -1.072541 -1.102446 -5.544744
-0.786011 -0.914795 -4.000000 -0.900944 -1.052604 -5.506769
-0.786011 -0.922241 -4.000000 -0.805058 -1.022462 -5.503684
-0.786255 -0.918701 -4.000000 -0.783698 -1.028158 -5.507244
-0.783081 -0.920532 -4.000000 -0.795327 -1.054978 -5.505108
-0.786499 -0.910278 -4.000000 -0.834963 -1.102683 -5.531215
-0.779419 -0.916382 -4.000000 -0.870089 -1.151338 -5.541658
-0.781860 -0.919434 -4.000000 -0.859646 -1.190499 -5.555187
-0.780884 -0.916382 -4.000000 -0.789394 -1.218030 -5.569664
-0.782227 -0.920532 -4.000000 -0.704663 -1.224676 -5.582481
-0.788086 -0.923706 -4.000000 -0.607828 -1.223252 -5.584142
-0.788086 -0.912842 -4.000000 -0.517164 -1.214470 -5.595060
-0.785156 -0.913696 -4.000000 -0.430298 -1.197144 -5.605266
-0.784180 -0.921143 -4.000000 -0.332276 -1.186939 -5.614759
-0.776855 -0.916382 -4.000000 -0.248733 -1.193822 -5.634221
-0.781738 -0.916992 -4.000000 -0.173970 -1.224676 -5.649648
-0.785034 -0.911743 -4.000000 -0.123180 -1.254581 -5.662227
-0.786499 -0.925781 -4.000000 -0.118195 -1.271195 -5.679790
-0.781250 -0.914185 -4.000000 -0.153797 -1.265261 -5.694980
-0.784058 -0.916870 -4.000000 -0.215742 -1.288758 -5.731056
-0.785767 -0.912354 -4.000000 -0.292641 -1.287334 -5.733904
-0.787964 -0.913940 -4.000000 -0.389475 -1.335039 -5.755265
-0.787720 -0.920410 -4.000000 -0.445013 -1.368504 -5.771878
-0.783447 -0.911011 -4.000000 -0.441690 -1.390814 -5.787543
-0.788940 -0.919678 -4.000000 -0.421279 -1.376099 -5.791578
-0.783569 -0.920410 -4.000000 -0.379744 -1.345245 -5.798460
-0.785034 -0.917114 -4.000000 -0.325868 -1.320799 -5.802970
-0.787231 -0.910767 -4.000000 -0.284571 -1.316527 -5.790628
-0.777954 -0.922119 -4.000000 -0.238764 -1.314391 -5.778761
-0.783569 -0.922852 -4.000000 -0.205299 -1.295641 -5.793951
-0.786377 -0.921509 -4.000000 -0.187499 -1.278789 -5.786356
-0.784546 -0.915527 -4.000000 -0.173258 -1.273331 -5.788018
-0.790771 -0.919556 -4.000000 -0.172784 -1.268584 -5.797749
-0.785522 -0.917847 -4.000000 -0.164714 -1.254581 -5.811989
-0.779297 -0.909546 -4.000000 -0.148100 -1.246511 -5.812701
-0.786377 -0.910767 -4.000000 -0.150474 -1.248173 -5.814837
-0.780884 -0.916992 -4.000000 -0.158543 -1.251733 -5.823381
-0.782959 -0.916626 -4.000000 -0.185837 -1.259565 -5.834062
-0.787598 -0.916992 -4.000000 -0.248021 -1.301337 -5.856371
-0.782593 -0.920898 -4.000000 -0.344381 -1.378947 -5.878682
-0.787720 -0.919434 -4.000000 -0.441453 -1.476494 -5.899805
-0.787354 -0.920532 -4.000000 -0.480377 -1.542000 -5.921165
-0.784912 -0.917847 -4.000000 -0.469459 -1.581161 -5.924963
-0.784790 -0.915649 -4.000000 -0.420092 -1.573329 -5.912621
-0.775757 -0.921753 -4.000000 -0.313052 -1.511620 -5.896957
-0.779907 -0.918457 -4.000000 -0.209571 -1.433535 -5.879394
-0.789917 -0.918579 -4.000000 -0.141929 -1.398409 -5.870137
