-0.781250 -0.915039 -4.000000 -0.342007 -1.326020 -5.888887
-0.782837 -0.918945 -4.000000 -0.297387 -1.358298 -5.857796
-0.782837 -0.918335 -4.000000 -0.255853 -1.353314 -5.877969
-0.780518 -0.916992 -4.000000 -0.245173 -1.372302 -5.891261
-0.780518 -0.913940 -4.000000 -0.255853 -1.399121 -5.912621
-0.783936 -0.913574 -4.000000 -0.294539 -1.460355 -5.933507
-0.787720 -0.917114 -4.000000 -0.354586 -1.541050 -5.958902
-0.794067 -0.914307 -4.000000 -0.409175 -1.605132 -5.982636
-0.787109 -0.923584 -4.000000 -0.463051 -1.636461 -6.029155
-0.778687 -0.924194 -4.000000 -0.492244 -1.662806 -6.057873
-0.783081 -0.918213 -4.000000 -0.502212 -1.709562 -6.078522
-0.783936 -0.922974 -4.000000 -0.485598 -1.748486 -6.099408
-0.787354 -0.914673 -4.000000 -0.436469 -1.765337 -6.129550
-0.785156 -0.920166 -4.000000 -0.373336 -1.781001 -6.173221
-0.785400 -0.917114 -4.000000 -0.304982 -1.817789 -6.218553
-0.782593 -0.914185 -4.000000 -0.239714 -1.881159 -6.257951
-0.787231 -0.916748 -4.000000 -0.185363 -1.966839 -6.302334
-0.789795 -0.913574 -4.000000 -0.142642 -2.063674 -6.375435
-0.788574 -0.918579 -4.000000 -0.133623 -2.198958 -6.429548
-0.779297 -0.918823 -4.000000 -0.134572 -2.343498 -6.499801
-0.781860 -0.911377 -4.000000 -0.137657 -2.507263 -6.569579
-0.786621 -0.912964 -4.000000 -0.120806 -2.696660 -6.642917
-0.785645 -0.913086 -4.000000 -0.094224 -2.894840 -6.731208
-0.781982 -0.916260 -4.000000 -0.074050 -3.104886 -6.800274
-0.781494 -0.918579 -4.000000 -0.029430 -3.329410 -6.869102
-0.777832 -0.911499 -4.000000 0.046756 -3.558443 -6.901381
-0.783081 -0.913208 -4.000000 0.179429 -3.767065 -6.917520
-0.787476 -0.915283 -4.000000 0.379744 -3.955039 -6.915621
-0.783325 -0.910889 -4.000000 0.568430 -4.145860 -6.947425
-0.783203 -0.922485 -4.000000 0.712021 -4.349735 -6.934134
-0.776733 -0.921265 -4.000000 0.838049 -4.539370 -6.908976
-0.784912 -0.915039 -4.000000 0.923016 -4.689132 -6.866254
-0.785767 -0.917603 -4.000000 1.013206 -4.781457 -6.838486
-0.791992 -0.927246 -4.000000 1.122620 -4.842928 -6.810480
-0.785889 -0.919678 -4.000000 1.194771 -4.928846 -6.791967
-0.785400 -0.918823 -4.000000 1.282112 -4.979637 -6.777014
-0.778076 -0.913818 -4.000000 1.368741 -5.012627 -6.755891
-0.780151 -0.917725 -4.000000 1.428314 -4.997912 -6.731445
-0.780640 -0.914551 -4.000000 1.471272 -4.833435 -6.747584
-0.790771 -0.920410 -4.000000 1.489548 -4.442773 -6.714119
-0.784424 -0.914185 -4.000000 1.413599 -3.854406 -6.648851
-0.785522 -0.918823 -4.000000 1.280451 -3.264141 -6.600433
-0.784546 -0.916382 -4.000000 1.062335 -2.826723 -6.487222
-0.787964 -0.919678 -4.000000 0.760913 -2.566835 -6.395371
-0.783936 -0.917358 -4.000000 0.441453 -2.424668 -6.337223
-0.783325 -0.914307 -4.000000 0.154509 -2.412564 -6.293315
-0.786011 -0.916626 -4.000000 -0.061946 -2.444368 -6.239913
-0.790649 -0.917480 -4.000000 -0.154983 -2.409953 -6.188648
-0.787109 -0.919312 -4.000000 -0.154509 -2.303387 -6.169186
-0.784424 -0.920166 -4.000000 -0.102768 -2.145793 -6.156844
-0.785156 -0.923584 -4.000000 -0.011392 -1.977045 -6.155658
-0.786499 -0.919800 -4.000000 0.070727 -1.815653 -6.161117
-0.784668 -0.915039 -4.000000 0.121281 -1.656635 -6.147113
-0.786255 -0.922119 -4.000000 0.117958 -1.524911 -6.136908
-0.789551 -0.915649 -4.000000 0.097310 -1.432586 -6.117208
-0.790161 -0.915649 -4.000000 0.098259 -1.375862 -6.091576
-0.791870 -0.912231 -4.000000 0.046044 -1.424991 -6.069503
-0.789307 -0.907349 -4.000000 -0.050553 -1.511383 -6.036987
-0.785522 -0.915405 -4.000000 -0.157357 -1.592079 -5.991418
-0.786865 -0.916504 -4.000000 -0.285283 -1.641208 -5.948934
-0.779907 -0.911865 -4.000000 -0.366691 -1.629341 -5.921640
-0.784912 -0.921265 -4.000000 -0.393036 -1.558139 -5.924726
-0.782837 -0.911011 -4.000000 -0.385678 -1.480291 -5.946086
-0.785889 -0.923096 -4.000000 -0.385915 -1.408615 -5.973143
-0.780640 -0.922974 -4.000000 -0.367403 -1.305609 -5.989282
-0.784058 -0.919556 -4.000000 -0.297387 -1.120246 -5.999725
-0.784546 -0.921021 -4.000000 -0.215742 -0.893349 -6.010880
-0.786255 -0.917236 -4.000000 -0.172546 -0.651499 -6.021560
-0.796021 -0.914185 -4.000000 -0.189635 -0.421754 -6.004472
-0.779419 -0.918579 -4.000000 -0.289792 -0.223100 -5.984773
-0.785156 -0.918335 -4.000000 -0.453320 -0.053402 -5.953918
-0.781006 -0.913086 -4.000000 -0.662654 0.110126 -5.890549
-0.778564 -0.918823 -4.000000 -0.887178 0.250157 -5.824331
-0.780151 -0.916382 -4.000000 -1.110041 0.323969 -5.764521
-0.784668 -0.918579 -4.000000 -1.369453 0.281248 -5.699727
-0.778687 -0.921997 -4.000000 -1.647854 0.169936 -5.653446
-0.774658 -0.920288 -4.000000 -1.869767 0.074762 -5.612623
-0.786987 -0.917480 -4.000000 -2.007187 0.025633 -5.568478
-0.788086 -0.919800 -4.000000 -2.058215 0.030380 -5.525282
-0.782349 -0.923950 -4.000000 -2.026649 0.083781 -5.502972
-0.779785 -0.919434 -4.000000 -1.944529 0.169461 -5.474016
-0.788940 -0.916138 -4.000000 -1.857425 0.209334 -5.461200
-0.785278 -0.916626 -4.000000 -1.723328 0.263922 -5.466659
-0.791016 -0.917603 -4.000000 -1.565734 0.379270 -5.440077
-0.786377 -0.917236 -4.000000 -1.410513 0.509332 -5.430820
-0.782104 -0.916870 -4.000000 -1.270008 0.614474 -5.417055
-0.784790 -0.922363 -4.000000 -1.188600 0.647702 -5.424412
-0.790283 -0.921875 -4.000000 -1.166290 0.609015 -5.437229
-0.784302 -0.915405 -4.000000 -1.201416 0.498889 -5.455978
-0.782593 -0.915039 -4.000000 -1.281163 0.342719 -5.467371
-0.781616 -0.916016 -4.000000 -1.397697 0.174682 -5.481136
-0.783813 -0.923706 -4.000000 -1.504263 0.041060 -5.495615
-0.782715 -0.918701 -4.000000 -1.598012 -0.070015 -5.491817
-0.785034 -0.916748 -4.000000 -1.694610 -0.164952 -5.498937
-0.779419 -0.917114 -4.000000 -1.783138 -0.238527 -5.504633
-0.788574 -0.920044 -4.000000 -1.884007 -0.307593 -5.509380
-0.786011 -0.919556 -4.000000 -1.954260 -0.376896 -5.515551
-0.781372 -0.911743 -4.000000 -1.996269 -0.449522 -5.516737
-0.784790 -0.913330 -4.000000 -2.028785 -0.533304 -5.526706
-0.782959 -0.915039 -4.000000 -2.041601 -0.632987 -5.545218
-0.783325 -0.917236 -4.000000 -2.036617 -0.763761 -5.565155
-0.777710 -0.913086 -4.000000 -2.004339 -0.896197 -5.578683
-0.784180 -0.913330 -4.000000 -1.927203 -1.011544 -5.591025
-0.779663 -0.921631 -4.000000 -1.814229 -1.079424 -5.580582
-0.780518 -0.917847 -4.000000 -1.651651 -1.093901 -5.572750
-0.779175 -0.913818 -4.000000 -1.456557 -1.087256 -5.553051
-0.774292 -0.912354 -4.000000 -1.264549 -1.073253 -5.549016
-0.778931 -0.921387 -4.000000 -1.106480 -1.056164 -5.549016
-0.785400 -0.909668 -4.000000 -1.009646 -1.051180 -5.550915
-0.780518 -0.916748 -4.000000 -0.977130 -1.075863 -5.567291
-0.788330 -0.914795 -4.000000 -0.980453 -1.121907 -5.579633
-0.788940 -0.916260 -4.000000 -1.012494 -1.207113 -5.587228
-0.792969 -0.913818 -4.000000 -1.037652 -1.336700 -5.618556
-0.787842 -0.913940 -4.000000 -1.014392 -1.442554 -5.635645
-0.788208 -0.916748 -4.000000 -0.948886 -1.496668 -5.649411
-0.786987 -0.919800 -4.000000 -0.852526 -1.504975 -5.659854
-0.786743 -0.922485 -4.000000 -0.755217 -1.465814 -5.666737
-0.782715 -0.917480 -4.000000 -0.646278 -1.419532 -5.663651
-0.782104 -0.913574 -4.000000 -0.554427 -1.406241 -5.660091
-0.781128 -0.915649 -4.000000 -0.494854 -1.420719 -5.674094
-0.780884 -0.920410 -4.000000 -0.459253 -1.452760 -5.688809
-0.784668 -0.915894 -4.000000 -0.434570 -1.466288 -5.714205
-0.786133 -0.915405 -4.000000 -0.433858 -1.455608 -5.727496
-0.780518 -0.914429 -4.000000 -0.443826 -1.454896 -5.730106
-0.781738 -0.915283 -4.000000 -0.454981 -1.446826 -5.745296
-0.780029 -0.906982 -4.000000 -0.455693 -1.425228 -5.755502
-0.786743 -0.916992 -4.000000 -0.446437 -1.416209 -5.761910
-0.788818 -0.911987 -4.000000 -0.426263 -1.420956 -5.773540
-0.784912 -0.916260 -4.000000 -0.405377 -1.422618 -5.789442
-0.781738 -0.916504 -4.000000 -0.370963 -1.416921 -5.807717
-0.788696 -0.914429 -4.000000 -0.337973 -1.409327 -5.813650
-0.777344 -0.913086 -4.000000 -0.304508 -1.390577 -5.821957
-0.783691 -0.918945 -4.000000 -0.287656 -1.377760 -5.829315
-0.780640 -0.916260 -4.000000 -0.285283 -1.364469 -5.832163
-0.780762 -0.914795 -4.000000 -0.290030 -1.359010 -5.826467
-0.786377 -0.915649 -4.000000 -0.307830 -1.359248 -5.827416
-0.789673 -0.924072 -4.000000 -0.339397 -1.358536 -5.830027
-0.781372 -0.911377 -4.000000 -0.383779 -1.370165 -5.831925
-0.788086 -0.918091 -4.000000 -0.403004 -1.404105 -5.841182
-0.783936 -0.914307 -4.000000 -0.398732 -1.441605 -5.849014
-0.786255 -0.915527 -4.000000 -0.371200 -1.472222 -5.855422
-0.776367 -0.914063 -4.000000 -0.335124 -1.455133 -5.842843
-0.784912 -0.920288 -4.000000 -0.307356 -1.426890 -5.839520
-0.780396 -0.910156 -4.000000 -0.292166 -1.397934 -5.836435
-0.780151 -0.916260 -4.000000 -0.290742 -1.385830 -5.832400
-0.788940 -0.911255 -4.000000 -0.294302 -1.384406 -5.842606
-0.785400 -0.917969 -4.000000 -0.303084 -1.391526 -5.843555
-0.784180 -0.920166 -4.000000 -0.312102 -1.397697 -5.842131
-0.782715 -0.918945 -4.000000 -0.322308 -1.387729 -5.835960
-0.782593 -0.915894 -4.000000 -0.323495 -1.371590 -5.840232
