-0.780273 -0.918579 -4.000000 -0.675945 -1.527997 -5.893871
-0.787842 -0.912842 -4.000000 -0.595961 -1.527997 -5.939441
-0.788086 -0.910278 -4.000000 -0.506009 -1.525861 -5.976703
-0.779297 -0.917358 -4.000000 -0.441928 -1.525861 -6.008269
-0.782471 -0.912720 -4.000000 -0.406089 -1.558376 -6.037225
-0.792358 -0.921143 -4.000000 -0.386153 -1.576177 -6.035089
-0.792480 -0.914917 -4.000000 -0.381881 -1.572854 -6.046719
-0.786255 -0.921875 -4.000000 -0.376896 -1.580924 -6.073063
-0.784424 -0.922485 -4.000000 -0.371200 -1.627205 -6.111038
-0.786499 -0.916504 -4.000000 -0.356010 -1.720954 -6.156370
-0.778931 -0.915527 -4.000000 -0.337735 -1.822773 -6.188411
-0.791138 -0.917114 -4.000000 -0.303796 -1.907266 -6.203600
-0.783936 -0.918579 -4.000000 -0.237578 -1.969450 -6.224011
-0.782471 -0.918945 -4.000000 -0.145964 -2.017155 -6.250831
-0.785767 -0.913330 -4.000000 -0.048180 -2.069133 -6.261986
-0.785278 -0.909790 -4.000000 0.035364 -2.108294 -6.265309
-0.776123 -0.920410 -4.000000 0.126265 -2.144607 -6.264359
-0.787720 -0.917358 -4.000000 0.205062 -2.203467 -6.259850
-0.787231 -0.922729 -4.000000 0.256802 -2.289859 -6.278363
-0.785156 -0.913818 -4.000000 0.288843 -2.395001 -6.311590
-0.788818 -0.915039 -4.000000 0.317799 -2.498719 -6.323932
-0.785034 -0.917969 -4.000000 0.341295 -2.604572 -6.344343
-0.785400 -0.917480 -4.000000 0.394697 -2.707578 -6.354549
-0.792725 -0.918213 -4.000000 0.440504 -2.821501 -6.369976
-0.787354 -0.921509 -4.000000 0.456880 -2.952750 -6.389675
-0.789185 -0.921753 -4.000000 0.441453 -3.089221 -6.390150
-0.785522 -0.919312 -4.000000 0.416058 -3.215249 -6.392523
-0.783325 -0.917603 -4.000000 0.382118 -3.333682 -6.417919
-0.785767 -0.917603 -4.000000 0.310678 -3.477747 -6.437143
-0.783203 -0.917969 -4.000000 0.229508 -3.608284 -6.447824
-0.781372 -0.911987 -4.000000 0.178480 -3.698948 -6.454232
-0.792236 -0.917847 -4.000000 0.151423 -3.768726 -6.486510
-0.783447 -0.906982 -4.000000 0.150948 -3.832808 -6.502886
-0.778198 -0.908447 -4.000000 0.213606 -3.873156 -6.523772
-0.781982 -0.916992 -4.000000 0.293827 -3.891431 -6.555339
-0.785400 -0.907715 -4.000000 0.372150 -3.881700 -6.575512
-0.786987 -0.913818 -4.000000 0.470408 -3.849659 -6.589278
-0.785156 -0.914551 -4.000000 0.583620 -3.788663 -6.607791
-0.783569 -0.915649 -4.000000 0.724600 -3.691828 -6.595212
-0.786377 -0.915894 -4.000000 0.860121 -3.594519 -6.567206
-0.785034 -0.916870 -4.000000 0.934883 -3.562715 -6.538725
-0.792847 -0.915649 -4.000000 0.918982 -3.548237 -6.501225
-0.790405 -0.914673 -4.000000 0.898096 -3.412004 -6.475830
-0.782837 -0.910278 -4.000000 0.918507 -3.140249 -6.454944
-0.777100 -0.914185 -4.000000 1.008934 -2.820789 -6.425276
-0.788086 -0.920044 -4.000000 1.101022 -2.574193 -6.402254
-0.783569 -0.918457 -4.000000 1.136148 -2.449114 -6.387302
-0.785156 -0.912354 -4.000000 1.107667 -2.421108 -6.368315
-0.782104 -0.917847 -4.000000 1.051892 -2.425143 -6.340783
-0.786377 -0.917847 -4.000000 0.974282 -2.405206 -6.309217
-0.789551 -0.916382 -4.000000 0.863681 -2.337564 -6.255341
-0.787720 -0.915039 -4.000000 0.730296 -2.224353 -6.213806
-0.785034 -0.912842 -4.000000 0.578636 -2.085034 -6.170847
-0.785645 -0.921265 -4.000000 0.443589 -1.946428 -6.121480
-0.792358 -0.919312 -4.000000 0.326818 -1.822536 -6.084930
-0.788696 -0.921143 -4.000000 0.196992 -1.741366 -6.038174
-0.786133 -0.915405 -4.000000 0.092563 -1.704815 -6.003760
-0.782349 -0.916016 -4.000000 -0.006646 -1.714546 -5.964836
-0.783447 -0.918335 -4.000000 -0.109651 -1.739942 -5.931371
-0.787231 -0.921509 -4.000000 -0.207198 -1.749910 -5.913570
-0.783325 -0.914673 -4.000000 -0.277925 -1.721192 -5.894109
-0.781616 -0.916504 -4.000000 -0.311153 -1.643819 -5.875596
-0.782227 -0.922241 -4.000000 -0.320409 -1.530607 -5.858508
-0.783081 -0.916382 -4.000000 -0.327292 -1.414548 -5.845691
-0.788208 -0.919800 -4.000000 -0.306406 -1.313204 -5.849963
-0.785034 -0.912109 -4.000000 -0.281248 -1.212334 -5.852337
-0.785034 -0.918823 -4.000000 -0.270568 -1.115262 -5.846641
-0.784058 -0.916016 -4.000000 -0.290979 -1.039550 -5.859694
-0.777222 -0.915283 -4.000000 -0.332988 -0.965975 -5.863017
-0.782715 -0.912842 -4.000000 -0.374523 -0.879108 -5.854710
-0.782227 -0.920532 -4.000000 -0.438842 -0.782511 -5.843318
-0.788940 -0.914063 -4.000000 -0.537101 -0.702053 -5.830027
-0.786133 -0.918091 -4.000000 -0.667876 -0.647227 -5.802021
-0.785889 -0.918091 -4.000000 -0.798887 -0.610439 -5.774489
-0.777222 -0.914307 -4.000000 -0.962890 -0.613999 -5.751467
-0.782471 -0.921021 -4.000000 -1.151812 -0.632275 -5.744347
-0.783081 -0.919922 -4.000000 -1.344770 -0.637733 -5.719426
-0.789307 -0.917969 -4.000000 -1.535117 -0.636072 -5.709458
-0.787476 -0.913086 -4.000000 -1.687015 -0.623018 -5.694743
-0.786987 -0.909790 -4.000000 -1.766524 -0.590503 -5.675044
-0.783936 -0.920654 -4.000000 -1.796191 -0.530218 -5.667449
-0.782959 -0.923340 -4.000000 -1.761540 -0.435045 -5.655107
-0.779419 -0.916260 -4.000000 -1.661857 -0.300710 -5.634459
-0.784302 -0.924438 -4.000000 -1.514706 -0.138844 -5.608588
-0.787720 -0.919922 -4.000000 -1.352840 0.025395 -5.600519
-0.786011 -0.917603 -4.000000 -1.228473 0.132911 -5.588889
-0.781982 -0.917847 -4.000000 -1.176733 0.158069 -5.585329
-0.782593 -0.922363 -4.000000 -1.221116 0.125078 -5.610961
-0.786011 -0.915283 -4.000000 -1.346431 0.068829 -5.619506
-0.786499 -0.915283 -4.000000 -1.493582 0.019462 -5.621405
-0.795532 -0.919434 -4.000000 -1.651176 -0.037737 -5.621879
-0.787720 -0.919189 -4.000000 -1.751571 -0.093749 -5.649173
-0.785645 -0.910645 -4.000000 -1.775305 -0.152847 -5.664363
-0.778931 -0.918213 -4.000000 -1.763201 -0.208622 -5.686199
-0.783081 -0.914429 -4.000000 -1.742552 -0.267482 -5.689521
-0.784424 -0.912354 -4.000000 -1.705053 -0.328479 -5.682639
-0.786865 -0.912842 -4.000000 -1.630765 -0.357672 -5.663177
-0.781738 -0.918213 -4.000000 -1.526335 -0.356485 -5.676705
-0.780151 -0.915405 -4.000000 -1.458456 -0.352688 -5.652971
-0.782959 -0.919434 -4.000000 -1.436858 -0.327055 -5.643714
-0.788452 -0.922363 -4.000000 -1.471747 -0.317087 -5.621879
-0.782471 -0.916260 -4.000000 -1.548408 -0.334650 -5.623066
-0.787109 -0.918701 -4.000000 -1.638835 -0.407751 -5.634696
-0.787720 -0.919434 -4.000000 -1.729736 -0.536864 -5.663888
-0.783936 -0.915894 -4.000000 -1.804973 -0.679031 -5.701151
-0.782959 -0.913330 -4.000000 -1.820875 -0.776103 -5.706847
-0.782104 -0.922485 -4.000000 -1.767473 -0.814552 -5.703287
-0.791016 -0.915894 -4.000000 -1.667078 -0.824283 -5.690708
-0.792847 -0.914429 -4.000000 -1.519690 -0.815501 -5.682401
-0.781982 -0.916870 -4.000000 -1.400070 -0.799125 -5.677417
-0.788940 -0.927612 -4.000000 -1.294929 -0.763049 -5.643477
-0.784302 -0.908569 -4.000000 -1.194534 -0.717954 -5.621405
-0.781860 -0.914795 -4.000000 -1.113363 -0.697543 -5.618556
-0.781738 -0.917480 -4.000000 -1.052842 -0.709885 -5.606927
-0.785034 -0.913574 -4.000000 -1.015579 -0.754030 -5.610961
-0.780884 -0.921875 -4.000000 -1.004187 -0.820723 -5.623541
-0.781860 -0.922363 -4.000000 -1.017715 -0.900944 -5.645139
-0.789795 -0.918701 -4.000000 -1.036702 -0.985912 -5.654158
-0.782959 -0.913574 -4.000000 -1.057351 -1.040262 -5.666974
-0.780151 -0.923584 -4.000000 -1.052367 -1.054503 -5.676942
-0.786499 -0.915405 -4.000000 -0.999203 -1.043348 -5.676467
-0.787354 -0.915039 -4.000000 -0.936545 -1.059487 -5.687385
-0.777954 -0.916504 -4.000000 -0.881244 -1.112414 -5.681689
-0.785034 -0.920410 -4.000000 -0.830454 -1.180293 -5.702100
-0.792847 -0.916992 -4.000000 -0.781799 -1.235831 -5.710645
-0.789185 -0.917603 -4.000000 -0.728635 -1.275941 -5.723461
-0.784546 -0.916504 -4.000000 -0.682353 -1.293030 -5.726072
-0.784912 -0.922363 -4.000000 -0.617559 -1.296590 -5.719664
-0.789307 -0.923828 -4.000000 -0.572227 -1.299913 -5.726309
-0.787231 -0.920044 -4.000000 -0.543272 -1.310118 -5.743160
-0.786133 -0.917114 -4.000000 -0.525234 -1.326257 -5.751942
-0.781372 -0.912598 -4.000000 -0.510044 -1.340498 -5.761198
-0.782715 -0.917969 -4.000000 -0.484649 -1.359960 -5.779236
-0.783447 -0.924561 -4.000000 -0.461152 -1.376574 -5.797511
-0.782349 -0.923828 -4.000000 -0.438842 -1.365893 -5.805818
-0.783081 -0.913452 -4.000000 -0.429349 -1.330530 -5.810090
-0.782959 -0.918579 -4.000000 -0.416770 -1.297065 -5.811751
-0.781982 -0.914185 -4.000000 -0.421279 -1.307508 -5.831213
-0.778564 -0.925415 -4.000000 -0.425788 -1.351653 -5.829790
-0.791504 -0.923828 -4.000000 -0.424364 -1.386779 -5.833824
-0.781128 -0.920532 -4.000000 -0.406327 -1.397460 -5.831213
-0.790283 -0.911621 -4.000000 -0.392086 -1.397934 -5.833824
-0.784058 -0.914429 -4.000000 -0.360995 -1.383931 -5.833350
-0.785522 -0.917236 -4.000000 -0.355298 -1.365419 -5.843318
-0.798218 -0.910156 -4.000000 -0.351976 -1.357112 -5.848777
-0.789063 -0.919312 -4.000000 -0.370488 -1.366368 -5.853523
-0.778809 -0.918701 -4.000000 -0.385678 -1.391051 -5.862542
-0.786133 -0.913452 -4.000000 -0.402529 -1.420482 -5.863729
-0.784790 -0.925659 -4.000000 -0.401342 -1.437333 -5.869188
-0.784302 -0.921143 -4.000000 -0.387814 -1.462016 -5.877257
