-0.783813 -0.918579 -4.000000 -0.395172 -1.155135 -5.951545
-0.784546 -0.914429 -4.000000 -0.340821 -1.218505 -5.982636
-0.785156 -0.917114 -4.000000 -0.324444 -1.242714 -5.991418
-0.791626 -0.918579 -4.000000 -0.301897 -1.242002 -5.964599
-0.781616 -0.920044 -4.000000 -0.288606 -1.219454 -5.935881
-0.787964 -0.919800 -4.000000 -0.267482 -1.204027 -5.942763
-0.784180 -0.919067 -4.000000 -0.238764 -1.234407 -5.950596
-0.780640 -0.920654 -4.000000 -0.205774 -1.302049 -5.953444
-0.786011 -0.914917 -4.000000 -0.158306 -1.364469 -5.948697
-0.788208 -0.913818 -4.000000 -0.086155 -1.418583 -5.933982
-0.783936 -0.915527 -4.000000 0.031329 -1.460829 -5.920454
-0.785645 -0.914917 -4.000000 0.154034 -1.473883 -5.883903
-0.787964 -0.914185 -4.000000 0.273891 -1.479579 -5.859457
-0.778198 -0.922241 -4.000000 0.382830 -1.509247 -5.823618
-0.781738 -0.914185 -4.000000 0.499601 -1.547933 -5.789916
-0.783325 -0.911987 -4.000000 0.549917 -1.598249 -5.805818
-0.790894 -0.915039 -4.000000 0.589791 -1.671588 -5.806293
-0.785156 -0.922729 -4.000000 0.637733 -1.767473 -5.781135
-0.785889 -0.917847 -4.000000 0.718904 -1.871191 -5.748382
-0.783936 -0.918091 -4.000000 0.822621 -1.960431 -5.697353
-0.785034 -0.919922 -4.000000 0.920880 -2.009323 -5.650835
-0.785889 -0.915283 -4.000000 1.013680 -2.008136 -5.629237
-0.780518 -0.913086 -4.000000 1.068981 -1.974196 -5.593161
-0.783691 -0.911743 -4.000000 1.118585 -1.875938 -5.576547
-0.782349 -0.919312 -4.000000 1.140183 -1.726888 -5.562307
-0.781494 -0.915161 -4.000000 1.139233 -1.588044 -5.572275
-0.785522 -0.917114 -4.000000 1.092477 -1.504975 -5.597908
-0.786377 -0.917236 -4.000000 0.983301 -1.481715 -5.618556
-0.786865 -0.915649 -4.000000 0.818112 -1.523962 -5.632085
-0.785645 -0.914429 -4.000000 0.633699 -1.631477 -5.643240
-0.783081 -0.920410 -4.000000 0.438605 -1.738755 -5.660091
-0.786743 -0.914185 -4.000000 0.225711 -1.801650 -5.690233
-0.775513 -0.917236 -4.000000 0.025158 -1.796666 -5.673857
-0.788330 -0.912964 -4.000000 -0.121993 -1.732109 -5.672195
-0.784302 -0.917969 -4.000000 -0.237578 -1.643344 -5.642291
-0.783447 -0.920044 -4.000000 -0.342719 -1.549832 -5.593636
-0.784912 -0.912720 -4.000000 -0.440504 -1.476731 -5.559934
-0.782715 -0.913574 -4.000000 -0.533304 -1.422380 -5.542608
-0.784668 -0.915649 -4.000000 -0.628952 -1.407665 -5.548779
-0.780396 -0.923584 -4.000000 -0.711309 -1.441842 -5.547592
-0.785767 -0.920044 -4.000000 -0.841609 -1.586620 -5.559459
-0.786865 -0.912109 -4.000000 -1.067794 -1.784324 -5.551389
-0.780884 -0.919922 -4.000000 -1.280926 -1.975146 -5.512703
-0.787842 -0.921875 -4.000000 -1.446114 -2.079576 -5.454792
-0.785522 -0.922119 -4.000000 -1.605844 -1.993658 -5.386200
-0.785889 -0.913818 -4.000000 -1.723802 -1.792394 -5.325441
-0.783936 -0.908813 -4.000000 -1.769847 -1.623170 -5.253053
-0.775024 -0.916870 -4.000000 -1.758217 -1.463440 -5.214366
-0.790527 -0.921753 -4.000000 -1.769135 -1.338125 -5.204873
-0.785645 -0.917603 -4.000000 -1.798802 -1.280451 -5.211993
-0.782593 -0.917725 -4.000000 -1.859561 -1.268821 -5.231217
-0.786743 -0.916260 -4.000000 -1.918896 -1.276179 -5.267293
-0.787964 -0.914307 -4.000000 -1.967076 -1.245799 -5.305505
-0.788208 -0.922729 -4.000000 -2.013832 -1.143268 -5.364603
-0.781494 -0.922607 -4.000000 -2.044212 -1.009646 -5.418242
-0.786133 -0.918091 -4.000000 -2.082186 -0.906403 -5.479475
-0.783081 -0.918335 -4.000000 -2.103072 -0.850153 -5.549253
-0.781982 -0.913940 -4.000000 -2.151252 -0.835912 -5.612623
-0.785400 -0.914917 -4.000000 -2.227439 -0.853713 -5.677180
-0.785034 -0.911987 -4.000000 -2.252834 -0.833776 -5.731768
-0.780151 -0.922852 -4.000000 -2.264226 -0.740976 -5.768793
-0.786743 -0.918091 -4.000000 -2.245951 -0.669774 -5.831451
-0.772705 -0.920410 -4.000000 -2.199907 -0.687812 -5.903602
-0.784424 -0.920898 -4.000000 -2.111617 -0.744536 -5.971482
-0.792480 -0.919434 -4.000000 -1.969212 -0.802447 -6.018950
-0.781494 -0.915527 -4.000000 -1.816128 -0.829267 -6.052652
-0.788818 -0.912842 -4.000000 -1.654499 -0.822147 -6.082319
-0.788696 -0.920044 -4.000000 -1.479817 -0.783935 -6.110563
-0.786987 -0.917847 -4.000000 -1.282824 -0.744062 -6.143079
-0.785645 -0.917847 -4.000000 -1.044060 -0.731957 -6.184138
-0.788086 -0.915405 -4.000000 -0.789631 -0.759252 -6.224961
-0.784180 -0.918823 -4.000000 -0.527133 -0.840659 -6.267445
-0.791138 -0.917358 -4.000000 -0.291929 -0.947462 -6.313963
-0.789795 -0.921875 -4.000000 -0.093749 -1.053554 -6.345530
-0.779175 -0.925537 -4.000000 0.094936 -1.145404 -6.363805
-0.782837 -0.916504 -4.000000 0.277688 -1.247460 -6.383742
-0.787231 -0.918701 -4.000000 0.409649 -1.414548 -6.417444
-0.790894 -0.916992 -4.000000 0.425551 -1.655448 -6.438805
-0.787231 -0.923096 -4.000000 0.416295 -1.886381 -6.467760
-0.783203 -0.919434 -4.000000 0.497940 -1.958769 -6.473219
-0.782837 -0.912598 -4.000000 0.675233 -1.919371 -6.440466
-0.784912 -0.916016 -4.000000 0.862020 -1.813042 -6.388963
-0.781494 -0.919922 -4.000000 1.025073 -1.646192 -6.339359
-0.782837 -0.922607 -4.000000 1.158695 -1.506161 -6.321084
-0.781250 -0.920166 -4.000000 1.201179 -1.440181 -6.327492
-0.785400 -0.919434 -4.000000 1.179819 -1.462728 -6.329154
-0.786133 -0.921997 -4.000000 1.123094 -1.510434 -6.290467
-0.785278 -0.916748 -4.000000 1.052842 -1.542475 -6.255341
-0.786743 -0.911499 -4.000000 0.987098 -1.571905 -6.228046
-0.777466 -0.916626 -4.000000 0.937731 -1.600148 -6.196243
-0.781250 -0.912842 -4.000000 0.857985 -1.618898 -6.165863
-0.788940 -0.923706 -4.000000 0.750945 -1.613439 -6.111038
-0.787231 -0.916870 -4.000000 0.652686 -1.570718 -6.055500
-0.786011 -0.918579 -4.000000 0.582670 -1.502839 -5.989757
-0.775757 -0.921509 -4.000000 0.516215 -1.415497 -5.932321
-0.779541 -0.915405 -4.000000 0.452371 -1.340261 -5.867527
-0.786133 -0.919678 -4.000000 0.360045 -1.290894 -5.794900
-0.785889 -0.917114 -4.000000 0.241375 -1.280213 -5.726309
-0.785645 -0.914551 -4.000000 0.109651 -1.333852 -5.674569
-0.781982 -0.921143 -4.000000 -0.060047 -1.418583 -5.606927
-0.787476 -0.920166 -4.000000 -0.199603 -1.514706 -5.548779
-0.781860 -0.917236 -4.000000 -0.306406 -1.573566 -5.469270
-0.783569 -0.916016 -4.000000 -0.359571 -1.555766 -5.388574
-0.784302 -0.916504 -4.000000 -0.331802 -1.463915 -5.287704
-0.778687 -0.916504 -4.000000 -0.224287 -1.363995 -5.193243
-0.788940 -0.922607 -4.000000 -0.134809 -1.244612 -5.109699
-0.787231 -0.921387 -4.000000 -0.098496 -1.179107 -5.036598
-0.785156 -0.919189 -4.000000 -0.121281 -1.172224 -4.973228
-0.780640 -0.906372 -4.000000 -0.171360 -1.204027 -4.923624
-0.780029 -0.917725 -4.000000 -0.239239 -1.267397 -4.865951
-0.776245 -0.916138 -4.000000 -0.289318 -1.325071 -4.824416
-0.786377 -0.913696 -4.000000 -0.270805 -1.352840 -4.812549
-0.778320 -0.915405 -4.000000 -0.249682 -1.347143 -4.798546
-0.777710 -0.916870 -4.000000 -0.221201 -1.293267 -4.774574
-0.789795 -0.916382 -4.000000 -0.211233 -1.190024 -4.738024
-0.783936 -0.917969 -4.000000 -0.192008 -1.094376 -4.741584
-0.785767 -0.916016 -4.000000 -0.196043 -1.081085 -4.766505
-0.793213 -0.914673 -4.000000 -0.262024 -1.159407 -4.791900
-0.780762 -0.916138 -4.000000 -0.327292 -1.270008 -4.804242
-0.782715 -0.918823 -4.000000 -0.411073 -1.325308 -4.829875
-0.783936 -0.923340 -4.000000 -0.639157 -1.283299 -4.846251
-0.784912 -0.913330 -4.000000 -0.833302 -1.430450 -4.906536
-0.786011 -0.913818 -4.000000 -0.834014 -1.418820 -5.067452
-0.786011 -0.921387 -4.000000 -0.724600 -1.283536 -5.090000
-0.779053 -0.916016 -4.000000 -0.581246 -1.104107 -5.202974
-0.778931 -0.918701 -4.000000 -0.529269 -1.026497 -5.259935
-0.781616 -0.912109 -4.000000 -0.486548 -1.102683 -5.318558
-0.780762 -0.919067 -4.000000 -0.460678 -1.235831 -5.373621
-0.784912 -0.925537 -4.000000 -0.482038 -1.357824 -5.391422
-0.784668 -0.913696 -4.000000 -0.520725 -1.446589 -5.422513
-0.780884 -0.917358 -4.000000 -0.523810 -1.476731 -5.462624
-0.789063 -0.917603 -4.000000 -0.524997 -1.466763 -5.493716
-0.782227 -0.917969 -4.000000 -0.529032 -1.458931 -5.527418
-0.784180 -0.916382 -4.000000 -0.497703 -1.428789 -5.567291
-0.781738 -0.916870 -4.000000 -0.474443 -1.414311 -5.578446
-0.786865 -0.923950 -4.000000 -0.487972 -1.422855 -5.581769
-0.786865 -0.917969 -4.000000 -0.501025 -1.434010 -5.598620
-0.780029 -0.921631 -4.000000 -0.499364 -1.437095 -5.610013
-0.780762 -0.921509 -4.000000 -0.480851 -1.409801 -5.630898
-0.778809 -0.915894 -4.000000 -0.453557 -1.350941 -5.652496
-0.782715 -0.920898 -4.000000 -0.425076 -1.278315 -5.671958
-0.782227 -0.918457 -4.000000 -0.413209 -1.248173 -5.696641
-0.777100 -0.912598 -4.000000 -0.439080 -1.253394 -5.714917
-0.791626 -0.918945 -4.000000 -0.474443 -1.275941 -5.734853
-0.790771 -0.914063 -4.000000 -0.488209 -1.292081 -5.772828
-0.779419 -0.916870 -4.000000 -0.479902 -1.310118 -5.798223
-0.782959 -0.912476 -4.000000 -0.465424 -1.345007 -5.827178
-0.788452 -0.920044 -4.000000 -0.444301 -1.408852 -5.831213
-0.786255 -0.921997 -4.000000 -0.426500 -1.455371 -5.833350
-0.784302 -0.918457 -4.000000 -0.401817 -1.477681 -5.824805
