-0.785522 -0.918823 -4.000000 -0.050553 -1.464627 -5.888887
-0.789063 -0.912354 -4.000000 0.072626 -1.443741 -5.837859
-0.787109 -0.921631 -4.000000 0.142404 -1.429026 -5.766419
-0.789673 -0.914673 -4.000000 0.163527 -1.393899 -5.701151
-0.783081 -0.917480 -4.000000 0.210046 -1.350704 -5.661990
-0.780884 -0.917480 -4.000000 0.265584 -1.317951 -5.653208
-0.776123 -0.915039 -4.000000 0.270805 -1.323172 -5.647275
-0.783936 -0.919067 -4.000000 0.259413 -1.345957 -5.634933
-0.781616 -0.913452 -4.000000 0.248970 -1.357112 -5.600281
-0.789063 -0.918579 -4.000000 0.277925 -1.357586 -5.560646
-0.786377 -0.916260 -4.000000 0.371438 -1.326970 -5.517924
-0.790527 -0.916748 -4.000000 0.420567 -1.320799 -5.491817
-0.783691 -0.912598 -4.000000 0.446437 -1.366843 -5.440314
-0.773926 -0.914795 -4.000000 0.417956 -1.436858 -5.396643
-0.782227 -0.920776 -4.000000 0.289318 -1.499041 -5.324729
-0.780884 -0.915039 -4.000000 0.165426 -1.527522 -5.245458
-0.780762 -0.915771 -4.000000 0.086392 -1.530845 -5.173543
-0.780640 -0.912598 -4.000000 0.074762 -1.523487 -5.112547
-0.780396 -0.913696 -4.000000 0.090189 -1.514231 -5.082880
-0.783691 -0.906006 -4.000000 0.115110 -1.535829 -5.065554
-0.781006 -0.919434 -4.000000 0.107515 -1.581636 -5.008117
-0.783569 -0.919312 -4.000000 0.059572 -1.626968 -4.975127
-0.784180 -0.917969 -4.000000 -0.011630 -1.633851 -4.977263
-0.794434 -0.915894 -4.000000 -0.086629 -1.618661 -4.989842
-0.782104 -0.916138 -4.000000 -0.187024 -1.634800 -5.022120
-0.774536 -0.914185 -4.000000 -0.317087 -1.678233 -5.065554
-0.787109 -0.920044 -4.000000 -0.512180 -1.735907 -5.115395
-0.781006 -0.921265 -4.000000 -0.725549 -1.762252 -5.179477
-0.788574 -0.915894 -4.000000 -0.918982 -1.743264 -5.241660
-0.780640 -0.911255 -4.000000 -1.062572 -1.708613 -5.242610
-0.781006 -0.915527 -4.000000 -1.130452 -1.649990 -5.169271
-0.785645 -0.921387 -4.000000 -1.154186 -1.562411 -5.088101
-0.788330 -0.914917 -4.000000 -1.172936 -1.553867 -5.022832
-0.783203 -0.922241 -4.000000 -1.148490 -1.607268 -5.006693
-0.781006 -0.920532 -4.000000 -1.202603 -1.593503 -4.981772
-0.787476 -0.918945 -4.000000 -1.288046 -1.585433 -4.956140
-0.780640 -0.916992 -4.000000 -1.350704 -1.530370 -4.923862
-0.779297 -0.917480 -4.000000 -1.402918 -1.433298 -4.958988
-0.779297 -0.912354 -4.000000 -1.577363 -1.258378 -5.021409
-0.790283 -0.917480 -4.000000 -1.885194 -0.987573 -5.172357
-0.776611 -0.915771 -4.000000 -2.155287 -0.722938 -5.380979
-0.788086 -0.913208 -4.000000 -2.452437 -0.596436 -5.595772
-0.786011 -0.918213 -4.000000 -2.729176 -0.633699 -5.824093
-0.789429 -0.919922 -4.000000 -2.858526 -0.823571 -5.987146
-0.782959 -0.924927 -4.000000 -2.837641 -1.067794 -6.097034
-0.785400 -0.911377 -4.000000 -2.677436 -1.225151 -6.188173
-0.785889 -0.919189 -4.000000 -2.464541 -1.232983 -6.224011
-0.782349 -0.913330 -4.000000 -2.269922 -1.126417 -6.221401
-0.780518 -0.915771 -4.000000 -2.085984 -0.961228 -6.188173
-0.785278 -0.919312 -4.000000 -1.930526 -0.816451 -6.168711
-0.780151 -0.917236 -4.000000 -1.816365 -0.751894 -6.170847
-0.784790 -0.916382 -4.000000 -1.756318 -0.740739 -6.201702
-0.788208 -0.915039 -4.000000 -1.780290 -0.731483 -6.263885
-0.789185 -0.915161 -4.000000 -1.843897 -0.739078 -6.333188
-0.790649 -0.919800 -4.000000 -1.868105 -0.804584 -6.435719
-0.781860 -0.921143 -4.000000 -1.821587 -0.921355 -6.568155
-0.786865 -0.920410 -4.000000 -1.683692 -1.047383 -6.671636
-0.784302 -0.920898 -4.000000 -1.466288 -1.141607 -6.730496
-0.786499 -0.915771 -4.000000 -1.213284 -1.178869 -6.728360
-0.788330 -0.916992 -4.000000 -0.956956 -1.169613 -6.704151
-0.792847 -0.914063 -4.000000 -0.686151 -1.179107 -6.671636
-0.784302 -0.918457 -4.000000 -0.431010 -1.192635 -6.644341
-0.792969 -0.918091 -4.000000 -0.230220 -1.204977 -6.642917
-0.783936 -0.921387 -4.000000 -0.053876 -1.265498 -6.636271
-0.785034 -0.917725 -4.000000 0.075712 -1.379659 -6.648376
-0.783813 -0.914673 -4.000000 0.161629 -1.508772 -6.664990
-0.786499 -0.915771 -4.000000 0.239476 -1.649515 -6.661430
-0.780762 -0.912109 -4.000000 0.315425 -1.773644 -6.664515
-0.779785 -0.915771 -4.000000 0.385915 -1.826334 -6.640069
-0.783447 -0.910645 -4.000000 0.460678 -1.828232 -6.604468
-0.786255 -0.918213 -4.000000 0.540661 -1.827995 -6.547032
-0.783203 -0.916504 -4.000000 0.615423 -1.841761 -6.501225
-0.785522 -0.922241 -4.000000 0.680455 -1.847457 -6.491019
-0.788452 -0.923340 -4.000000 0.714157 -1.859561 -6.491969
-0.784546 -0.917480 -4.000000 0.751419 -1.856950 -6.496953
-0.781738 -0.916016 -4.000000 0.759964 -1.835115 -6.497665
-0.782104 -0.920288 -4.000000 0.749758 -1.846033 -6.492681
-0.785156 -0.916138 -4.000000 0.710122 -1.888042 -6.476067
-0.783325 -0.914917 -4.000000 0.695407 -1.899197 -6.431684
-0.788330 -0.916992 -4.000000 0.727211 -1.844134 -6.383267
-0.777466 -0.918091 -4.000000 0.809093 -1.704103 -6.310166
-0.789917 -0.919922 -4.000000 0.908064 -1.533693 -6.239913
-0.782349 -0.918091 -4.000000 1.003949 -1.405054 -6.123854
-0.791504 -0.921143 -4.000000 1.045484 -1.370165 -6.007082
-0.780518 -0.920654 -4.000000 0.970247 -1.407191 -5.898143
-0.785400 -0.915771 -4.000000 0.772068 -1.430212 -5.819584
-0.788208 -0.921265 -4.000000 0.479190 -1.439706 -5.762385
-0.786255 -0.921387 -4.000000 0.253242 -1.378947 -5.671246
-0.791748 -0.921021 -4.000000 0.148575 -1.241052 -5.569190
-0.791382 -0.921631 -4.000000 0.123417 -1.122620 -5.475203
-0.778076 -0.917969 -4.000000 0.056487 -1.094376 -5.380742
-0.783569 -0.919189 -4.000000 -0.038212 -1.224439 -5.271091
-0.790894 -0.922852 -4.000000 -0.093275 -1.487886 -5.147436
-0.781250 -0.922363 -4.000000 -0.100158 -1.715496 -5.012864
-0.786499 -0.919922 -4.000000 -0.029430 -1.796191 -4.866425
-0.780762 -0.924072 -4.000000 0.142167 -1.795479 -4.758910
-0.773438 -0.918091 -4.000000 0.246122 -1.760116 -4.656142
-0.785278 -0.917969 -4.000000 0.198416 -1.658297 -4.562155
-0.786621 -0.920654 -4.000000 0.125316 -1.537253 -4.461048
-0.787720 -0.923462 -4.000000 0.058860 -1.547459 -4.418564
-0.785400 -0.917114 -4.000000 -0.088765 -1.661619 -4.386048
-0.778198 -0.923340 -4.000000 -0.263210 -1.658771 -4.314609
-0.786011 -0.915527 -4.000000 -0.267482 -1.420482 -4.194040
-0.780029 -0.914307 -4.000000 -0.114398 -1.089392 -4.118804
-0.787476 -0.915527 -4.000000 -0.007358 -0.813840 -4.133281
-0.790283 -0.916748 -4.000000 -0.004272 -0.716768 -4.235812
-0.784058 -0.917480 -4.000000 -0.181803 -0.848254 -4.408833
-0.785400 -0.917847 -4.000000 -0.469934 -1.110515 -4.546491
-0.785156 -0.921021 -4.000000 -0.701341 -1.250309 -4.652344
-0.783691 -0.919800 -4.000000 -0.605218 -1.371352 -4.625999
-0.781128 -0.922363 -4.000000 -0.713445 -1.264074 -4.907011
-0.776001 -0.919678 -4.000000 -0.761388 -1.225625 -5.079794
-0.778320 -0.917725 -4.000000 -0.637021 -0.978079 -5.152183
-0.794189 -0.912842 -4.000000 -0.312815 -0.726973 -5.292213
-0.783569 -0.914795 -4.000000 -0.219540 -0.611863 -5.379318
-0.784302 -0.921631 -4.000000 -0.360757 -0.571753 -5.467371
-0.788574 -0.918091 -4.000000 -0.470646 -0.715106 -5.574411
-0.786133 -0.913696 -4.000000 -0.578873 -0.913523 -5.663888
-0.782471 -0.911743 -4.000000 -0.723413 -1.064946 -5.789916
-0.778198 -0.919189 -4.000000 -0.846830 -1.191448 -5.897669
-0.785522 -0.910522 -4.000000 -0.887178 -1.292318 -5.991893
-0.786133 -0.915527 -4.000000 -0.846593 -1.389865 -6.071165
-0.788330 -0.917603 -4.000000 -0.819773 -1.533456 -6.129313
-0.783203 -0.912476 -4.000000 -0.790581 -1.640021 -6.146876
-0.780640 -0.918579 -4.000000 -0.758065 -1.640259 -6.083269
-0.786743 -0.917969 -4.000000 -0.688524 -1.536778 -5.975516
-0.786011 -0.916382 -4.000000 -0.529981 -1.357824 -5.879868
-0.784668 -0.920166 -4.000000 -0.337498 -1.224913 -5.809853
-0.783447 -0.917480 -4.000000 -0.256802 -1.181005 -5.800597
-0.789063 -0.917603 -4.000000 -0.256565 -1.197144 -5.810802
-0.789307 -0.921387 -4.000000 -0.316137 -1.264074 -5.834774
-0.795166 -0.916016 -4.000000 -0.370963 -1.378235 -5.877257
-0.782471 -0.918701 -4.000000 -0.446437 -1.491684 -5.919267
-0.791138 -0.916626 -4.000000 -0.539712 -1.566683 -5.947510
-0.788940 -0.923828 -4.000000 -0.640107 -1.631477 -5.954868
-0.785400 -0.919800 -4.000000 -0.625629 -1.634562 -5.919979
-0.789795 -0.920288 -4.000000 -0.528794 -1.573329 -5.876783
-0.778931 -0.916504 -4.000000 -0.425551 -1.475782 -5.803682
-0.794434 -0.922729 -4.000000 -0.322071 -1.367080 -5.734616
-0.780518 -0.913696 -4.000000 -0.240188 -1.272619 -5.697353
-0.786255 -0.918579 -4.000000 -0.223337 -1.246274 -5.690945
-0.780640 -0.911987 -4.000000 -0.271992 -1.290656 -5.714442
-0.780518 -0.919922 -4.000000 -0.349365 -1.362571 -5.748619
-0.779419 -0.917969 -4.000000 -0.402766 -1.408377 -5.763571
-0.784790 -0.918823 -4.000000 -0.401342 -1.402918 -5.765945
-0.784302 -0.921997 -4.000000 -0.364317 -1.357824 -5.760011
-0.786133 -0.916260 -4.000000 -0.328954 -1.285198 -5.755739
-0.785156 -0.916992 -4.000000 -0.317799 -1.245087 -5.741736
-0.785522 -0.924072 -4.000000 -0.314239 -1.189787 -5.736515
-0.788818 -0.914063 -4.000000 -0.299761 -1.098173 -5.719901
