-0.784668 -0.917236 -4.000000 -0.215030 -1.438519 -5.686673
-0.779785 -0.918213 -4.000000 -0.150474 -1.451810 -5.669585
-0.787231 -0.919678 -4.000000 -0.096835 -1.425940 -5.669347
-0.786255 -0.920288 -4.000000 -0.074762 -1.417159 -5.664363
-0.786865 -0.921875 -4.000000 -0.085443 -1.420007 -5.660091
-0.780884 -0.914063 -4.000000 -0.139556 -1.399121 -5.688809
-0.782837 -0.916626 -4.000000 -0.164477 -1.344058 -5.710645
-0.788940 -0.917480 -4.000000 -0.165901 -1.344058 -5.728920
-0.787354 -0.918335 -4.000000 -0.179192 -1.382745 -5.740075
-0.784180 -0.919434 -4.000000 -0.186075 -1.443978 -5.763809
-0.782104 -0.918213 -4.000000 -0.241375 -1.522063 -5.815786
-0.777222 -0.914673 -4.000000 -0.303796 -1.594215 -5.882716
-0.789063 -0.924194 -4.000000 -0.355061 -1.641683 -5.972906
-0.787598 -0.919800 -4.000000 -0.392086 -1.663043 -6.074725
-0.785889 -0.915894 -4.000000 -0.394697 -1.652126 -6.188648
-0.784912 -0.915771 -4.000000 -0.409887 -1.646667 -6.290942
-0.790527 -0.917969 -4.000000 -0.441453 -1.683217 -6.414121
-0.781372 -0.917847 -4.000000 -0.490345 -1.749673 -6.527332
-0.786743 -0.915894 -4.000000 -0.514079 -1.826571 -6.622506
-0.784912 -0.915527 -4.000000 -0.518826 -1.887567 -6.684689
-0.777710 -0.914795 -4.000000 -0.541848 -1.899909 -6.735480
-0.783203 -0.920654 -4.000000 -0.528794 -1.868817 -6.775828
-0.781616 -0.920532 -4.000000 -0.503399 -1.836539 -6.782711
-0.783203 -0.916016 -4.000000 -0.504823 -1.797378 -6.780337
-0.783691 -0.913208 -4.000000 -0.476342 -1.739704 -6.738565
-0.778931 -0.917725 -4.000000 -0.426975 -1.699356 -6.715781
-0.787720 -0.914063 -4.000000 -0.399681 -1.670638 -6.699404
-0.788696 -0.916870 -4.000000 -0.400393 -1.616525 -6.681841
-0.780884 -0.916138 -4.000000 -0.441690 -1.529895 -6.622981
-0.779785 -0.914795 -4.000000 -0.513367 -1.424754 -6.556763
-0.783569 -0.918701 -4.000000 -0.609015 -1.328868 -6.487697
-0.779541 -0.913696 -4.000000 -0.693746 -1.323647 -6.452333
-0.781860 -0.918457 -4.000000 -0.748809 -1.337650 -6.425276
-0.784424 -0.916748 -4.000000 -0.800311 -1.351653 -6.390150
-0.775635 -0.917725 -4.000000 -0.834014 -1.381320 -6.356210
-0.784424 -0.919556 -4.000000 -0.885042 -1.424042 -6.341495
-0.783081 -0.916382 -4.000000 -0.937257 -1.463678 -6.323932
-0.788208 -0.917358 -4.000000 -0.992082 -1.505212 -6.297824
-0.780884 -0.917847 -4.000000 -1.026022 -1.532981 -6.263410
-0.786743 -0.916382 -4.000000 -1.032430 -1.552443 -6.221401
-0.785156 -0.918457 -4.000000 -1.019614 -1.565971 -6.163727
-0.785645 -0.917480 -4.000000 -0.982114 -1.549832 -6.111038
-0.786255 -0.917847 -4.000000 -0.942953 -1.514468 -6.061908
-0.782227 -0.915894 -4.000000 -0.901418 -1.457269 -6.023222
-0.781982 -0.921021 -4.000000 -0.863919 -1.405766 -5.995453
-0.786377 -0.918213 -4.000000 -0.850628 -1.382270 -5.948460
-0.791016 -0.918213 -4.000000 -0.852764 -1.399596 -5.917605
-0.784546 -0.915527 -4.000000 -0.885042 -1.434722 -5.868476
-0.785400 -0.920532 -4.000000 -0.926576 -1.461067 -5.815074
-0.785278 -0.913086 -4.000000 -0.950548 -1.462965 -5.769742
-0.786865 -0.922974 -4.000000 -0.946750 -1.438282 -5.728445
-0.787109 -0.923218 -4.000000 -0.970959 -1.416921 -5.703762
-0.780762 -0.919556 -4.000000 -1.032193 -1.454421 -5.680502
-0.785767 -0.918823 -4.000000 -1.123806 -1.593740 -5.684537
-0.787476 -0.915649 -4.000000 -1.246511 -1.741366 -5.671484
-0.786987 -0.920166 -4.000000 -1.295641 -1.814704 -5.650123
-0.785522 -0.911865 -4.000000 -1.230847 -1.776017 -5.598145
-0.785767 -0.917480 -4.000000 -1.102683 -1.651651 -5.540472
-0.786743 -0.914429 -4.000000 -0.906403 -1.509009 -5.482323
-0.794678 -0.916748 -4.000000 -0.718904 -1.420007 -5.461437
-0.786255 -0.921875 -4.000000 -0.553715 -1.408140 -5.449096
-0.780640 -0.922852 -4.000000 -0.414159 -1.429263 -5.443874
-0.780640 -0.920654 -4.000000 -0.301422 -1.416447 -5.426785
-0.788330 -0.923706 -4.000000 -0.226423 -1.348330 -5.408510
-0.781494 -0.921387 -4.000000 -0.201265 -1.245324 -5.384302
-0.787598 -0.917480 -4.000000 -0.223337 -1.167477 -5.381216
-0.782104 -0.917114 -4.000000 -0.280536 -1.158221 -5.384539
-0.782715 -0.915283 -4.000000 -0.355298 -1.226575 -5.387624
-0.784302 -0.918213 -4.000000 -0.409887 -1.368979 -5.404476
-0.787231 -0.921509 -4.000000 -0.403241 -1.495481 -5.409223
-0.783691 -0.920044 -4.000000 -0.333700 -1.532032 -5.385489
-0.783325 -0.918091 -4.000000 -0.183227 -1.491921 -5.349175
-0.777954 -0.917358 -4.000000 0.004035 -1.359010 -5.307641
-0.788330 -0.918823 -4.000000 0.200790 -1.196195 -5.278685
-0.786743 -0.918213 -4.000000 0.388051 -1.070405 -5.268717
-0.788940 -0.915527 -4.000000 0.529743 -1.024123 -5.284856
-0.785156 -0.913818 -4.000000 0.609965 -1.055927 -5.307166
-0.785156 -0.916992 -4.000000 0.670961 -1.146354 -5.340631
-0.784546 -0.916382 -4.000000 0.672148 -1.222065 -5.379555
-0.779419 -0.920166 -4.000000 0.691372 -1.373488 -5.424412
-0.780029 -0.918091 -4.000000 0.754742 -1.506636 -5.478051
-0.784546 -0.919678 -4.000000 0.813128 -1.529421 -5.514127
-0.790405 -0.913818 -4.000000 0.899282 -1.504025 -5.543320
-0.781616 -0.917114 -4.000000 0.998016 -1.477443 -5.583193
-0.783325 -0.914185 -4.000000 1.055690 -1.457507 -5.598620
-0.785400 -0.919434 -4.000000 1.095325 -1.416921 -5.628287
-0.786743 -0.918701 -4.000000 1.127129 -1.400308 -5.650360
-0.782227 -0.915527 -4.000000 1.152999 -1.385830 -5.684062
-0.784180 -0.913574 -4.000000 1.143031 -1.399358 -5.717527
-0.786499 -0.915649 -4.000000 1.079898 -1.431637 -5.768081
-0.786987 -0.921265 -4.000000 0.944140 -1.478867 -5.818872
-0.780884 -0.919678 -4.000000 0.768033 -1.533930 -5.880343
-0.781128 -0.922974 -4.000000 0.570566 -1.551019 -5.950833
-0.784668 -0.919800 -4.000000 0.389475 -1.573329 -5.980738
-0.779663 -0.927368 -4.000000 0.270331 -1.583772 -6.027019
-0.785522 -0.920532 -4.000000 0.213606 -1.629816 -6.046006
-0.782837 -0.916138 -4.000000 0.183939 -1.695322 -6.038886
-0.784546 -0.920898 -4.000000 0.138369 -1.783612 -6.013016
-0.774048 -0.918701 -4.000000 0.114161 -1.837251 -6.002573
-0.783936 -0.918457 -4.000000 0.136471 -1.789308 -5.990706
-0.785156 -0.919922 -4.000000 0.213844 -1.670401 -5.982399
-0.786011 -0.923706 -4.000000 0.295726 -1.560750 -5.963412
-0.783936 -0.920898 -4.000000 0.306406 -1.480766 -5.949409
-0.776367 -0.922607 -4.000000 0.245885 -1.436621 -5.947510
-0.780884 -0.909180 -4.000000 0.178717 -1.417634 -5.924963
-0.780640 -0.917603 -4.000000 0.117958 -1.443029 -5.913333
-0.784180 -0.912231 -4.000000 0.038924 -1.479105 -5.887463
-0.789673 -0.918457 -4.000000 -0.078322 -1.487412 -5.888650
-0.787354 -0.927246 -4.000000 -0.197704 -1.503788 -5.871087
-0.778931 -0.919312 -4.000000 -0.309492 -1.515892 -5.848777
-0.792725 -0.918945 -4.000000 -0.438605 -1.535829 -5.839520
-0.788208 -0.913696 -4.000000 -0.568430 -1.551493 -5.823856
-0.783447 -0.915161 -4.000000 -0.689948 -1.577601 -5.816498
-0.786377 -0.922363 -4.000000 -0.781324 -1.600148 -5.780185
-0.789673 -0.919434 -4.000000 -0.855612 -1.636936 -5.732717
-0.780884 -0.915894 -4.000000 -0.916608 -1.657110 -5.693793
-0.783325 -0.920532 -4.000000 -0.945801 -1.660670 -5.641104
-0.792236 -0.921265 -4.000000 -0.938681 -1.649990 -5.578683
-0.784424 -0.912598 -4.000000 -0.916134 -1.616999 -5.513889
-0.788452 -0.915894 -4.000000 -0.871514 -1.574515 -5.429396
-0.781372 -0.914307 -4.000000 -0.822621 -1.514943 -5.355584
-0.782227 -0.922729 -4.000000 -0.762812 -1.447538 -5.264920
-0.780029 -0.914063 -4.000000 -0.723413 -1.374200 -5.209857
-0.782715 -0.925537 -4.000000 -0.746198 -1.383219 -5.174730
-0.784546 -0.922485 -4.000000 -0.800786 -1.494769 -5.142689
-0.780762 -0.916016 -4.000000 -0.899757 -1.695559 -5.142927
-0.782837 -0.916748 -4.000000 -1.012731 -1.951887 -5.139841
-0.781250 -0.916870 -4.000000 -1.094851 -2.197771 -5.114921
-0.785400 -0.922241 -4.000000 -1.179581 -2.365571 -5.064130
-0.783691 -0.910034 -4.000000 -1.244138 -2.397849 -5.008592
-0.779907 -0.917725 -4.000000 -1.275704 -2.319052 -4.948070
-0.793701 -0.913330 -4.000000 -1.297539 -2.195160 -4.909621
-0.785400 -0.920532 -4.000000 -1.336226 -2.037804 -4.892770
-0.782349 -0.916870 -4.000000 -1.396273 -1.894213 -4.898941
-0.778931 -0.919189 -4.000000 -1.441842 -1.709562 -4.960175
-0.789429 -0.919434 -4.000000 -1.365181 -1.502364 -5.067927
-0.787720 -0.917847 -4.000000 -1.251733 -1.396036 -5.193243
-0.784546 -0.910522 -4.000000 -1.158221 -1.434959 -5.294350
-0.786743 -0.925537 -4.000000 -1.112414 -1.511858 -5.335410
-0.789551 -0.915527 -4.000000 -1.003949 -1.467712 -5.382403
-0.787109 -0.920166 -4.000000 -0.934409 -1.226812 -5.299097
-0.784668 -0.920776 -4.000000 -0.685913 -1.003000 -5.311913
-0.787231 -0.918945 -4.000000 -0.527607 -0.731483 -5.342767
-0.788452 -0.920654 -4.000000 -0.392086 -0.618034 -5.413257
-0.786133 -0.919800 -4.000000 -0.318985 -0.612575 -5.476390
-0.778564 -0.917358 -4.000000 -0.320409 -0.673809 -5.512465
-0.793579 -0.919800 -4.000000 -0.321596 -0.823808 -5.544269
-0.790283 -0.917969 -4.000000 -0.378558 -0.933222 -5.557560
-0.781860 -0.919556 -4.000000 -0.443589 -1.118822 -5.572513
-0.789185 -0.915894 -4.000000 -0.485836 -1.289707 -5.605266
