-0.787231 -0.911865 -4.000000 -0.328954 -1.551493 -5.718952
-0.783325 -0.914551 -4.000000 -0.295963 -1.481241 -5.711594
-0.779907 -0.920166 -4.000000 -0.283147 -1.423804 -5.704237
-0.781006 -0.921509 -4.000000 -0.257989 -1.400782 -5.706372
-0.775513 -0.914917 -4.000000 -0.226423 -1.375624 -5.696404
-0.787720 -0.917358 -4.000000 -0.190110 -1.374200 -5.712543
-0.787964 -0.921265 -4.000000 -0.183227 -1.388441 -5.726309
-0.786621 -0.924316 -4.000000 -0.182515 -1.421906 -5.742448
-0.782104 -0.914673 -4.000000 -0.166138 -1.475070 -5.771166
-0.781494 -0.916870 -4.000000 -0.172309 -1.517079 -5.837622
-0.779297 -0.925415 -4.000000 -0.192246 -1.565971 -5.883903
-0.785522 -0.921997 -4.000000 -0.222151 -1.605607 -5.941339
-0.783325 -0.915527 -4.000000 -0.257514 -1.621984 -6.016814
-0.783936 -0.920898 -4.000000 -0.314713 -1.610116 -6.122905
-0.781372 -0.917969 -4.000000 -0.361707 -1.603708 -6.237303
-0.790283 -0.916626 -4.000000 -0.386865 -1.626968 -6.367840
-0.784058 -0.915649 -4.000000 -0.398969 -1.683217 -6.472507
-0.789185 -0.919922 -4.000000 -0.410361 -1.725464 -6.542759
-0.784668 -0.917847 -4.000000 -0.403241 -1.741128 -6.620370
-0.783569 -0.920410 -4.000000 -0.418906 -1.723802 -6.645528
-0.787231 -0.916870 -4.000000 -0.461627 -1.701730 -6.655734
-0.782227 -0.915771 -4.000000 -0.504348 -1.699594 -6.661430
-0.783203 -0.922485 -4.000000 -0.543272 -1.734720 -6.661430
-0.776367 -0.916382 -4.000000 -0.562734 -1.768897 -6.659294
-0.788086 -0.920654 -4.000000 -0.583857 -1.792156 -6.662854
-0.781006 -0.921509 -4.000000 -0.597148 -1.778865 -6.669262
-0.784302 -0.927368 -4.000000 -0.612813 -1.758454 -6.657395
-0.782227 -0.919678 -4.000000 -0.634648 -1.724040 -6.633186
-0.789307 -0.917358 -4.000000 -0.659569 -1.645480 -6.591177
-0.786499 -0.913452 -4.000000 -0.667876 -1.546984 -6.526146
-0.777588 -0.919678 -4.000000 -0.660518 -1.473171 -6.454469
-0.788208 -0.915527 -4.000000 -0.666926 -1.422143 -6.386115
-0.785645 -0.923340 -4.000000 -0.663366 -1.409327 -6.297824
-0.778687 -0.923462 -4.000000 -0.724600 -1.375387 -6.282160
-0.782471 -0.916260 -4.000000 -0.812178 -1.352602 -6.258663
-0.791504 -0.922974 -4.000000 -0.900232 -1.325546 -6.231606
-0.791992 -0.921753 -4.000000 -0.975706 -1.297777 -6.205499
-0.781372 -0.916382 -4.000000 -1.053554 -1.280213 -6.191971
-0.786255 -0.920288 -4.000000 -1.117161 -1.271195 -6.176306
-0.776245 -0.916626 -4.000000 -1.163442 -1.275467 -6.162066
-0.781006 -0.914917 -4.000000 -1.221828 -1.291131 -6.148775
-0.783936 -0.919678 -4.000000 -1.275229 -1.303473 -6.112225
-0.783691 -0.924683 -4.000000 -1.315814 -1.318900 -6.069978
-0.784302 -0.918579 -4.000000 -1.346431 -1.331479 -6.041497
-0.788330 -0.919312 -4.000000 -1.370165 -1.353077 -5.999488
-0.781372 -0.924438 -4.000000 -1.369453 -1.363520 -5.964836
-0.786011 -0.920654 -4.000000 -1.354501 -1.359010 -5.913333
-0.784424 -0.917969 -4.000000 -1.345957 -1.350941 -5.867527
-0.784546 -0.915405 -4.000000 -1.342159 -1.314153 -5.838571
-0.790527 -0.913208 -4.000000 -1.338125 -1.244850 -5.789442
-0.790283 -0.915649 -4.000000 -1.331716 -1.163205 -5.752417
-0.783813 -0.921875 -4.000000 -1.353789 -1.070405 -5.718239
-0.787231 -0.914917 -4.000000 -1.403393 -1.017715 -5.682876
-0.783325 -0.915527 -4.000000 -1.440181 -1.042399 -5.649886
-0.787354 -0.918701 -4.000000 -1.478155 -1.099123 -5.614047
-0.785156 -0.921509 -4.000000 -1.523725 -1.149202 -5.596484
-0.787720 -0.912598 -4.000000 -1.556240 -1.195008 -5.598857
-0.789063 -0.918335 -4.000000 -1.577838 -1.252445 -5.589127
-0.785522 -0.918457 -4.000000 -1.579500 -1.327919 -5.568003
-0.784180 -0.924072 -4.000000 -1.514468 -1.413361 -5.556136
-0.784790 -0.919556 -4.000000 -1.393662 -1.507348 -5.533351
-0.783813 -0.917480 -4.000000 -1.228473 -1.609642 -5.522671
-0.788696 -0.922729 -4.000000 -1.023411 -1.679657 -5.481849
-0.788208 -0.920776 -4.000000 -0.803397 -1.662569 -5.428922
-0.786865 -0.907715 -4.000000 -0.590977 -1.593265 -5.355346
-0.785522 -0.924072 -4.000000 -0.378795 -1.525386 -5.303131
-0.784790 -0.919556 -4.000000 -0.182277 -1.513044 -5.268242
-0.789307 -0.918945 -4.000000 0.018275 -1.539626 -5.237388
-0.786621 -0.921143 -4.000000 0.234492 -1.577838 -5.211043
-0.784302 -0.927734 -4.000000 0.443589 -1.615575 -5.174968
-0.781128 -0.909424 -4.000000 0.615661 -1.633613 -5.152658
-0.786011 -0.917969 -4.000000 0.704901 -1.658059 -5.134145
-0.781860 -0.915894 -4.000000 0.724125 -1.692711 -5.138180
-0.792969 -0.917236 -4.000000 0.687575 -1.733771 -5.180901
-0.787720 -0.918335 -4.000000 0.631088 -1.718106 -5.212467
-0.785767 -0.922607 -4.000000 0.575313 -1.740179 -5.258512
-0.787109 -0.928467 -4.000000 0.572465 -1.855526 -5.310489
-0.791748 -0.912598 -4.000000 0.590977 -1.966839 -5.367688
-0.778809 -0.915894 -4.000000 0.626104 -2.014070 -5.419191
-0.781616 -0.919312 -4.000000 0.713920 -1.999829 -5.455978
-0.784546 -0.911133 -4.000000 0.816688 -1.923880 -5.486358
-0.781616 -0.922607 -4.000000 0.912811 -1.817315 -5.516263
-0.787720 -0.915771 -4.000000 0.976893 -1.701255 -5.547829
-0.788452 -0.911621 -4.000000 1.048332 -1.571193 -5.612623
-0.791992 -0.921875 -4.000000 1.125942 -1.438994 -5.666737
-0.789673 -0.921265 -4.000000 1.170088 -1.363045 -5.697116
-0.786987 -0.914063 -4.000000 1.173410 -1.311305 -5.723224
-0.786011 -0.924072 -4.000000 1.158695 -1.219692 -5.739838
-0.782593 -0.917969 -4.000000 1.138047 -1.156559 -5.753129
-0.779785 -0.915039 -4.000000 1.090816 -1.135199 -5.776388
-0.778320 -0.914551 -4.000000 1.022225 -1.160357 -5.840944
-0.786865 -0.909424 -4.000000 0.905691 -1.244138 -5.890311
-0.796753 -0.910278 -4.000000 0.776340 -1.404580 -5.944900
-0.780273 -0.920532 -4.000000 0.655059 -1.507348 -5.991181
-0.786133 -0.913574 -4.000000 0.502212 -1.542000 -6.008744
-0.783081 -0.905640 -4.000000 0.354112 -1.564310 -6.031528
-0.784424 -0.921875 -4.000000 0.311628 -1.553867 -6.044345
-0.782959 -0.920898 -4.000000 0.346042 -1.526335 -6.041260
-0.787842 -0.917358 -4.000000 0.380456 -1.478155 -6.038174
-0.786743 -0.916748 -4.000000 0.369064 -1.425466 -6.035326
-0.799194 -0.917847 -4.000000 0.312577 -1.417634 -6.038649
-0.785767 -0.913696 -4.000000 0.258701 -1.431637 -6.034852
-0.780273 -0.918823 -4.000000 0.198654 -1.484563 -6.036750
-0.784302 -0.910645 -4.000000 0.114398 -1.551493 -6.031054
-0.778198 -0.914551 -4.000000 0.013766 -1.591604 -6.012779
-0.785522 -0.923462 -4.000000 -0.065743 -1.600386 -6.002099
-0.786133 -0.918579 -4.000000 -0.122705 -1.605607 -5.958428
-0.784912 -0.915527 -4.000000 -0.159493 -1.600860 -5.919741
-0.779785 -0.917725 -4.000000 -0.199128 -1.580686 -5.856609
-0.783813 -0.917358 -4.000000 -0.221676 -1.575940 -5.849489
-0.785400 -0.913818 -4.000000 -0.296438 -1.534168 -5.770692
-0.782349 -0.915283 -4.000000 -0.383779 -1.487174 -5.711831
-0.784546 -0.922974 -4.000000 -0.445250 -1.510196 -5.660328
-0.787720 -0.918213 -4.000000 -0.518589 -1.554104 -5.629000
-0.781006 -0.919067 -4.000000 -0.632275 -1.578550 -5.593636
-0.779175 -0.915894 -4.000000 -0.755217 -1.553392 -5.542608
-0.783203 -0.921021 -4.000000 -0.876972 -1.487174 -5.486358
-0.785767 -0.916626 -4.000000 -0.969772 -1.406479 -5.421327
-0.790894 -0.917480 -4.000000 -1.071829 -1.352840 -5.362941
-0.784790 -0.913696 -4.000000 -1.186939 -1.312254 -5.306454
-0.791382 -0.918335 -4.000000 -1.270008 -1.267160 -5.249967
-0.784058 -0.919678 -4.000000 -1.348567 -1.234407 -5.209382
-0.789185 -0.917603 -4.000000 -1.409327 -1.225388 -5.172832
-0.789673 -0.921143 -4.000000 -1.455608 -1.246037 -5.138655
-0.785522 -0.917358 -4.000000 -1.473408 -1.299675 -5.103291
-0.788574 -0.913940 -4.000000 -1.448250 -1.331716 -5.050127
-0.788208 -0.923828 -4.000000 -1.376811 -1.316764 -5.020934
-0.782227 -0.919312 -4.000000 -1.294691 -1.267397 -4.989842
-0.782837 -0.922241 -4.000000 -1.203790 -1.205926 -4.961361
-0.785645 -0.917480 -4.000000 -1.131401 -1.144930 -4.960649
-0.778564 -0.910645 -4.000000 -1.032668 -1.137097 -4.986282
-0.782593 -0.911743 -4.000000 -0.953633 -1.184803 -5.020222
-0.792114 -0.918335 -4.000000 -0.948174 -1.302761 -5.067690
-0.785889 -0.920044 -4.000000 -1.017003 -1.403868 -5.103054
-0.783936 -0.910645 -4.000000 -1.127129 -1.425466 -5.137942
-0.789063 -0.917725 -4.000000 -1.227049 -1.372064 -5.211281
-0.785522 -0.917725 -4.000000 -1.340498 -1.136860 -5.206534
-0.780762 -0.913940 -4.000000 -1.296827 -1.082034 -5.317134
-0.781006 -0.919556 -4.000000 -1.255293 -1.284248 -5.450757
-0.792480 -0.917236 -4.000000 -1.262650 -1.512570 -5.524570
-0.784790 -0.924316 -4.000000 -1.228236 -1.632664 -5.545930
-0.784668 -0.922729 -4.000000 -1.062572 -1.565971 -5.544269
-0.791016 -0.913208 -4.000000 -0.899994 -1.369216 -5.560646
-0.786499 -0.921875 -4.000000 -0.718429 -1.171986 -5.591025
-0.786987 -0.913208 -4.000000 -0.550155 -1.072066 -5.629949
-0.781250 -0.914551 -4.000000 -0.496279 -1.064471 -5.690945
-0.788208 -0.913330 -4.000000 -0.371438 -1.230847 -5.734616
-0.785400 -0.911865 -4.000000 -0.279587 -1.373963 -5.764284
-0.776367 -0.916138 -4.000000 -0.282198 -1.424516 -5.782084
-0.779297 -0.912354 -4.000000 -0.322308 -1.476257 -5.812938
