-0.794189 -0.914429 -4.000000 -0.354112 -1.461779 -5.825755
-0.787598 -0.918701 -4.000000 -0.310916 -1.417634 -5.847353
-0.795776 -0.914185 -4.000000 -0.285046 -1.384406 -5.865390
-0.782837 -0.917847 -4.000000 -0.277451 -1.381083 -5.862780
-0.788940 -0.927856 -4.000000 -0.284334 -1.381795 -5.863966
-0.792236 -0.920532 -4.000000 -0.284808 -1.381083 -5.870137
-0.783813 -0.914917 -4.000000 -0.273891 -1.378235 -5.868950
-0.781738 -0.916504 -4.000000 -0.267957 -1.371590 -5.862068
-0.780762 -0.925903 -4.000000 -0.270805 -1.366131 -5.836197
-0.781738 -0.918701 -4.000000 -0.267482 -1.363995 -5.830264
-0.787842 -0.923584 -4.000000 -0.269856 -1.358773 -5.837147
-0.790283 -0.915771 -4.000000 -0.249445 -1.357824 -5.867052
-0.783325 -0.919556 -4.000000 -0.207910 -1.382507 -5.894346
-0.779419 -0.917847 -4.000000 -0.160442 -1.430212 -5.910960
-0.786987 -0.913574 -4.000000 -0.131724 -1.479105 -5.923064
-0.780151 -0.917725 -4.000000 -0.129350 -1.518503 -5.940153
-0.780884 -0.919189 -4.000000 -0.144778 -1.535829 -5.970295
-0.785400 -0.915527 -4.000000 -0.186075 -1.538440 -6.015152
-0.783447 -0.916870 -4.000000 -0.238290 -1.567395 -6.069503
-0.779175 -0.919678 -4.000000 -0.268195 -1.592791 -6.120531
-0.786621 -0.920776 -4.000000 -0.293353 -1.599674 -6.162303
-0.784790 -0.924316 -4.000000 -0.321359 -1.609167 -6.227572
-0.782959 -0.916748 -4.000000 -0.364792 -1.630528 -6.285008
-0.785278 -0.924438 -4.000000 -0.427450 -1.658771 -6.344818
-0.787231 -0.919678 -4.000000 -0.474681 -1.679657 -6.388251
-0.781738 -0.922241 -4.000000 -0.498652 -1.681793 -6.425514
-0.781494 -0.911255 -4.000000 -0.499127 -1.677758 -6.449485
-0.783203 -0.924683 -4.000000 -0.488446 -1.674198 -6.466099
-0.787109 -0.920410 -4.000000 -0.478953 -1.663043 -6.477491
-0.782715 -0.911011 -4.000000 -0.485124 -1.643107 -6.477016
-0.789185 -0.919434 -4.000000 -0.503636 -1.626968 -6.475118
-0.784058 -0.921387 -4.000000 -0.524047 -1.613202 -6.476542
-0.783081 -0.916260 -4.000000 -0.543035 -1.591841 -6.476542
-0.785278 -0.920654 -4.000000 -0.552528 -1.567395 -6.470371
-0.785278 -0.918823 -4.000000 -0.551579 -1.538440 -6.452807
-0.789551 -0.913086 -4.000000 -0.529032 -1.519690 -6.423852
-0.787476 -0.917480 -4.000000 -0.511468 -1.498092 -6.394897
-0.787231 -0.917847 -4.000000 -0.518826 -1.471510 -6.359295
-0.782104 -0.921143 -4.000000 -0.535914 -1.449674 -6.352413
-0.781372 -0.917847 -4.000000 -0.559411 -1.448250 -6.337698
-0.789185 -0.916016 -4.000000 -0.582433 -1.470086 -6.316337
-0.779785 -0.916626 -4.000000 -0.615661 -1.502127 -6.304470
-0.778076 -0.921265 -4.000000 -0.652448 -1.532269 -6.289992
-0.780884 -0.920288 -4.000000 -0.683303 -1.560275 -6.279075
-0.785889 -0.920776 -4.000000 -0.711784 -1.570718 -6.261037
-0.783936 -0.916138 -4.000000 -0.741214 -1.546035 -6.235641
-0.788208 -0.918335 -4.000000 -0.772068 -1.494057 -6.200752
-0.794067 -0.918335 -4.000000 -0.792717 -1.428314 -6.184138
-0.783813 -0.914063 -4.000000 -0.816451 -1.380608 -6.159930
-0.782227 -0.915771 -4.000000 -0.820248 -1.364944 -6.127889
-0.786377 -0.918579 -4.000000 -0.824758 -1.358536 -6.110800
-0.788330 -0.912720 -4.000000 -0.841371 -1.358536 -6.104630
-0.781982 -0.918579 -4.000000 -0.855612 -1.385593 -6.099645
-0.781860 -0.926514 -4.000000 -0.883381 -1.420007 -6.090864
-0.788086 -0.919678 -4.000000 -0.897621 -1.420956 -6.062620
-0.786987 -0.913940 -4.000000 -0.902130 -1.400782 -6.041734
-0.781616 -0.919067 -4.000000 -0.896909 -1.364707 -6.011829
-0.790771 -0.918945 -4.000000 -0.903792 -1.331242 -5.986671
-0.785034 -0.916016 -4.000000 -0.902368 -1.316289 -5.982162
-0.783447 -0.919189 -4.000000 -0.914709 -1.322935 -5.980501
-0.784546 -0.916748 -4.000000 -0.922779 -1.327444 -5.970295
-0.781616 -0.918579 -4.000000 -0.922779 -1.340735 -5.952020
-0.787842 -0.911987 -4.000000 -0.916371 -1.353789 -5.925437
-0.783936 -0.913696 -4.000000 -0.906877 -1.347855 -5.895533
-0.778687 -0.911987 -4.000000 -0.900469 -1.334802 -5.865628
-0.781372 -0.914673 -4.000000 -0.903317 -1.332903 -5.849489
-0.775879 -0.912354 -4.000000 -0.912573 -1.333852 -5.830739
-0.780396 -0.913330 -4.000000 -0.930137 -1.326020 -5.812226
-0.777588 -0.918213 -4.000000 -0.960516 -1.329106 -5.803682
-0.784424 -0.916016 -4.000000 -1.015816 -1.331954 -5.794425
-0.787598 -0.911133 -4.000000 -1.062335 -1.319612 -5.785644
-0.782837 -0.916260 -4.000000 -1.079186 -1.286622 -5.771404
-0.781982 -0.913330 -4.000000 -1.081322 -1.253869 -5.748382
-0.782715 -0.917358 -4.000000 -1.075151 -1.235831 -5.702575
-0.782104 -0.918335 -4.000000 -1.060911 -1.231796 -5.660803
-0.787598 -0.921997 -4.000000 -1.042636 -1.246511 -5.619981
-0.789795 -0.920166 -4.000000 -1.039076 -1.268346 -5.583193
-0.790527 -0.914795 -4.000000 -1.030532 -1.311305 -5.555661
-0.786865 -0.913208 -4.000000 -1.007272 -1.385593 -5.515551
-0.778687 -0.917969 -4.000000 -0.937969 -1.470798 -5.484459
-0.776978 -0.918823 -4.000000 -0.826894 -1.537490 -5.441738
-0.784302 -0.920898 -4.000000 -0.678081 -1.560038 -5.387862
-0.782593 -0.913940 -4.000000 -0.535677 -1.513994 -5.342055
-0.788574 -0.914551 -4.000000 -0.406327 -1.448013 -5.301945
-0.792114 -0.921021 -4.000000 -0.324682 -1.367555 -5.280584
-0.789429 -0.920166 -4.000000 -0.260362 -1.376574 -5.269666
-0.783203 -0.919922 -4.000000 -0.219302 -1.450861 -5.257325
-0.781982 -0.919434 -4.000000 -0.164002 -1.505449 -5.240711
-0.785889 -0.919922 -4.000000 -0.048892 -1.512095 -5.222435
-0.788696 -0.916626 -4.000000 0.116059 -1.516842 -5.197515
-0.782349 -0.911987 -4.000000 0.321596 -1.533930 -5.184699
-0.787231 -0.921509 -4.000000 0.492718 -1.525861 -5.171645
-0.783569 -0.914673 -4.000000 0.628477 -1.499279 -5.160964
-0.788086 -0.923584 -4.000000 0.721752 -1.496905 -5.191581
-0.786499 -0.916138 -4.000000 0.741451 -1.430687 -5.169746
-0.781616 -0.925293 -4.000000 0.805770 -1.413599 -5.196566
-0.782471 -0.921387 -4.000000 0.840422 -1.403393 -5.272040
-0.783936 -0.918945 -4.000000 0.853950 -1.410988 -5.358194
-0.786377 -0.918457 -4.000000 0.846830 -1.417634 -5.445061
-0.786133 -0.912842 -4.000000 0.810280 -1.436146 -5.521010
-0.789429 -0.917969 -4.000000 0.740502 -1.524911 -5.550915
-0.787720 -0.917725 -4.000000 0.696594 -1.620085 -5.591500
-0.784668 -0.917847 -4.000000 0.684489 -1.663518 -5.671721
-0.785156 -0.918823 -4.000000 0.685676 -1.714309 -5.735328
-0.791870 -0.915649 -4.000000 0.699916 -1.779815 -5.775438
-0.791016 -0.913086 -4.000000 0.685913 -1.779815 -5.807005
-0.789551 -0.922485 -4.000000 0.618034 -1.684879 -5.843318
-0.791992 -0.926392 -4.000000 0.496516 -1.570006 -5.880343
-0.785645 -0.920044 -4.000000 0.331802 -1.477918 -5.943238
-0.783081 -0.918213 -4.000000 0.145727 -1.458219 -6.003997
-0.785156 -0.918213 -4.000000 -0.017801 -1.535117 -6.070453
-0.789185 -0.916260 -4.000000 -0.114635 -1.619610 -6.099883
-0.782593 -0.916138 -4.000000 -0.141692 -1.643344 -6.111038
-0.775757 -0.919922 -4.000000 -0.126028 -1.632901 -6.110563
-0.786011 -0.913696 -4.000000 -0.098971 -1.621984 -6.086592
-0.784912 -0.920410 -4.000000 -0.082832 -1.599199 -6.058111
-0.784546 -0.918823 -4.000000 -0.078322 -1.565734 -6.049567
-0.783691 -0.925537 -4.000000 -0.092088 -1.556952 -6.034614
-0.782593 -0.917969 -4.000000 -0.135047 -1.554579 -6.016101
-0.786987 -0.922852 -4.000000 -0.180379 -1.560512 -5.992605
-0.783813 -0.924072 -4.000000 -0.244223 -1.540576 -5.966735
-0.785522 -0.921631 -4.000000 -0.323495 -1.479579 -5.952969
-0.781616 -0.918335 -4.000000 -0.413209 -1.446589 -5.942763
-0.785278 -0.916260 -4.000000 -0.509332 -1.442792 -5.933270
-0.789429 -0.912109 -4.000000 -0.605455 -1.465102 -5.918080
-0.787109 -0.915649 -4.000000 -0.662654 -1.459643 -5.880105
-0.784912 -0.920410 -4.000000 -0.685676 -1.426178 -5.844267
-0.783447 -0.914795 -4.000000 -0.705850 -1.389153 -5.790865
-0.780640 -0.916626 -4.000000 -0.717242 -1.366368 -5.735091
-0.792114 -0.918945 -4.000000 -0.743824 -1.381795 -5.675756
-0.783691 -0.919556 -4.000000 -0.771593 -1.428077 -5.616895
-0.781982 -0.921265 -4.000000 -0.797701 -1.476494 -5.543794
-0.785767 -0.913452 -4.000000 -0.821909 -1.487412 -5.470219
-0.785400 -0.919556 -4.000000 -0.851340 -1.448013 -5.401390
-0.786011 -0.918335 -4.000000 -0.903317 -1.384169 -5.328290
-0.785278 -0.916504 -4.000000 -0.962178 -1.311542 -5.266581
-0.788208 -0.912354 -4.000000 -1.028870 -1.266922 -5.227894
-0.789795 -0.920898 -4.000000 -1.055690 -1.281875 -5.250442
-0.786255 -0.916504 -4.000000 -1.024123 -1.315577 -5.289366
-0.779907 -0.920166 -4.000000 -0.936307 -1.326020 -5.338732
-0.788574 -0.919922 -4.000000 -0.822384 -1.301337 -5.388574
-0.783203 -0.917114 -4.000000 -0.713682 -1.309406 -5.393083
-0.775757 -0.920166 -4.000000 -0.655059 -1.446589 -5.286518
-0.780884 -0.919556 -4.000000 -0.661705 -1.587806 -5.167135
-0.781494 -0.919312 -4.000000 -0.726024 -1.574041 -5.112547
-0.786987 -0.920288 -4.000000 -0.826182 -1.414073 -5.149809
-0.788330 -0.920898 -4.000000 -0.971434 -1.317001 -5.202024
-0.787109 -0.918213 -4.000000 -1.108616 -1.320324 -5.235489
-0.787964 -0.922241 -4.000000 -1.196432 -1.304422 -5.270616
-0.784058 -0.921265 -4.000000 -1.218030 -1.292555 -5.334698
