-0.784180 -0.919678 -4.000000 -0.573414 -1.317713 -5.996640
-0.779541 -0.919312 -4.000000 -0.562496 -1.280688 -5.987858
-0.780884 -0.912720 -4.000000 -0.551104 -1.258141 -6.000912
-0.786377 -0.921631 -4.000000 -0.558462 -1.250546 -6.010880
-0.784302 -0.925049 -4.000000 -0.555139 -1.284011 -6.003760
-0.784302 -0.917358 -4.000000 -0.545408 -1.358536 -5.976466
-0.781738 -0.918091 -4.000000 -0.556800 -1.431637 -5.961988
-0.777466 -0.919434 -4.000000 -0.585281 -1.501652 -5.945849
-0.785522 -0.912354 -4.000000 -0.617797 -1.556952 -5.931846
-0.786743 -0.913452 -4.000000 -0.647464 -1.593740 -5.913570
-0.787842 -0.909424 -4.000000 -0.650312 -1.622696 -5.898143
-0.782471 -0.916382 -4.000000 -0.616135 -1.616762 -5.871799
-0.782104 -0.915771 -4.000000 -0.562971 -1.568819 -5.830027
-0.780762 -0.914917 -4.000000 -0.482275 -1.486937 -5.772828
-0.781616 -0.920410 -4.000000 -0.394934 -1.417159 -5.714442
-0.783936 -0.920166 -4.000000 -0.321121 -1.393425 -5.646800
-0.786133 -0.916260 -4.000000 -0.287656 -1.394374 -5.592449
-0.784180 -0.913086 -4.000000 -0.275789 -1.357349 -5.514602
-0.786743 -0.915039 -4.000000 -0.291929 -1.276653 -5.458589
-0.782471 -0.918701 -4.000000 -0.365029 -1.174597 -5.378131
-0.789063 -0.913086 -4.000000 -0.524285 -1.097461 -5.318796
-0.790894 -0.914673 -4.000000 -0.720802 -1.109803 -5.249255
-0.789917 -0.919312 -4.000000 -0.900944 -1.233932 -5.156218
-0.783447 -0.911865 -4.000000 -0.961465 -1.460355 -5.032563
-0.778198 -0.918335 -4.000000 -0.872463 -1.752046 -4.929083
-0.785767 -0.913696 -4.000000 -0.649600 -1.986301 -4.791188
-0.782227 -0.922485 -4.000000 -0.358384 -2.147692 -4.645936
-0.774902 -0.916016 -4.000000 -0.097547 -2.241442 -4.505431
-0.779541 -0.918579 -4.000000 0.091851 -2.212723 -4.358280
-0.784912 -0.915161 -4.000000 0.193432 -2.052519 -4.257173
-0.786621 -0.917969 -4.000000 0.220014 -1.760116 -4.232252
-0.790283 -0.918823 -4.000000 0.163053 -1.367555 -4.275210
-0.791260 -0.914429 -4.000000 0.069778 -1.023411 -4.346175
-0.791748 -0.908447 -4.000000 -0.038686 -0.834488 -4.409308
-0.783203 -0.907593 -4.000000 -0.155221 -0.829267 -4.480985
-0.782104 -0.918823 -4.000000 -0.239714 -0.913997 -4.576158
-0.782227 -0.919434 -4.000000 -0.320647 -0.957668 -4.713815
-0.786011 -0.916138 -4.000000 -0.401817 -0.962178 -4.863102
-0.777100 -0.912964 -4.000000 -0.509807 -0.981639 -5.002421
-0.783569 -0.917358 -4.000000 -0.614237 -1.065658 -5.141740
-0.782349 -0.914307 -4.000000 -0.629426 -1.151575 -5.257562
-0.781006 -0.919678 -4.000000 -0.532354 -1.172936 -5.372435
-0.790161 -0.916260 -4.000000 -0.404428 -1.134724 -5.457403
-0.780884 -0.913696 -4.000000 -0.299998 -1.095563 -5.530503
-0.783813 -0.922485 -4.000000 -0.306644 -1.129977 -5.609538
-0.780884 -0.914795 -4.000000 -0.375472 -1.229185 -5.708983
-0.785767 -0.925537 -4.000000 -0.474681 -1.271195 -5.772116
-0.779541 -0.916748 -4.000000 -0.585756 -1.377760 -5.831451
-0.772705 -0.914185 -4.000000 -0.658382 -1.451098 -5.888412
-0.781494 -0.915527 -4.000000 -0.680692 -1.460117 -5.910248
-0.779175 -0.919189 -4.000000 -0.600234 -1.399596 -5.913333
-0.782715 -0.913208 -4.000000 -0.432197 -1.261226 -5.919979
-0.784058 -0.915649 -4.000000 -0.220726 -1.121196 -5.920928
-0.789673 -0.920898 -4.000000 -0.068591 -1.014155 -5.944662
-0.783203 -0.920044 -4.000000 -0.015664 -0.993269 -5.959377
-0.786499 -0.913818 -4.000000 -0.100158 -1.066607 -5.962937
-0.781860 -0.918457 -4.000000 -0.274840 -1.199518 -5.964836
-0.790649 -0.915527 -4.000000 -0.433621 -1.300862 -5.963649
-0.783569 -0.920654 -4.000000 -0.498652 -1.320561 -5.968871
-0.779175 -0.914795 -4.000000 -0.468272 -1.260040 -5.954393
-0.786499 -0.909424 -4.000000 -0.384254 -1.155847 -5.940390
-0.788086 -0.911865 -4.000000 -0.292166 -1.033380 -5.955817
-0.786865 -0.917847 -4.000000 -0.242562 -0.930137 -5.973380
-0.778076 -0.914551 -4.000000 -0.219065 -0.891687 -5.980975
-0.781860 -0.915771 -4.000000 -0.253242 -0.890738 -6.014203
-0.783936 -0.922729 -4.000000 -0.335836 -0.895485 -6.049804
-0.780640 -0.918213 -4.000000 -0.429111 -0.898096 -6.114598
-0.773438 -0.919189 -4.000000 -0.538525 -0.886703 -6.185088
-0.784180 -0.916626 -4.000000 -0.589791 -0.888365 -6.306606
-0.787354 -0.926025 -4.000000 -0.609015 -0.787732 -6.370213
-0.790283 -0.918579 -4.000000 -0.598098 -0.743350 -6.427175
-0.786865 -0.916748 -4.000000 -0.586231 -0.714869 -6.478678
-0.786133 -0.911255 -4.000000 -0.599759 -0.737891 -6.527570
-0.781372 -0.911743 -4.000000 -0.655059 -0.801261 -6.579785
-0.785767 -0.915161 -4.000000 -0.771119 -0.924440 -6.640306
-0.788940 -0.922363 -4.000000 -0.915421 -1.068743 -6.705101
-0.788696 -0.915161 -4.000000 -1.043111 -1.153711 -6.757790
-0.786011 -0.915527 -4.000000 -1.105768 -1.140183 -6.790780
-0.782349 -0.918091 -4.000000 -1.093427 -1.059487 -6.808818
-0.782349 -0.912720 -4.000000 -1.054028 -0.962178 -6.827806
-0.787231 -0.914307 -4.000000 -0.991608 -0.875311 -6.795764
-0.781982 -0.916260 -4.000000 -0.944377 -0.830454 -6.758502
-0.785156 -0.919067 -4.000000 -0.947937 -0.832827 -6.727173
-0.783691 -0.919189 -4.000000 -0.952921 -0.907827 -6.702490
-0.785767 -0.921021 -4.000000 -0.954583 -1.039076 -6.668075
-0.788086 -0.928345 -4.000000 -0.955532 -1.215894 -6.625117
-0.785645 -0.918579 -4.000000 -0.943902 -1.419532 -6.585006
-0.785400 -0.913696 -4.000000 -0.898096 -1.604183 -6.535877
-0.784424 -0.916016 -4.000000 -0.817163 -1.709325 -6.482000
-0.780151 -0.917603 -4.000000 -0.707037 -1.686777 -6.424089
-0.781250 -0.921509 -4.000000 -0.544696 -1.567395 -6.368315
-0.784180 -0.922852 -4.000000 -0.382118 -1.464627 -6.314913
-0.782715 -0.918823 -4.000000 -0.256328 -1.430212 -6.268157
-0.788696 -0.912231 -4.000000 -0.153084 -1.456083 -6.207160
-0.776245 -0.916626 -4.000000 -0.098259 -1.479105 -6.159218
-0.781494 -0.920532 -4.000000 -0.092563 -1.483139 -6.131212
-0.784912 -0.922852 -4.000000 -0.158781 -1.516842 -6.105341
-0.788330 -0.919556 -4.000000 -0.257989 -1.554579 -6.102256
-0.785278 -0.922363 -4.000000 -0.366453 -1.595639 -6.101307
-0.779785 -0.916626 -4.000000 -0.476817 -1.631002 -6.111512
-0.784180 -0.918091 -4.000000 -0.536864 -1.643344 -6.093000
-0.785889 -0.921143 -4.000000 -0.555139 -1.616050 -6.079709
-0.780762 -0.907959 -4.000000 -0.539000 -1.550069 -6.051465
-0.786743 -0.917114 -4.000000 -0.484886 -1.452997 -6.024171
-0.787720 -0.917603 -4.000000 -0.431010 -1.383219 -5.989045
-0.790649 -0.913086 -4.000000 -0.400868 -1.369691 -5.964124
-0.780640 -0.919067 -4.000000 -0.370251 -1.396036 -5.922827
-0.779907 -0.911621 -4.000000 -0.335599 -1.421906 -5.878207
-0.781616 -0.916504 -4.000000 -0.304982 -1.421668 -5.833112
-0.784668 -0.921387 -4.000000 -0.291691 -1.414548 -5.780660
-0.779419 -0.910889 -4.000000 -0.298099 -1.389390 -5.737226
-0.784302 -0.918823 -4.000000 -0.309729 -1.411463 -5.707559
-0.787964 -0.925049 -4.000000 -0.360283 -1.452048 -5.678841
-0.785278 -0.909302 -4.000000 -0.426500 -1.491684 -5.610724
-0.787231 -0.912231 -4.000000 -0.495804 -1.533930 -5.549490
-0.786987 -0.918701 -4.000000 -0.567006 -1.580449 -5.499412
-0.787476 -0.917236 -4.000000 -0.625392 -1.613677 -5.441026
-0.786865 -0.914551 -4.000000 -0.658382 -1.598724 -5.371485
-0.785400 -0.920044 -4.000000 -0.642005 -1.539152 -5.295774
-0.784302 -0.915283 -4.000000 -0.620882 -1.452997 -5.192056
-0.783203 -0.916992 -4.000000 -0.590503 -1.431874 -5.099730
-0.782593 -0.917847 -4.000000 -0.554664 -1.494532 -5.012627
-0.783569 -0.919312 -4.000000 -0.513367 -1.598724 -4.927422
-0.785889 -0.918091 -4.000000 -0.452133 -1.694372 -4.829875
-0.785034 -0.918335 -4.000000 -0.335599 -1.713122 -4.714053
-0.781616 -0.917480 -4.000000 -0.214318 -1.672537 -4.619829
-0.785278 -0.917725 -4.000000 -0.126265 -1.645480 -4.492377
-0.784546 -0.923096 -4.000000 -0.074288 -1.638123 -4.397915
-0.781860 -0.919312 -4.000000 -0.200553 -1.683455 -4.336919
-0.785034 -0.920166 -4.000000 -0.405377 -1.832742 -4.308201
-0.781128 -0.921021 -4.000000 -0.458304 -2.158610 -4.328137
-0.787476 -0.916626 -4.000000 -0.490345 -2.446741 -4.384862
-0.789429 -0.921631 -4.000000 -0.437181 -2.467152 -4.532487
-0.776611 -0.917603 -4.000000 -0.286944 -2.128942 -4.704796
-0.778198 -0.911743 -4.000000 -0.062895 -1.707901 -4.878530
-0.781494 -0.916626 -4.000000 0.116534 -1.401969 -5.043956
-0.796265 -0.914551 -4.000000 0.153797 -1.266685 -5.218401
-0.788574 -0.916260 -4.000000 0.049604 -1.225863 -5.373147
-0.780518 -0.922729 -4.000000 -0.195806 -1.261226 -5.485646
-0.781616 -0.920044 -4.000000 -0.435519 -1.149439 -5.541421
-0.784790 -0.914917 -4.000000 -0.433858 -1.155847 -5.509617
-0.786377 -0.916260 -4.000000 -0.522861 -1.309169 -5.541658
-0.782471 -0.917114 -4.000000 -0.528794 -1.295403 -5.578209
-0.785156 -0.917480 -4.000000 -0.341533 -1.187413 -5.539997
-0.790039 -0.910400 -4.000000 -0.205299 -1.086306 -5.548067
-0.787720 -0.913086 -4.000000 -0.068354 -1.041212 -5.585804
-0.780762 -0.915405 -4.000000 -0.018038 -1.032905 -5.664363
-0.782471 -0.915771 -4.000000 -0.045095 -1.045247 -5.732005
-0.781616 -0.914063 -4.000000 -0.108465 -1.054978 -5.762859
-0.791870 -0.915161 -4.000000 -0.174208 -1.077288 -5.785644
