-0.788330 -0.917480 -4.000000 -0.369776 -1.403156 -5.816973
-0.790649 -0.912476 -4.000000 -0.407276 -1.470086 -5.810090
-0.777588 -0.926758 -4.000000 -0.433383 -1.506636 -5.830264
-0.779419 -0.913208 -4.000000 -0.472307 -1.513519 -5.865628
-0.780640 -0.917969 -4.000000 -0.460440 -1.490497 -5.872273
-0.781250 -0.915771 -4.000000 -0.406327 -1.414311 -5.878444
-0.788940 -0.917236 -4.000000 -0.321833 -1.319137 -5.857796
-0.785889 -0.912598 -4.000000 -0.245885 -1.238442 -5.836197
-0.778931 -0.912476 -4.000000 -0.196518 -1.178869 -5.823144
-0.786377 -0.914795 -4.000000 -0.179192 -1.143743 -5.824568
-0.786987 -0.912720 -4.000000 -0.201502 -1.123094 -5.810328
-0.787598 -0.915771 -4.000000 -0.229983 -1.095325 -5.830976
-0.786743 -0.923462 -4.000000 -0.240663 -1.061148 -5.839520
-0.785278 -0.917603 -4.000000 -0.230932 -1.043348 -5.854236
-0.790161 -0.916504 -4.000000 -0.213132 -1.029582 -5.851150
-0.783325 -0.914063 -4.000000 -0.170410 -0.988285 -5.858033
-0.783936 -0.914063 -4.000000 -0.091376 -0.917320 -5.877495
-0.788818 -0.921265 -4.000000 0.016851 -0.849916 -5.885564
-0.792725 -0.924072 -4.000000 0.145964 -0.873412 -5.872273
-0.784668 -0.918823 -4.000000 0.199841 -1.034092 -5.853286
-0.787842 -0.917480 -4.000000 0.242087 -1.211622 -5.842843
-0.775879 -0.921509 -4.000000 0.319935 -1.341447 -5.836197
-0.782471 -0.919922 -4.000000 0.425314 -1.429975 -5.822432
-0.783325 -0.917603 -4.000000 0.531880 -1.528946 -5.801783
-0.783325 -0.916382 -4.000000 0.611151 -1.662806 -5.776151
-0.780396 -0.923584 -4.000000 0.680692 -1.800226 -5.737464
-0.784546 -0.912109 -4.000000 0.806245 -1.934086 -5.678604
-0.787842 -0.922485 -4.000000 0.979029 -1.997931 -5.605266
-0.786499 -0.918945 -4.000000 1.145642 -1.994608 -5.533351
-0.777710 -0.919189 -4.000000 1.195008 -1.921982 -5.457640
-0.788940 -0.918823 -4.000000 1.162493 -1.777679 -5.375995
-0.786987 -0.919922 -4.000000 1.044535 -1.566921 -5.310964
-0.782349 -0.925293 -4.000000 0.885991 -1.387729 -5.288653
-0.781616 -0.923096 -4.000000 0.679980 -1.313679 -5.347989
-0.784546 -0.925049 -4.000000 0.440978 -1.361859 -5.417767
-0.789307 -0.921143 -4.000000 0.177531 -1.521589 -5.452181
-0.783325 -0.922485 -4.000000 -0.029193 -1.729024 -5.482323
-0.781982 -0.924805 -4.000000 -0.146439 -1.881871 -5.454792
-0.782959 -0.915405 -4.000000 -0.144303 -1.880684 -5.356770
-0.786743 -0.915161 -4.000000 -0.079034 -1.732821 -5.239049
-0.782959 -0.924927 -4.000000 -0.054351 -1.539152 -5.129636
-0.775024 -0.911377 -4.000000 -0.125078 -1.385118 -5.075284
-0.777466 -0.914673 -4.000000 -0.295014 -1.314865 -5.073861
-0.783203 -0.912231 -4.000000 -0.562734 -1.299675 -5.138655
-0.781128 -0.914795 -4.000000 -0.893111 -1.287096 -5.220300
-0.785278 -0.914917 -4.000000 -1.279739 -1.250783 -5.299571
-0.784180 -0.917969 -4.000000 -1.698882 -1.259090 -5.372197
-0.784058 -0.915771 -4.000000 -2.059402 -1.307982 -5.429871
-0.781738 -0.916992 -4.000000 -2.345159 -1.338125 -5.444586
-0.789185 -0.917480 -4.000000 -2.462880 -1.260989 -5.411596
-0.782837 -0.922607 -4.000000 -2.409241 -1.095325 -5.348226
-0.774780 -0.917725 -4.000000 -2.239780 -0.912573 -5.281296
-0.788208 -0.907959 -4.000000 -2.041126 -0.757590 -5.236676
-0.780029 -0.918945 -4.000000 -1.881634 -0.659569 -5.226708
-0.781250 -0.916382 -4.000000 -1.823248 -0.630850 -5.270141
-0.781860 -0.918823 -4.000000 -1.884482 -0.649363 -5.324492
-0.792236 -0.920044 -4.000000 -1.974908 -0.701815 -5.425599
-0.784180 -0.917358 -4.000000 -2.059402 -0.799599 -5.544269
-0.785278 -0.915894 -4.000000 -2.104734 -0.870089 -5.645851
-0.779175 -0.918457 -4.000000 -2.071743 -0.849441 -5.710645
-0.786377 -0.911865 -4.000000 -1.968026 -0.742400 -5.734141
-0.783691 -0.918335 -4.000000 -1.793106 -0.639157 -5.758112
-0.783569 -0.918091 -4.000000 -1.636699 -0.588841 -5.814600
-0.783203 -0.919189 -4.000000 -1.480054 -0.617085 -5.895058
-0.786865 -0.911743 -4.000000 -1.327444 -0.692084 -5.991418
-0.780396 -0.917114 -4.000000 -1.189075 -0.759252 -6.071402
-0.782349 -0.916748 -4.000000 -1.066845 -0.842795 -6.148300
-0.780640 -0.918335 -4.000000 -0.973570 -0.979266 -6.246322
-0.781250 -0.919922 -4.000000 -0.900944 -1.150388 -6.361669
-0.777466 -0.922363 -4.000000 -0.790106 -1.276416 -6.449485
-0.789917 -0.922607 -4.000000 -0.605455 -1.313679 -6.508108
-0.789429 -0.916748 -4.000000 -0.389238 -1.318188 -6.543472
-0.792236 -0.921753 -4.000000 -0.151898 -1.368029 -6.569817
-0.789795 -0.917480 -4.000000 0.086629 -1.466763 -6.589278
-0.791626 -0.909668 -4.000000 0.294539 -1.554579 -6.622031
-0.786621 -0.916260 -4.000000 0.479427 -1.603471 -6.638170
-0.785278 -0.913452 -4.000000 0.606879 -1.665417 -6.654310
-0.784424 -0.927246 -4.000000 0.643904 -1.771508 -6.682790
-0.781738 -0.920044 -4.000000 0.698730 -1.785274 -6.631762
-0.788696 -0.921387 -4.000000 0.696356 -1.881159 -6.729784
-0.777222 -0.916382 -4.000000 0.665265 -1.953548 -6.773929
-0.783325 -0.913696 -4.000000 0.683777 -1.951412 -6.747109
-0.784790 -0.912964 -4.000000 0.695407 -1.895637 -6.716493
-0.779663 -0.913696 -4.000000 0.685439 -1.815179 -6.695607
-0.776367 -0.915527 -4.000000 0.650787 -1.790733 -6.661192
-0.784180 -0.915283 -4.000000 0.610202 -1.793818 -6.608028
-0.782471 -0.916382 -4.000000 0.524285 -1.828707 -6.580022
-0.784546 -0.914307 -4.000000 0.402766 -1.806872 -6.529469
-0.788574 -0.920044 -4.000000 0.341295 -1.769609 -6.460640
-0.796143 -0.918091 -4.000000 0.234967 -1.790970 -6.423615
-0.784790 -0.918701 -4.000000 0.144540 -1.815179 -6.387539
-0.784058 -0.913208 -4.000000 0.059572 -1.827520 -6.345293
-0.778198 -0.914917 -4.000000 0.037737 -1.786698 -6.278837
-0.781006 -0.919556 -4.000000 0.068354 -1.706239 -6.211907
-0.779785 -0.920410 -4.000000 0.098496 -1.616525 -6.141180
-0.786011 -0.914673 -4.000000 0.089477 -1.541762 -6.095136
-0.782349 -0.912842 -4.000000 0.043908 -1.512332 -6.071402
-0.785522 -0.916016 -4.000000 -0.034652 -1.500465 -6.063570
-0.788086 -0.915649 -4.000000 -0.115585 -1.473171 -6.040785
-0.783447 -0.917114 -4.000000 -0.175869 -1.439232 -6.027968
-0.783813 -0.916870 -4.000000 -0.215980 -1.411937 -6.007795
-0.783325 -0.922119 -4.000000 -0.230457 -1.391289 -5.975279
-0.783325 -0.912598 -4.000000 -0.229033 -1.367317 -5.943238
-0.783203 -0.918213 -4.000000 -0.220489 -1.326732 -5.902416
-0.788940 -0.918335 -4.000000 -0.211945 -1.284011 -5.861356
-0.786743 -0.917358 -4.000000 -0.210046 -1.266922 -5.826467
-0.780151 -0.911621 -4.000000 -0.224524 -1.287334 -5.802258
-0.780273 -0.916504 -4.000000 -0.254429 -1.333140 -5.781610
-0.788452 -0.915649 -4.000000 -0.283147 -1.378710 -5.768556
-0.783691 -0.911987 -4.000000 -0.290742 -1.383694 -5.733666
-0.783691 -0.918579 -4.000000 -0.259888 -1.338125 -5.681926
-0.787598 -0.916260 -4.000000 -0.203875 -1.264786 -5.620455
-0.785767 -0.916870 -4.000000 -0.154034 -1.218505 -5.557086
-0.784302 -0.916626 -4.000000 -0.123654 -1.205451 -5.489443
-0.784424 -0.917847 -4.000000 -0.111075 -1.191211 -5.412783
-0.789429 -0.922852 -4.000000 -0.091139 -1.152762 -5.331375
-0.784058 -0.915039 -4.000000 -0.090664 -1.134249 -5.259935
-0.781128 -0.914551 -4.000000 -0.126028 -1.190261 -5.143401
-0.786743 -0.918823 -4.000000 -0.201739 -1.318425 -5.030190
-0.780396 -0.918945 -4.000000 -0.293115 -1.481003 -4.947833
-0.781860 -0.917603 -4.000000 -0.385441 -1.671113 -4.899890
-0.779785 -0.916138 -4.000000 -0.468035 -1.803074 -4.816346
-0.784668 -0.916870 -4.000000 -0.496516 -1.911776 -4.706458
-0.780396 -0.919556 -4.000000 -0.483700 -2.082424 -4.587076
-0.791870 -0.916992 -4.000000 -0.294065 -2.254021 -4.413817
-0.782837 -0.915283 -4.000000 -0.077610 -2.133452 -4.178376
-0.781250 -0.915527 -4.000000 0.093749 -1.752758 -3.938899
-0.787354 -0.917114 -4.000000 0.182515 -1.223014 -3.819517
-0.778687 -0.918945 -4.000000 -0.030617 -0.850390 -3.903298
-0.786743 -0.927246 -4.000000 -0.414159 -0.820960 -4.184546
-0.782959 -0.915161 -4.000000 -0.754979 -0.942478 -4.531775
-0.788940 -0.913818 -4.000000 -0.970484 -1.195958 -4.916979
-0.781860 -0.913330 -4.000000 -1.052367 -1.529421 -5.344903
-0.784058 -0.916504 -4.000000 -1.023886 -1.660195 -5.505820
-0.787842 -0.915649 -4.000000 -0.621832 -1.518503 -5.612386
-0.786133 -0.914185 -4.000000 -0.407513 -1.283062 -5.617370
-0.783081 -0.916626 -4.000000 -0.362419 -1.221590 -5.653446
-0.787720 -0.917236 -4.000000 -0.403716 -1.204977 -5.666737
-0.787476 -0.914551 -4.000000 -0.524285 -1.215657 -5.723461
-0.783569 -0.924561 -4.000000 -0.624680 -1.217318 -5.809378
-0.786377 -0.918945 -4.000000 -0.742638 -1.313441 -5.906213
-0.781128 -0.912720 -4.000000 -0.891450 -1.580449 -6.010406
-0.781006 -0.914795 -4.000000 -0.961228 -1.845321 -6.094424
-0.780518 -0.917603 -4.000000 -0.882194 -1.903469 -6.065706
-0.784546 -0.915405 -4.000000 -0.687575 -1.729736 -5.943713
-0.779907 -0.929321 -4.000000 -0.464238 -1.452523 -5.794900
-0.786133 -0.915283 -4.000000 -0.291929 -1.248647 -5.708983
-0.781982 -0.915405 -4.000000 -0.207910 -1.108616 -5.660566
-0.782227 -0.919922 -4.000000 -0.252530 -1.158695 -5.708271
-0.777466 -0.917480 -4.000000 -0.304033 -1.283774 -5.784695
