-0.783936 -0.920166 -4.000000 -0.345093 -1.313204 -5.942289
-0.786987 -0.913208 -4.000000 -0.312102 -1.309644 -5.919267
-0.786865 -0.918945 -4.000000 -0.285995 -1.307982 -5.920691
-0.783569 -0.918701 -4.000000 -0.284334 -1.306084 -5.909298
-0.779297 -0.921631 -4.000000 -0.282910 -1.312492 -5.892447
-0.786743 -0.918213 -4.000000 -0.309254 -1.325308 -5.893871
-0.779419 -0.924438 -4.000000 -0.335836 -1.335751 -5.897906
-0.784424 -0.918823 -4.000000 -0.365504 -1.347618 -5.882242
-0.784546 -0.911865 -4.000000 -0.379507 -1.335039 -5.876071
-0.787231 -0.914185 -4.000000 -0.362419 -1.289232 -5.868476
-0.779297 -0.916870 -4.000000 -0.311153 -1.247935 -5.845691
-0.779419 -0.915527 -4.000000 -0.259413 -1.232271 -5.811039
-0.789917 -0.921387 -4.000000 -0.213606 -1.226337 -5.776151
-0.788208 -0.918457 -4.000000 -0.186787 -1.242476 -5.736989
-0.785400 -0.922974 -4.000000 -0.209097 -1.272144 -5.678604
-0.783936 -0.917480 -4.000000 -0.270568 -1.285198 -5.605503
-0.789551 -0.915405 -4.000000 -0.354112 -1.262650 -5.520772
-0.778931 -0.917969 -4.000000 -0.442877 -1.245799 -5.438653
-0.783813 -0.923584 -4.000000 -0.528319 -1.265736 -5.363416
-0.787109 -0.918457 -4.000000 -0.608778 -1.358298 -5.295774
-0.779663 -0.913574 -4.000000 -0.652448 -1.512807 -5.204873
-0.781128 -0.917236 -4.000000 -0.632749 -1.601810 -5.112072
-0.785156 -0.924805 -4.000000 -0.548731 -1.582348 -5.009304
-0.786743 -0.915405 -4.000000 -0.455456 -1.506636 -4.919590
-0.784302 -0.911499 -4.000000 -0.401105 -1.447538 -4.852659
-0.786377 -0.920532 -4.000000 -0.374760 -1.491684 -4.783119
-0.785400 -0.923706 -4.000000 -0.342482 -1.572854 -4.732565
-0.784546 -0.920410 -4.000000 -0.323020 -1.715496 -4.675129
-0.790161 -0.919678 -4.000000 -0.302372 -1.805685 -4.613420
-0.784790 -0.922363 -4.000000 -0.262736 -1.745163 -4.480035
-0.788208 -0.918457 -4.000000 -0.096597 -1.515892 -4.370147
-0.785034 -0.913696 -4.000000 0.069778 -1.074202 -4.352821
-0.782837 -0.912231 -4.000000 0.170885 -0.672385 -4.414292
-0.791260 -0.925415 -4.000000 0.116771 -0.464950 -4.545778
-0.784302 -0.915771 -4.000000 -0.086392 -0.509807 -4.742534
-0.784302 -0.923096 -4.000000 -0.313289 -0.778001 -4.962548
-0.787109 -0.918335 -4.000000 -0.456643 -1.127604 -5.178290
-0.782227 -0.920288 -4.000000 -0.495567 -1.409327 -5.356058
-0.785156 -0.914185 -4.000000 -0.433146 -1.478393 -5.446722
-0.785767 -0.914795 -4.000000 -0.304745 -1.334090 -5.500124
-0.790894 -0.916138 -4.000000 -0.199128 -1.140420 -5.542370
-0.784180 -0.921753 -4.000000 -0.214556 -1.001813 -5.594585
-0.790405 -0.920654 -4.000000 -0.315188 -0.961465 -5.648936
-0.782471 -0.920288 -4.000000 -0.418668 -0.994930 -5.712306
-0.781494 -0.919189 -4.000000 -0.472307 -1.061860 -5.753603
-0.781372 -0.917114 -4.000000 -0.463051 -1.152999 -5.768318
-0.779785 -0.922974 -4.000000 -0.404903 -1.284486 -5.793002
-0.783813 -0.918823 -4.000000 -0.314239 -1.415735 -5.795375
-0.785156 -0.917358 -4.000000 -0.243036 -1.490022 -5.798698
-0.787720 -0.913696 -4.000000 -0.206723 -1.479105 -5.792290
-0.787354 -0.919189 -4.000000 -0.205062 -1.406004 -5.799647
-0.787109 -0.920654 -4.000000 -0.214318 -1.312729 -5.811277
-0.785522 -0.918091 -4.000000 -0.223337 -1.268346 -5.828603
-0.782837 -0.913330 -4.000000 -0.238764 -1.280451 -5.858270
-0.785278 -0.918945 -4.000000 -0.267482 -1.318188 -5.869900
-0.778687 -0.924927 -4.000000 -0.304508 -1.349042 -5.889599
-0.784668 -0.927002 -4.000000 -0.352688 -1.340498 -5.919504
-0.785645 -0.922119 -4.000000 -0.405615 -1.323172 -5.954630
-0.780273 -0.914185 -4.000000 -0.478715 -1.316289 -5.993317
-0.781372 -0.910278 -4.000000 -0.567481 -1.336463 -6.044345
-0.787598 -0.920776 -4.000000 -0.622544 -1.383931 -6.086829
-0.781372 -0.923828 -4.000000 -0.623493 -1.419532 -6.116971
-0.786743 -0.915527 -4.000000 -0.593351 -1.415972 -6.156844
-0.786255 -0.919556 -4.000000 -0.576737 -1.375150 -6.211670
-0.778809 -0.911987 -4.000000 -0.611151 -1.300862 -6.286195
-0.780518 -0.921021 -4.000000 -0.693271 -1.205214 -6.371400
-0.789551 -0.914185 -4.000000 -0.805296 -1.090104 -6.500038
-0.787476 -0.916626 -4.000000 -0.944614 -0.990421 -6.614199
-0.791870 -0.919434 -4.000000 -1.122382 -0.924678 -6.741176
-0.779907 -0.917969 -4.000000 -1.364469 -0.965975 -6.885954
-0.786377 -0.923462 -4.000000 -1.655448 -1.141132 -7.029782
-0.778198 -0.913452 -4.000000 -1.858137 -1.335751 -7.139670
-0.778076 -0.922607 -4.000000 -1.914149 -1.462728 -7.187613
-0.788208 -0.920166 -4.000000 -1.808296 -1.451810 -7.154623
-0.777344 -0.917480 -4.000000 -1.578788 -1.302998 -7.035716
-0.786255 -0.925781 -4.000000 -1.288995 -1.093664 -6.886666
-0.784912 -0.919434 -4.000000 -1.007747 -0.896909 -6.719815
-0.786743 -0.923096 -4.000000 -0.811704 -0.833302 -6.601383
-0.782349 -0.912476 -4.000000 -0.857748 -0.999440 -6.552016
-0.782715 -0.920166 -4.000000 -1.031481 -1.316052 -6.566731
-0.781006 -0.916016 -4.000000 -1.206163 -1.646667 -6.585481
-0.782959 -0.917236 -4.000000 -1.279501 -1.903232 -6.570054
-0.785278 -0.918579 -4.000000 -1.214233 -2.031870 -6.499326
-0.786377 -0.918945 -4.000000 -1.026971 -1.972298 -6.361907
-0.780273 -0.916382 -4.000000 -0.791055 -1.793343 -6.244660
-0.782959 -0.913452 -4.000000 -0.620882 -1.616762 -6.142841
-0.783936 -0.923706 -4.000000 -0.522149 -1.537490 -6.064994
-0.785156 -0.917725 -4.000000 -0.520962 -1.550781 -5.996402
-0.788574 -0.915161 -4.000000 -0.544696 -1.592791 -5.943713
-0.783813 -0.914795 -4.000000 -0.568667 -1.610354 -5.900280
-0.785034 -0.921265 -4.000000 -0.582670 -1.594689 -5.846641
-0.781372 -0.916138 -4.000000 -0.598098 -1.541525 -5.826704
-0.793335 -0.927612 -4.000000 -0.613525 -1.481953 -5.812938
-0.783447 -0.919556 -4.000000 -0.590740 -1.418820 -5.788018
-0.784180 -0.917969 -4.000000 -0.562022 -1.360197 -5.762385
-0.786011 -0.923950 -4.000000 -0.528082 -1.298014 -5.737464
-0.788086 -0.926758 -4.000000 -0.488446 -1.246037 -5.707559
-0.785889 -0.927856 -4.000000 -0.473494 -1.232983 -5.679790
-0.789673 -0.922974 -4.000000 -0.465424 -1.260040 -5.651072
-0.777832 -0.916626 -4.000000 -0.437181 -1.280451 -5.630424
-0.789551 -0.911255 -4.000000 -0.378795 -1.276891 -5.575123
-0.782471 -0.916016 -4.000000 -0.314001 -1.239154 -5.530029
-0.778687 -0.919434 -4.000000 -0.271992 -1.190024 -5.478526
-0.785034 -0.918335 -4.000000 -0.261074 -1.156322 -5.424412
-0.788330 -0.916870 -4.000000 -0.316375 -1.149676 -5.355109
-0.786743 -0.923462 -4.000000 -0.331090 -1.260040 -5.369824
-0.786865 -0.922607 -4.000000 -0.363368 -1.297065 -5.320457
-0.787842 -0.912598 -4.000000 -0.338922 -1.378710 -5.244508
-0.782349 -0.918457 -4.000000 -0.276501 -1.460829 -5.163575
-0.784668 -0.915283 -4.000000 -0.185363 -1.533456 -5.102104
-0.790405 -0.919922 -4.000000 -0.061234 -1.573803 -5.039209
-0.789429 -0.923706 -4.000000 0.068354 -1.587806 -4.980111
-0.786621 -0.919312 -4.000000 0.159493 -1.642395 -4.943561
-0.786987 -0.920166 -4.000000 0.158781 -1.723802 -4.899653
-0.784668 -0.921143 -4.000000 0.032041 -1.762726 -4.826077
-0.788330 -0.920288 -4.000000 -0.182040 -1.750859 -4.776473
-0.785889 -0.919434 -4.000000 -0.424602 -1.671113 -4.688657
-0.784424 -0.916870 -4.000000 -0.581958 -1.490734 -4.638341
-0.784180 -0.919434 -4.000000 -0.629901 -1.212097 -4.681062
-0.790405 -0.925903 -4.000000 -0.602370 -1.047857 -4.686759
-0.788940 -0.918823 -4.000000 -0.454269 -0.982826 -4.677265
-0.777344 -0.917847 -4.000000 -0.209334 -0.963127 -4.739686
-0.779297 -0.916748 -4.000000 -0.047943 -0.956719 -4.859305
-0.787354 -0.921753 -4.000000 -0.103955 -0.978079 -5.027342
-0.781616 -0.916382 -4.000000 -0.396596 -1.076576 -5.204160
-0.780884 -0.917725 -4.000000 -0.802210 -1.209249 -5.357245
-0.788330 -0.922241 -4.000000 -1.114787 -1.245087 -5.495852
-0.787842 -0.913452 -4.000000 -1.196907 -1.203315 -5.635645
-0.779663 -0.920288 -4.000000 -1.092003 -1.128078 -5.738413
-0.786865 -0.915405 -4.000000 -0.902368 -1.068031 -5.789442
-0.790527 -0.911865 -4.000000 -0.758065 -1.075151 -5.805106
-0.787476 -0.916870 -4.000000 -0.712258 -1.154186 -5.809141
-0.783813 -0.922363 -4.000000 -0.707986 -1.291131 -5.828603
-0.777710 -0.919189 -4.000000 -0.687337 -1.448013 -5.833824
-0.781738 -0.918701 -4.000000 -0.629426 -1.543899 -5.841182
-0.781128 -0.918091 -4.000000 -0.531642 -1.530607 -5.833587
-0.784424 -0.915527 -4.000000 -0.420567 -1.428077 -5.809616
-0.784546 -0.918335 -4.000000 -0.373099 -1.306321 -5.782321
-0.780151 -0.915649 -4.000000 -0.167800 -1.229423 -5.780185
-0.782593 -0.916626 -4.000000 -0.219302 -1.247935 -5.755739
-0.782959 -0.914307 -4.000000 -0.377608 -1.250309 -5.720138
-0.787476 -0.915527 -4.000000 -0.378558 -1.070642 -5.658192
-0.782471 -0.921997 -4.000000 -0.330852 -1.041449 -5.667212
-0.779053 -0.915283 -4.000000 -0.308068 -1.196432 -5.709220
-0.785156 -0.917725 -4.000000 -0.244223 -1.338599 -5.694743
-0.788208 -0.916016 -4.000000 -0.251343 -1.296115 -5.664600
-0.785522 -0.917725 -4.000000 -0.226185 -1.233932 -5.689284
-0.780273 -0.917603 -4.000000 -0.241850 -1.208774 -5.743398
-0.784546 -0.911865 -4.000000 -0.287182 -1.286859 -5.805343
-0.779175 -0.915039 -4.000000 -0.302609 -1.433298 -5.822669
