-0.782837 -0.917847 -4.000000 -0.265821 -1.521114 -5.801071
-0.788940 -0.918945 -4.000000 -0.240900 -1.520639 -5.798935
-0.781982 -0.915039 -4.000000 -0.250394 -1.503076 -5.813413
-0.776855 -0.918091 -4.000000 -0.250157 -1.510671 -5.835485
-0.788208 -0.913330 -4.000000 -0.246834 -1.541288 -5.854948
-0.787964 -0.916260 -4.000000 -0.285995 -1.588044 -5.857083
-0.791016 -0.918457 -4.000000 -0.298574 -1.623170 -5.887463
-0.793335 -0.915894 -4.000000 -0.288843 -1.648091 -5.918317
-0.789185 -0.917236 -4.000000 -0.280536 -1.654737 -5.972194
-0.784912 -0.918091 -4.000000 -0.295963 -1.664467 -6.045057
-0.782104 -0.921631 -4.000000 -0.291454 -1.667790 -6.119107
-0.783813 -0.918335 -4.000000 -0.322308 -1.654974 -6.215705
-0.785767 -0.922119 -4.000000 -0.365029 -1.670638 -6.335087
-0.788696 -0.919312 -4.000000 -0.383779 -1.701967 -6.453045
-0.791992 -0.919434 -4.000000 -0.417007 -1.736619 -6.550354
-0.786865 -0.914673 -4.000000 -0.500313 -1.761065 -6.650512
-0.786743 -0.924927 -4.000000 -0.555376 -1.758929 -6.754704
-0.785522 -0.916260 -4.000000 -0.552291 -1.773881 -6.800511
-0.781006 -0.920044 -4.000000 -0.537576 -1.790495 -6.815226
-0.786621 -0.917969 -4.000000 -0.559886 -1.791919 -6.820922
-0.784302 -0.917114 -4.000000 -0.557750 -1.800463 -6.821634
-0.787598 -0.914185 -4.000000 -0.550867 -1.809482 -6.814514
-0.781250 -0.921143 -4.000000 -0.561072 -1.816365 -6.768708
-0.789917 -0.914307 -4.000000 -0.560123 -1.807109 -6.702490
-0.777466 -0.921021 -4.000000 -0.587180 -1.778391 -6.631288
-0.782349 -0.911377 -4.000000 -0.609015 -1.722616 -6.588092
-0.788574 -0.914185 -4.000000 -0.605218 -1.663755 -6.566968
-0.784180 -0.928101 -4.000000 -0.611626 -1.609404 -6.538013
-0.785156 -0.915161 -4.000000 -0.651024 -1.557664 -6.503836
-0.785278 -0.912109 -4.000000 -0.702290 -1.520877 -6.463251
-0.786987 -0.919189 -4.000000 -0.731008 -1.515655 -6.407950
-0.785522 -0.920166 -4.000000 -0.782511 -1.549120 -6.346479
-0.787720 -0.920532 -4.000000 -0.863444 -1.614151 -6.298536
-0.783691 -0.915283 -4.000000 -0.927763 -1.699119 -6.228284
-0.779907 -0.916870 -4.000000 -0.974519 -1.764388 -6.168711
-0.784180 -0.916748 -4.000000 -1.011070 -1.788596 -6.102256
-0.785400 -0.919678 -4.000000 -1.031956 -1.773644 -6.040785
-0.787598 -0.922363 -4.000000 -1.020089 -1.718818 -5.993080
-0.783081 -0.911255 -4.000000 -1.002051 -1.635275 -5.943475
-0.788574 -0.924561 -4.000000 -0.980690 -1.548883 -5.910722
-0.783081 -0.916016 -4.000000 -0.951735 -1.491684 -5.886039
-0.779785 -0.916382 -4.000000 -0.924678 -1.438994 -5.859694
-0.784668 -0.913696 -4.000000 -0.922067 -1.399121 -5.841894
-0.784058 -0.917236 -4.000000 -0.935595 -1.385593 -5.827416
-0.790771 -0.926880 -4.000000 -0.953633 -1.401257 -5.800834
-0.787476 -0.919922 -4.000000 -0.982826 -1.417634 -5.785407
-0.786255 -0.922729 -4.000000 -1.002288 -1.415972 -5.768318
-0.788452 -0.912109 -4.000000 -1.007747 -1.389865 -5.757638
-0.782959 -0.914551 -4.000000 -0.978791 -1.324834 -5.736752
-0.776367 -0.912476 -4.000000 -0.936782 -1.260989 -5.708508
-0.780151 -0.911377 -4.000000 -0.889077 -1.245324 -5.685486
-0.785522 -0.918091 -4.000000 -0.867004 -1.304659 -5.666737
-0.780396 -0.913452 -4.000000 -0.863444 -1.416921 -5.653683
-0.784546 -0.913940 -4.000000 -0.861783 -1.515655 -5.610961
-0.779297 -0.914429 -4.000000 -0.853713 -1.560987 -5.557560
-0.782959 -0.924927 -4.000000 -0.810754 -1.541525 -5.508193
-0.782593 -0.918335 -4.000000 -0.751419 -1.509009 -5.461200
-0.779419 -0.921753 -4.000000 -0.692559 -1.497855 -5.411358
-0.780640 -0.921387 -4.000000 -0.670724 -1.536541 -5.363416
-0.782104 -0.918823 -4.000000 -0.756878 -1.661619 -5.340868
-0.779175 -0.922485 -4.000000 -0.928001 -1.869767 -5.311913
-0.786255 -0.929688 -4.000000 -1.146116 -2.089781 -5.257087
-0.785645 -0.917969 -4.000000 -1.259328 -2.177597 -5.203923
-0.781860 -0.917725 -4.000000 -1.171986 -2.071743 -5.136281
-0.790161 -0.921997 -4.000000 -0.869377 -1.824197 -5.087864
-0.785278 -0.920166 -4.000000 -0.388051 -1.554342 -5.075284
-0.778931 -0.921997 -4.000000 0.146202 -1.374200 -5.059145
-0.780518 -0.917847 -4.000000 0.614949 -1.260277 -5.080031
-0.782227 -0.914429 -4.000000 0.966924 -1.187888 -5.098544
-0.777222 -0.917358 -4.000000 1.184328 -1.153711 -5.129398
-0.786743 -0.920532 -4.000000 1.280213 -1.155847 -5.168797
-0.790039 -0.917236 -4.000000 1.279739 -1.173173 -5.213892
-0.780151 -0.917603 -4.000000 1.195246 -1.196432 -5.257087
-0.785522 -0.915039 -4.000000 1.091528 -1.216132 -5.311676
-0.781738 -0.917725 -4.000000 1.002051 -1.177683 -5.384302
-0.785522 -0.919312 -4.000000 0.929187 -1.207113 -5.432482
-0.786499 -0.919678 -4.000000 0.904029 -1.313679 -5.507956
-0.787231 -0.918823 -4.000000 0.887178 -1.402206 -5.601468
-0.780273 -0.917725 -4.000000 0.882431 -1.443741 -5.681214
-0.787598 -0.919189 -4.000000 0.873412 -1.448488 -5.754790
-0.788452 -0.918579 -4.000000 0.830928 -1.415023 -5.844979
-0.777100 -0.913452 -4.000000 0.778476 -1.354976 -5.941339
-0.786133 -0.915771 -4.000000 0.675470 -1.351890 -5.982162
-0.786011 -0.914795 -4.000000 0.602370 -1.439469 -6.027019
-0.781738 -0.918945 -4.000000 0.515028 -1.520639 -6.055737
-0.785034 -0.919312 -4.000000 0.414159 -1.530845 -6.103918
-0.791016 -0.916626 -4.000000 0.368352 -1.491209 -6.143553
-0.780884 -0.917358 -4.000000 0.299523 -1.451810 -6.190072
-0.787842 -0.918213 -4.000000 0.213132 -1.453709 -6.212144
-0.787842 -0.914795 -4.000000 0.131249 -1.462491 -6.235404
-0.785278 -0.916748 -4.000000 0.057674 -1.471510 -6.246322
-0.781250 -0.917236 -4.000000 0.017801 -1.491921 -6.221876
-0.780762 -0.914551 -4.000000 0.005696 -1.530370 -6.185800
-0.785889 -0.918579 -4.000000 -0.013054 -1.588519 -6.166812
-0.783081 -0.918335 -4.000000 0.018038 -1.623408 -6.167525
-0.782715 -0.915283 -4.000000 0.020649 -1.568107 -6.151623
-0.784790 -0.922241 -4.000000 -0.007595 -1.523962 -6.116497
-0.779419 -0.919922 -4.000000 -0.037025 -1.497143 -6.065468
-0.786743 -0.920654 -4.000000 -0.070965 -1.479579 -6.028206
-0.790894 -0.917114 -4.000000 -0.128876 -1.495956 -6.011829
-0.788208 -0.913696 -4.000000 -0.205299 -1.525149 -5.987146
-0.782227 -0.915771 -4.000000 -0.282435 -1.613202 -5.944188
-0.785889 -0.917847 -4.000000 -0.394460 -1.767236 -5.893634
-0.786133 -0.918579 -4.000000 -0.527845 -1.933849 -5.856846
-0.789307 -0.916382 -4.000000 -0.648651 -2.070794 -5.825517
-0.780151 -0.915649 -4.000000 -0.723651 -2.129180 -5.787780
-0.790649 -0.912354 -4.000000 -0.745961 -2.069845 -5.716104
-0.781494 -0.913696 -4.000000 -0.727685 -1.912963 -5.631847
-0.788574 -0.920776 -4.000000 -0.727923 -1.733533 -5.552101
-0.783447 -0.916382 -4.000000 -0.740027 -1.581636 -5.476627
-0.782959 -0.916138 -4.000000 -0.818349 -1.496193 -5.415868
-0.781006 -0.920898 -4.000000 -0.920643 -1.479579 -5.344191
-0.783813 -0.922363 -4.000000 -1.024598 -1.476731 -5.281059
-0.786865 -0.914917 -4.000000 -1.084170 -1.458456 -5.241660
-0.780396 -0.923828 -4.000000 -1.111702 -1.408615 -5.211993
-0.782471 -0.912720 -4.000000 -1.112889 -1.362096 -5.202736
-0.786377 -0.917847 -4.000000 -1.071829 -1.326495 -5.219350
-0.785767 -0.922241 -4.000000 -0.962178 -1.298489 -5.258986
-0.779907 -0.919312 -4.000000 -0.792479 -1.281638 -5.298147
-0.785889 -0.923096 -4.000000 -0.631088 -1.265736 -5.309539
-0.777588 -0.924194 -4.000000 -0.532592 -1.282350 -5.266106
-0.781372 -0.921875 -4.000000 -0.480614 -1.267872 -5.230980
-0.787354 -0.917603 -4.000000 -0.479902 -1.194534 -5.239999
-0.790405 -0.912598 -4.000000 -0.532592 -1.111465 -5.242135
-0.785034 -0.919556 -4.000000 -0.601895 -1.068269 -5.236913
-0.786865 -0.913574 -4.000000 -0.623493 -1.102446 -5.274651
-0.787598 -0.919434 -4.000000 -0.654347 -1.224439 -5.317609
-0.782959 -0.919800 -4.000000 -0.861308 -1.221353 -5.290790
-0.778076 -0.914307 -4.000000 -0.948649 -1.429026 -5.293638
-0.780029 -0.916382 -4.000000 -0.904741 -1.495956 -5.315711
-0.785156 -0.917603 -4.000000 -0.899757 -1.420956 -5.353922
-0.787720 -0.914795 -4.000000 -0.837099 -1.353552 -5.407324
-0.775391 -0.911987 -4.000000 -0.751419 -1.283062 -5.406612
-0.781738 -0.917358 -4.000000 -0.615898 -1.257192 -5.409697
-0.781006 -0.920776 -4.000000 -0.512892 -1.269058 -5.444586
-0.784668 -0.916382 -4.000000 -0.460915 -1.310830 -5.505820
-0.788330 -0.910034 -4.000000 -0.464238 -1.301811 -5.563019
-0.776855 -0.915161 -4.000000 -0.502687 -1.241052 -5.590788
-0.789917 -0.915527 -4.000000 -0.547781 -1.193110 -5.638968
-0.775757 -0.915527 -4.000000 -0.576262 -1.198331 -5.687148
-0.778931 -0.915649 -4.000000 -0.564870 -1.250071 -5.747907
-0.781738 -0.918091 -4.000000 -0.514079 -1.317713 -5.799647
-0.784912 -0.912109 -4.000000 -0.436943 -1.356637 -5.806767
-0.781128 -0.914185 -4.000000 -0.359333 -1.326732 -5.827891
-0.784058 -0.926636 -4.000000 -0.295014 -1.263837 -5.813176
-0.786377 -0.921631 -4.000000 -0.231169 -1.197856 -5.812226
-0.786499 -0.917114 -4.000000 -0.174445 -1.144692 -5.825280
-0.789551 -0.920166 -4.000000 -0.129350 -1.141132 -5.827416
-0.789429 -0.918823 -4.000000 -0.107990 -1.165341 -5.846878
-0.784302 -0.918579 -4.000000 -0.105854 -1.208299 -5.860644
