-0.777710 -0.914917 -4.000000 -0.143354 -1.273805 -5.825280
-0.782349 -0.916382 -4.000000 -0.144066 -1.249359 -5.834774
-0.782471 -0.916870 -4.000000 -0.184651 -1.263362 -5.856609
-0.784668 -0.917603 -4.000000 -0.243511 -1.335039 -5.869188
-0.782715 -0.920898 -4.000000 -0.301185 -1.422618 -5.873697
-0.784668 -0.919189 -4.000000 -0.348653 -1.459880 -5.869900
-0.781250 -0.915405 -4.000000 -0.372387 -1.460829 -5.868238
-0.786255 -0.917236 -4.000000 -0.369064 -1.448962 -5.870612
-0.785278 -0.910767 -4.000000 -0.352213 -1.426415 -5.867289
-0.787964 -0.915771 -4.000000 -0.335362 -1.427839 -5.861118
-0.781616 -0.916748 -4.000000 -0.321359 -1.429501 -5.863017
-0.782715 -0.924194 -4.000000 -0.309017 -1.418108 -5.845217
-0.782593 -0.920166 -4.000000 -0.317561 -1.415972 -5.838809
-0.785522 -0.915771 -4.000000 -0.330852 -1.408852 -5.840707
-0.788818 -0.914307 -4.000000 -0.343906 -1.403630 -5.825280
-0.775269 -0.918335 -4.000000 -0.353874 -1.391289 -5.835011
-0.779907 -0.922119 -4.000000 -0.355061 -1.388678 -5.834299
-0.785400 -0.915405 -4.000000 -0.353400 -1.383931 -5.837622
-0.785156 -0.918457 -4.000000 -0.373811 -1.379659 -5.845691
-0.790894 -0.921753 -4.000000 -0.392086 -1.362571 -5.843792
-0.780151 -0.914795 -4.000000 -0.410836 -1.340023 -5.846403
-0.777832 -0.911865 -4.000000 -0.417956 -1.323172 -5.835723
-0.784424 -0.914307 -4.000000 -0.403478 -1.317476 -5.831688
-0.779663 -0.920166 -4.000000 -0.395884 -1.320324 -5.832163
-0.789185 -0.918579 -4.000000 -0.390187 -1.330530 -5.832400
-0.781372 -0.913086 -4.000000 -0.371438 -1.347381 -5.834299
-0.780029 -0.920044 -4.000000 -0.347466 -1.364944 -5.835485
-0.790649 -0.915161 -4.000000 -0.334175 -1.367317 -5.824568
-0.786621 -0.915405 -4.000000 -0.323495 -1.361621 -5.819821
-0.781982 -0.918701 -4.000000 -0.332276 -1.350704 -5.814837
-0.780029 -0.921265 -4.000000 -0.359096 -1.343346 -5.795850
-0.782837 -0.916992 -4.000000 -0.384729 -1.359248 -5.771641
-0.776733 -0.912598 -4.000000 -0.396358 -1.392950 -5.737464
-0.786377 -0.915894 -4.000000 -0.365741 -1.436146 -5.699015
-0.785767 -0.915649 -4.000000 -0.302609 -1.446589 -5.649411
-0.782471 -0.915527 -4.000000 -0.204825 -1.393425 -5.586515
-0.787476 -0.915649 -4.000000 -0.094224 -1.285672 -5.522196
-0.783569 -0.918457 -4.000000 -0.007832 -1.173885 -5.485883
-0.785889 -0.916504 -4.000000 -0.007120 -1.077288 -5.472830
-0.785278 -0.915649 -4.000000 -0.088291 -1.048332 -5.457640
-0.787231 -0.917480 -4.000000 -0.215505 -1.123569 -5.483035
-0.787109 -0.913696 -4.000000 -0.311153 -1.300862 -5.503684
-0.783081 -0.927368 -4.000000 -0.331090 -1.532981 -5.523383
-0.780151 -0.916138 -4.000000 -0.283384 -1.724040 -5.530978
-0.786621 -0.912109 -4.000000 -0.219302 -1.774593 -5.493716
-0.782104 -0.926147 -4.000000 -0.166613 -1.705527 -5.450045
-0.789185 -0.917358 -4.000000 -0.157119 -1.569531 -5.407324
-0.788818 -0.919800 -4.000000 -0.171597 -1.411937 -5.383115
-0.785767 -0.921021 -4.000000 -0.186787 -1.307745 -5.357245
-0.787354 -0.921021 -4.000000 -0.185600 -1.264549 -5.341106
-0.783081 -0.915283 -4.000000 -0.161154 -1.247698 -5.325916
-0.781738 -0.913330 -4.000000 -0.124604 -1.284248 -5.323068
-0.782104 -0.917725 -4.000000 -0.107515 -1.312966 -5.280584
-0.789673 -0.918945 -4.000000 -0.066455 -1.293267 -5.224809
-0.784912 -0.922974 -4.000000 -0.032516 -1.210436 -5.196566
-0.781250 -0.922852 -4.000000 -0.008782 -1.106006 -5.207246
-0.789795 -0.916138 -4.000000 -0.019225 -1.039550 -5.225284
-0.783569 -0.917480 -4.000000 -0.061471 -1.024123 -5.252103
-0.783081 -0.919067 -4.000000 -0.120569 -1.047857 -5.289128
-0.789551 -0.914063 -4.000000 -0.166138 -1.082034 -5.296960
-0.786987 -0.917969 -4.000000 -0.168986 -1.105531 -5.316185
-0.777588 -0.912476 -4.000000 -0.151660 -1.117873 -5.327340
-0.781494 -0.912964 -4.000000 -0.161629 -1.135911 -5.368875
-0.792847 -0.918335 -4.000000 -0.207198 -1.170800 -5.426074
-0.776489 -0.907349 -4.000000 -0.276501 -1.209961 -5.473304
-0.784912 -0.918213 -4.000000 -0.329191 -1.232508 -5.501548
-0.786743 -0.917969 -4.000000 -0.336074 -1.219929 -5.508905
-0.790405 -0.915771 -4.000000 -0.316375 -1.174360 -5.512228
-0.784912 -0.923584 -4.000000 -0.276501 -1.125705 -5.506532
-0.783936 -0.922363 -4.000000 -0.251106 -1.084882 -5.516737
-0.786377 -0.918823 -4.000000 -0.255853 -1.088205 -5.519586
-0.786499 -0.912109 -4.000000 -0.291929 -1.119771 -5.538573
-0.786377 -0.915283 -4.000000 -0.305932 -1.176496 -5.559934
-0.782959 -0.912354 -4.000000 -0.295726 -1.237967 -5.594348
-0.787964 -0.921021 -4.000000 -0.274128 -1.306558 -5.624727
-0.781372 -0.913208 -4.000000 -0.277925 -1.379659 -5.661753
-0.783447 -0.924316 -4.000000 -0.302134 -1.421194 -5.694980
-0.779663 -0.930176 -4.000000 -0.316137 -1.422618 -5.728208
-0.785156 -0.926025 -4.000000 -0.330140 -1.419770 -5.754078
-0.786255 -0.917969 -4.000000 -0.318511 -1.417634 -5.766657
-0.780396 -0.918091 -4.000000 -0.296438 -1.420007 -5.771166
-0.781860 -0.917236 -4.000000 -0.276264 -1.422143 -5.774964
-0.786987 -0.920410 -4.000000 -0.273891 -1.428077 -5.789916
-0.789063 -0.921875 -4.000000 -0.295489 -1.447301 -5.814837
-0.780029 -0.915405 -4.000000 -0.328242 -1.461067 -5.857321
-0.780762 -0.914429 -4.000000 -0.350789 -1.467238 -5.886039
-0.785156 -0.914917 -4.000000 -0.376422 -1.479105 -5.921640
-0.777222 -0.923096 -4.000000 -0.400868 -1.492633 -5.962937
-0.786011 -0.920166 -4.000000 -0.424839 -1.504975 -5.991893
-0.785522 -0.913940 -4.000000 -0.445488 -1.515180 -6.027019
-0.787598 -0.911743 -4.000000 -0.449997 -1.532981 -6.060484
-0.788574 -0.915405 -4.000000 -0.441216 -1.540338 -6.108902
-0.784058 -0.917114 -4.000000 -0.439554 -1.549832 -6.138569
-0.787231 -0.917236 -4.000000 -0.435994 -1.546272 -6.168237
-0.777344 -0.916626 -4.000000 -0.444301 -1.531319 -6.198379
-0.779907 -0.918945 -4.000000 -0.459491 -1.531794 -6.234217
-0.777466 -0.921753 -4.000000 -0.479665 -1.534405 -6.260562
-0.785889 -0.916748 -4.000000 -0.487022 -1.545560 -6.289043
-0.786865 -0.911133 -4.000000 -0.486310 -1.559326 -6.315625
-0.787598 -0.918823 -4.000000 -0.472782 -1.566208 -6.331527
-0.781616 -0.913208 -4.000000 -0.456168 -1.554342 -6.331289
-0.791504 -0.920166 -4.000000 -0.448573 -1.539626 -6.331289
-0.782349 -0.915771 -4.000000 -0.451659 -1.529658 -6.330340
-0.779053 -0.918701 -4.000000 -0.481326 -1.521351 -6.335324
-0.779785 -0.915405 -4.000000 -0.512180 -1.505924 -6.354311
-0.785400 -0.924316 -4.000000 -0.545408 -1.491209 -6.354074
-0.788208 -0.920044 -4.000000 -0.581484 -1.473646 -6.355735
-0.786377 -0.920288 -4.000000 -0.615186 -1.459643 -6.368789
-0.786621 -0.920532 -4.000000 -0.651024 -1.452760 -6.371637
-0.781982 -0.913818 -4.000000 -0.682591 -1.455845 -6.381843
-0.776367 -0.916260 -4.000000 -0.693746 -1.464390 -6.367128
-0.785522 -0.915283 -4.000000 -0.700391 -1.455133 -6.365229
-0.782959 -0.911377 -4.000000 -0.698492 -1.419295 -6.349090
-0.786377 -0.916016 -4.000000 -0.696356 -1.372064 -6.324881
-0.778687 -0.918823 -4.000000 -0.685913 -1.307508 -6.293552
-0.783936 -0.922363 -4.000000 -0.676657 -1.257903 -6.276464
-0.785645 -0.923950 -4.000000 -0.704426 -1.252445 -6.257002
-0.781616 -0.915527 -4.000000 -0.745248 -1.268109 -6.254154
-0.787476 -0.923584 -4.000000 -0.789631 -1.300150 -6.249407
-0.787109 -0.921509 -4.000000 -0.804821 -1.334802 -6.240388
-0.783691 -0.918457 -4.000000 -0.807194 -1.346194 -6.212382
-0.784058 -0.919434 -4.000000 -0.801498 -1.332903 -6.195056
-0.782104 -0.914429 -4.000000 -0.801023 -1.307745 -6.155895
-0.790649 -0.916260 -4.000000 -0.801498 -1.283774 -6.129550
-0.788818 -0.919800 -4.000000 -0.817163 -1.264786 -6.114835
-0.792725 -0.918335 -4.000000 -0.816451 -1.265973 -6.091813
-0.778809 -0.914063 -4.000000 -0.813603 -1.263125 -6.065706
-0.787598 -0.923706 -4.000000 -0.812653 -1.241052 -6.044582
-0.791626 -0.916504 -4.000000 -0.806720 -1.196195 -6.009456
-0.780762 -0.922363 -4.000000 -0.806957 -1.153948 -5.984773
-0.781250 -0.916504 -4.000000 -0.812178 -1.128316 -5.959377
-0.783813 -0.920532 -4.000000 -0.802210 -1.111465 -5.964599
-0.786743 -0.917725 -4.000000 -0.810754 -1.085832 -5.951308
-0.786621 -0.917847 -4.000000 -0.826656 -1.112414 -5.948222
-0.783325 -0.916138 -4.000000 -0.846355 -1.158221 -5.938254
-0.778564 -0.913208 -4.000000 -0.867953 -1.202603 -5.922352
-0.785400 -0.917358 -4.000000 -0.904504 -1.230372 -5.898855
-0.786133 -0.911743 -4.000000 -0.941054 -1.269296 -5.873223
-0.777588 -0.921631 -4.000000 -0.956007 -1.300625 -5.852099
-0.786377 -0.917847 -4.000000 -0.976418 -1.339786 -5.840707
-0.779541 -0.913696 -4.000000 -0.986386 -1.390102 -5.817448
-0.781738 -0.923096 -4.000000 -0.983775 -1.437807 -5.790865
-0.783936 -0.922485 -4.000000 -0.966687 -1.479579 -5.745533
-0.783325 -0.914307 -4.000000 -0.916846 -1.536541 -5.699252
-0.786987 -0.912354 -4.000000 -0.838761 -1.566208 -5.668161
-0.786499 -0.918091 -4.000000 -0.742163 -1.557664 -5.630661
-0.782349 -0.918091 -4.000000 -0.648414 -1.526810 -5.589127
-0.780273 -0.921509 -4.000000 -0.557275 -1.470086 -5.534063
-0.785522 -0.916016 -4.000000 -0.501737 -1.406479 -5.482086
-0.783569 -0.919067 -4.000000 -0.471120 -1.342397 -5.462149
