-0.787598 -0.917847 -4.000000 -0.130062 -1.280688 -5.851150
-0.787598 -0.922852 -4.000000 -0.171122 -1.221116 -5.866577
-0.781738 -0.914307 -4.000000 -0.256090 -1.226575 -5.881530
-0.782959 -0.910645 -4.000000 -0.350077 -1.289470 -5.899330
-0.782837 -0.916504 -4.000000 -0.431959 -1.354976 -5.892210
-0.784302 -0.924561 -4.000000 -0.470883 -1.407191 -5.891498
-0.779175 -0.917847 -4.000000 -0.467798 -1.459643 -5.891023
-0.785156 -0.920288 -4.000000 -0.443352 -1.493108 -5.862542
-0.779175 -0.923828 -4.000000 -0.418194 -1.506636 -5.835960
-0.780396 -0.916382 -4.000000 -0.393985 -1.504975 -5.817210
-0.785400 -0.911865 -4.000000 -0.379032 -1.488124 -5.795612
-0.782837 -0.924072 -4.000000 -0.372624 -1.460355 -5.760011
-0.788208 -0.923218 -4.000000 -0.376659 -1.439706 -5.751467
-0.782837 -0.921265 -4.000000 -0.384729 -1.442792 -5.721087
-0.788330 -0.916260 -4.000000 -0.394697 -1.463915 -5.709458
-0.784058 -0.919434 -4.000000 -0.402766 -1.492396 -5.686199
-0.783325 -0.911255 -4.000000 -0.415345 -1.500228 -5.676705
-0.790161 -0.913574 -4.000000 -0.435045 -1.473646 -5.656056
-0.790405 -0.924194 -4.000000 -0.469696 -1.424516 -5.638019
-0.787598 -0.920166 -4.000000 -0.511706 -1.420244 -5.646563
-0.789673 -0.920166 -4.000000 -0.598335 -1.425228 -5.645851
-0.782837 -0.921387 -4.000000 -0.684015 -1.497143 -5.618794
-0.786865 -0.918457 -4.000000 -0.701103 -1.611541 -5.591025
-0.776978 -0.911377 -4.000000 -0.642005 -1.703391 -5.563256
-0.784546 -0.917847 -4.000000 -0.521437 -1.740179 -5.517687
-0.785645 -0.918213 -4.000000 -0.365979 -1.716682 -5.449808
-0.787842 -0.923706 -4.000000 -0.215980 -1.642157 -5.376944
-0.784546 -0.910522 -4.000000 -0.106803 -1.501415 -5.299571
-0.781494 -0.918335 -4.000000 -0.083544 -1.351653 -5.263495
-0.784668 -0.924438 -4.000000 -0.146676 -1.280213 -5.266106
-0.784424 -0.917114 -4.000000 -0.250631 -1.334564 -5.289840
-0.784668 -0.922119 -4.000000 -0.341770 -1.471985 -5.331850
-0.781860 -0.923584 -4.000000 -0.389238 -1.614151 -5.351549
-0.786499 -0.916138 -4.000000 -0.376422 -1.697695 -5.369112
-0.778931 -0.910767 -4.000000 -0.322545 -1.745400 -5.340868
-0.782471 -0.914917 -4.000000 -0.231169 -1.712647 -5.244271
-0.790771 -0.916382 -4.000000 -0.137420 -1.617474 -5.194667
-0.786255 -0.914795 -4.000000 -0.098022 -1.432586 -5.178528
-0.782593 -0.913574 -4.000000 -0.138607 -1.251970 -5.183512
-0.784668 -0.928223 -4.000000 -0.198416 -1.157746 -5.193717
-0.786987 -0.918457 -4.000000 -0.270568 -1.159882 -5.218638
-0.785522 -0.914551 -4.000000 -0.323732 -1.209486 -5.248068
-0.777100 -0.921631 -4.000000 -0.351738 -1.267872 -5.288891
-0.778809 -0.922607 -4.000000 -0.351501 -1.345957 -5.322831
-0.780640 -0.915894 -4.000000 -0.318748 -1.443029 -5.349175
-0.779907 -0.910767 -4.000000 -0.271517 -1.476257 -5.351074
-0.783936 -0.919800 -4.000000 -0.204113 -1.402918 -5.345615
-0.780884 -0.921753 -4.000000 -0.158543 -1.262413 -5.327340
-0.781494 -0.919800 -4.000000 -0.163053 -1.125468 -5.330425
-0.774536 -0.921753 -4.000000 -0.203875 -1.041449 -5.340868
-0.778809 -0.916992 -4.000000 -0.250157 -1.008459 -5.385963
-0.779663 -0.911499 -4.000000 -0.281011 -1.043111 -5.435330
-0.781860 -0.919556 -4.000000 -0.299286 -1.149202 -5.480662
-0.782227 -0.922119 -4.000000 -0.295489 -1.223727 -5.536437
-0.776978 -0.917603 -4.000000 -0.290267 -1.227999 -5.570139
-0.781128 -0.919800 -4.000000 -0.296438 -1.217318 -5.590075
-0.785400 -0.912476 -4.000000 -0.310916 -1.235831 -5.611674
-0.785034 -0.918335 -4.000000 -0.323020 -1.262888 -5.628525
-0.784180 -0.918091 -4.000000 -0.318748 -1.288995 -5.650360
-0.780518 -0.916626 -4.000000 -0.303321 -1.318188 -5.664600
-0.782959 -0.913208 -4.000000 -0.295014 -1.334802 -5.676705
-0.786011 -0.914429 -4.000000 -0.300710 -1.354976 -5.700439
-0.787598 -0.914795 -4.000000 -0.312102 -1.377760 -5.730344
-0.787231 -0.918091 -4.000000 -0.323732 -1.414548 -5.757164
-0.779053 -0.921753 -4.000000 -0.316137 -1.441605 -5.779948
-0.781250 -0.920776 -4.000000 -0.297150 -1.473171 -5.805818
-0.784790 -0.919189 -4.000000 -0.285995 -1.498329 -5.821008
-0.781494 -0.925659 -4.000000 -0.272467 -1.507823 -5.830502
-0.781738 -0.912354 -4.000000 -0.283859 -1.504737 -5.841894
-0.781982 -0.915771 -4.000000 -0.305932 -1.480766 -5.842369
-0.784424 -0.920166 -4.000000 -0.326818 -1.449437 -5.858270
-0.791626 -0.917358 -4.000000 -0.328242 -1.408377 -5.857558
-0.786377 -0.915771 -4.000000 -0.329428 -1.378710 -5.852337
-0.786987 -0.910889 -4.000000 -0.327055 -1.368741 -5.865865
-0.787231 -0.912354 -4.000000 -0.339397 -1.366368 -5.887938
-0.790649 -0.910889 -4.000000 -0.347941 -1.381083 -5.898618
-0.774902 -0.921875 -4.000000 -0.343194 -1.400070 -5.904552
-0.780396 -0.918213 -4.000000 -0.334175 -1.404817 -5.914282
-0.787476 -0.920044 -4.000000 -0.326818 -1.395324 -5.918555
-0.780640 -0.914307 -4.000000 -0.323732 -1.380608 -5.929472
-0.779297 -0.924194 -4.000000 -0.325394 -1.365181 -5.940865
-0.784912 -0.915771 -4.000000 -0.340583 -1.372302 -5.960327
-0.782715 -0.917725 -4.000000 -0.354586 -1.388915 -5.977415
-0.784790 -0.914551 -4.000000 -0.351976 -1.385593 -5.994029
-0.787231 -0.915649 -4.000000 -0.367165 -1.363757 -6.024408
-0.781616 -0.914307 -4.000000 -0.384017 -1.358061 -6.060247
-0.781250 -0.916504 -4.000000 -0.394697 -1.356162 -6.095848
-0.780518 -0.917114 -4.000000 -0.422940 -1.362333 -6.149961
-0.787598 -0.918701 -4.000000 -0.455931 -1.385830 -6.203363
-0.793579 -0.919678 -4.000000 -0.471832 -1.421431 -6.254391
-0.786621 -0.922119 -4.000000 -0.468747 -1.453235 -6.291654
-0.781860 -0.918823 -4.000000 -0.469459 -1.492633 -6.311590
-0.780884 -0.921631 -4.000000 -0.449522 -1.526335 -6.319422
-0.787964 -0.919312 -4.000000 -0.435757 -1.536778 -6.331052
-0.784912 -0.916992 -4.000000 -0.427213 -1.534642 -6.349802
-0.783569 -0.916870 -4.000000 -0.418668 -1.533930 -6.341495
-0.792480 -0.917236 -4.000000 -0.413447 -1.547459 -6.333900
-0.792725 -0.917114 -4.000000 -0.413921 -1.551731 -6.335324
-0.780640 -0.919800 -4.000000 -0.399206 -1.554104 -6.331289
-0.780884 -0.918457 -4.000000 -0.386390 -1.556240 -6.320609
-0.786255 -0.918091 -4.000000 -0.394460 -1.551493 -6.313489
-0.785278 -0.913940 -4.000000 -0.437893 -1.539152 -6.319897
-0.785645 -0.918335 -4.000000 -0.498415 -1.533693 -6.329154
-0.787842 -0.917480 -4.000000 -0.548493 -1.532744 -6.328204
-0.786011 -0.922363 -4.000000 -0.573889 -1.523725 -6.336986
-0.786011 -0.915894 -4.000000 -0.588604 -1.499279 -6.341258
-0.781860 -0.918701 -4.000000 -0.603082 -1.478393 -6.328916
-0.779175 -0.910767 -4.000000 -0.611863 -1.450149 -6.315150
-0.785767 -0.916870 -4.000000 -0.625866 -1.421906 -6.316575
-0.789307 -0.921753 -4.000000 -0.630138 -1.420482 -6.310878
-0.782593 -0.916504 -4.000000 -0.651736 -1.420719 -6.299011
-0.781006 -0.914795 -4.000000 -0.673809 -1.426890 -6.299723
-0.782471 -0.917236 -4.000000 -0.685439 -1.435197 -6.301384
-0.778809 -0.918457 -4.000000 -0.684727 -1.429263 -6.277650
-0.782715 -0.914429 -4.000000 -0.676182 -1.405292 -6.266970
-0.782715 -0.915527 -4.000000 -0.669300 -1.377048 -6.258663
-0.781372 -0.910767 -4.000000 -0.671436 -1.374675 -6.241812
-0.787842 -0.915039 -4.000000 -0.681167 -1.393662 -6.230657
-0.781006 -0.917236 -4.000000 -0.686863 -1.401494 -6.215467
-0.781494 -0.916626 -4.000000 -0.686151 -1.382507 -6.199328
-0.788330 -0.923950 -4.000000 -0.683777 -1.351178 -6.183901
-0.785767 -0.916382 -4.000000 -0.691372 -1.338125 -6.169186
-0.782715 -0.918335 -4.000000 -0.705375 -1.332903 -6.147113
-0.779663 -0.917725 -4.000000 -0.732195 -1.337650 -6.128601
-0.779053 -0.915283 -4.000000 -0.758777 -1.349517 -6.125041
-0.783936 -0.913940 -4.000000 -0.774916 -1.362571 -6.109139
-0.784912 -0.918091 -4.000000 -0.776815 -1.364707 -6.082557
-0.787476 -0.922974 -4.000000 -0.773492 -1.350229 -6.072351
-0.789673 -0.926636 -4.000000 -0.775865 -1.333615 -6.041972
-0.782349 -0.914551 -4.000000 -0.769932 -1.309406 -6.011829
-0.781250 -0.919556 -4.000000 -0.757353 -1.276653 -5.982162
-0.782837 -0.921021 -4.000000 -0.760438 -1.242476 -5.950833
-0.782593 -0.916992 -4.000000 -0.771356 -1.228236 -5.932083
-0.786255 -0.922974 -4.000000 -0.775628 -1.222540 -5.899330
-0.779785 -0.919312 -4.000000 -0.776815 -1.218742 -5.873697
-0.786987 -0.915771 -4.000000 -0.768033 -1.207350 -5.859931
-0.783691 -0.925537 -4.000000 -0.771593 -1.177445 -5.850201
-0.787476 -0.917969 -4.000000 -0.779426 -1.169376 -5.819346
-0.787231 -0.917236 -4.000000 -0.799837 -1.165578 -5.795375
-0.791138 -0.914307 -4.000000 -0.823333 -1.165103 -5.777575
-0.786133 -0.919434 -4.000000 -0.853476 -1.161781 -5.782559
-0.791626 -0.914307 -4.000000 -0.872463 -1.213996 -5.783745
-0.781494 -0.915771 -4.000000 -0.863681 -1.302998 -5.782321
-0.787720 -0.925415 -4.000000 -0.822384 -1.374438 -5.751467
-0.788574 -0.918579 -4.000000 -0.768033 -1.420007 -5.715629
-0.786255 -0.917480 -4.000000 -0.705138 -1.433535 -5.674806
-0.784912 -0.924072 -4.000000 -0.643430 -1.436621 -5.623541
-0.784180 -0.927002 -4.000000 -0.590028 -1.423567 -5.574648
-0.782593 -0.914307 -4.000000 -0.523810 -1.396036 -5.538573
-0.790649 -0.919922 -4.000000 -0.456168 -1.347618 -5.514364
