-0.788940 -0.921509 -4.000000 -0.463288 -1.375387 -5.858033
-0.791992 -0.918579 -4.000000 -0.449522 -1.380608 -5.860169
-0.780273 -0.922119 -4.000000 -0.389950 -1.386542 -5.860406
-0.789551 -0.917480 -4.000000 -0.342719 -1.366131 -5.863729
-0.776489 -0.920776 -4.000000 -0.289792 -1.335039 -5.863492
-0.788330 -0.916748 -4.000000 -0.247783 -1.303473 -5.854948
-0.785522 -0.914673 -4.000000 -0.236866 -1.290656 -5.847115
-0.785034 -0.918823 -4.000000 -0.200078 -1.303710 -5.821008
-0.786499 -0.918091 -4.000000 -0.151423 -1.334327 -5.828840
-0.783813 -0.924561 -4.000000 -0.102056 -1.380846 -5.824093
-0.781860 -0.919189 -4.000000 -0.054351 -1.441368 -5.832875
-0.786133 -0.917358 -4.000000 0.019225 -1.495481 -5.886514
-0.783447 -0.916870 -4.000000 0.079272 -1.541050 -5.949646
-0.787720 -0.916138 -4.000000 0.060759 -1.633376 -6.056924
-0.788208 -0.921997 -4.000000 -0.007120 -1.734008 -6.197430
-0.783936 -0.915649 -4.000000 -0.115822 -1.778153 -6.360482
-0.788086 -0.912109 -4.000000 -0.241138 -1.770321 -6.544184
-0.787964 -0.918091 -4.000000 -0.390899 -1.773881 -6.699879
-0.792969 -0.917480 -4.000000 -0.516690 -1.773644 -6.827806
-0.793335 -0.922119 -4.000000 -0.587892 -1.756793 -6.923691
-0.780518 -0.921509 -4.000000 -0.609253 -1.744214 -7.006523
-0.786499 -0.913696 -4.000000 -0.606642 -1.749910 -7.036427
-0.786865 -0.915771 -4.000000 -0.599759 -1.743264 -7.016728
-0.781738 -0.915771 -4.000000 -0.591452 -1.715258 -6.991807
-0.780762 -0.909912 -4.000000 -0.615423 -1.662806 -6.951222
-0.782349 -0.912842 -4.000000 -0.631088 -1.608930 -6.905178
-0.782349 -0.923340 -4.000000 -0.657433 -1.547221 -6.885716
-0.789185 -0.919678 -4.000000 -0.674521 -1.473171 -6.851065
-0.785278 -0.917603 -4.000000 -0.693034 -1.420007 -6.810005
-0.788452 -0.917114 -4.000000 -0.716293 -1.416447 -6.772980
-0.787354 -0.922974 -4.000000 -0.747859 -1.411937 -6.724800
-0.787109 -0.921631 -4.000000 -0.815739 -1.423092 -6.682316
-0.779053 -0.920654 -4.000000 -0.898808 -1.447776 -6.638170
-0.786377 -0.920044 -4.000000 -0.991845 -1.455608 -6.594737
-0.787720 -0.916504 -4.000000 -1.080373 -1.458693 -6.533741
-0.782593 -0.918945 -4.000000 -1.151575 -1.470323 -6.474168
-0.790527 -0.909912 -4.000000 -1.174122 -1.475307 -6.397982
-0.781128 -0.913940 -4.000000 -1.160831 -1.443029 -6.319185
-0.778320 -0.918091 -4.000000 -1.143268 -1.396273 -6.240625
-0.783936 -0.916504 -4.000000 -1.131639 -1.352602 -6.153996
-0.787842 -0.921143 -4.000000 -1.131164 -1.309881 -6.087304
-0.782715 -0.922852 -4.000000 -1.158933 -1.264312 -6.011829
-0.781250 -0.921753 -4.000000 -1.207113 -1.214233 -5.944900
-0.786499 -0.916504 -4.000000 -1.297065 -1.200467 -5.906450
-0.784546 -0.919800 -4.000000 -1.403868 -1.252445 -5.889836
-0.784546 -0.911255 -4.000000 -1.500703 -1.328156 -5.889836
-0.784180 -0.914673 -4.000000 -1.542712 -1.389865 -5.868950
-0.788086 -0.915771 -4.000000 -1.548171 -1.414548 -5.834774
-0.790649 -0.927002 -4.000000 -1.501415 -1.416921 -5.771166
-0.788452 -0.916260 -4.000000 -1.411225 -1.391289 -5.695692
-0.785156 -0.923584 -4.000000 -1.302761 -1.335039 -5.616658
-0.782715 -0.920166 -4.000000 -1.195246 -1.269296 -5.553051
-0.785889 -0.915527 -4.000000 -1.124281 -1.215420 -5.505820
-0.780273 -0.918945 -4.000000 -1.095088 -1.187176 -5.460725
-0.786499 -0.914185 -4.000000 -1.095088 -1.174834 -5.436279
-0.784546 -0.911743 -4.000000 -1.089392 -1.158221 -5.410409
-0.784668 -0.915039 -4.000000 -1.069218 -1.162493 -5.387862
-0.776367 -0.916626 -4.000000 -1.020563 -1.215657 -5.370061
-0.789307 -0.920532 -4.000000 -0.911387 -1.228473 -5.300283
-0.783569 -0.916138 -4.000000 -0.758065 -1.128316 -5.202024
-0.778198 -0.918335 -4.000000 -0.576500 -0.922542 -5.076709
-0.777466 -0.915161 -4.000000 -0.424364 -0.755691 -4.981061
-0.781494 -0.915161 -4.000000 -0.380931 -0.742400 -4.950444
-0.789185 -0.918579 -4.000000 -0.403716 -0.920406 -4.988656
-0.785889 -0.917725 -4.000000 -0.374760 -1.313441 -5.113259
-0.789429 -0.921631 -4.000000 -0.308068 -1.666129 -5.084541
-0.782593 -0.917358 -4.000000 -0.094224 -1.951412 -5.116582
-0.791016 -0.921997 -4.000000 0.207910 -2.053705 -5.158828
-0.785889 -0.916504 -4.000000 0.495804 -2.066522 -5.174493
-0.787842 -0.916382 -4.000000 0.794141 -1.923880 -5.204873
-0.787598 -0.922241 -4.000000 1.137097 -1.702442 -5.271327
-0.790039 -0.915649 -4.000000 1.426415 -1.537728 -5.380267
-0.784912 -0.912598 -4.000000 1.561462 -1.543899 -5.445536
-0.787720 -0.913208 -4.000000 1.585670 -1.766998 -5.378368
-0.786255 -0.910400 -4.000000 1.504500 -2.192312 -5.253527
-0.782471 -0.914795 -4.000000 1.356400 -2.480918 -5.254239
-0.787231 -0.919556 -4.000000 1.212572 -2.466440 -5.357957
-0.778687 -0.918335 -4.000000 1.259328 -2.187091 -5.482323
-0.778076 -0.914673 -4.000000 1.213046 -1.994370 -5.559221
-0.781860 -0.923218 -4.000000 1.031481 -1.872615 -5.634459
-0.783447 -0.923584 -4.000000 0.844931 -1.818264 -5.743398
-0.788574 -0.922363 -4.000000 0.674758 -1.819213 -5.843555
-0.786377 -0.918091 -4.000000 0.530693 -1.856476 -5.918792
-0.784302 -0.921631 -4.000000 0.439554 -1.897773 -5.952257
-0.778931 -0.922974 -4.000000 0.344618 -1.921982 -5.943238
-0.785278 -0.920532 -4.000000 0.193907 -1.895637 -5.947985
-0.784912 -0.916870 -4.000000 0.091851 -1.845795 -5.965311
-0.792114 -0.914063 -4.000000 0.032278 -1.815653 -5.957716
-0.778198 -0.916626 -4.000000 -0.014003 -1.800701 -5.928048
-0.787231 -0.916016 -4.000000 -0.043908 -1.745163 -5.907637
-0.787598 -0.919800 -4.000000 -0.063133 -1.663043 -5.925200
-0.781860 -0.921509 -4.000000 -0.075949 -1.607743 -5.920691
-0.781006 -0.912109 -4.000000 -0.131724 -1.642869 -5.941339
-0.787476 -0.919556 -4.000000 -0.094224 -1.599199 -5.926624
-0.795288 -0.915771 -4.000000 -0.080696 -1.571667 -5.915469
-0.786011 -0.920044 -4.000000 -0.062183 -1.549832 -5.893396
-0.788940 -0.914917 -4.000000 -0.080458 -1.526573 -5.880343
-0.788818 -0.921021 -4.000000 -0.123892 -1.483614 -5.870612
-0.786621 -0.916504 -4.000000 -0.151660 -1.429975 -5.868238
-0.784668 -0.919678 -4.000000 -0.201265 -1.386067 -5.862542
-0.779907 -0.915405 -4.000000 -0.292878 -1.384169 -5.848777
-0.783203 -0.912231 -4.000000 -0.379032 -1.406953 -5.830502
-0.785645 -0.919312 -4.000000 -0.455931 -1.452048 -5.820296
-0.785156 -0.913940 -4.000000 -0.538288 -1.505212 -5.807005
-0.789429 -0.907837 -4.000000 -0.592164 -1.532269 -5.784932
-0.783569 -0.920044 -4.000000 -0.610677 -1.531319 -5.758112
-0.788330 -0.921021 -4.000000 -0.618509 -1.536778 -5.709220
-0.790039 -0.917114 -4.000000 -0.634411 -1.554579 -5.666499
-0.786255 -0.917847 -4.000000 -0.662179 -1.565971 -5.612386
-0.792236 -0.912109 -4.000000 -0.705613 -1.577363 -5.539997
-0.790649 -0.921753 -4.000000 -0.786308 -1.621034 -5.424175
-0.795898 -0.919556 -4.000000 -0.926102 -1.657347 -5.276312
-0.783203 -0.919800 -4.000000 -1.073490 -1.595876 -5.131534
-0.779175 -0.916626 -4.000000 -1.172461 -1.495956 -5.067452
-0.781616 -0.916382 -4.000000 -1.188838 -1.453472 -5.056772
-0.787231 -0.912598 -4.000000 -1.162967 -1.513282 -5.020934
-0.784180 -0.916870 -4.000000 -1.134487 -1.612727 -4.956852
-0.780151 -0.909668 -4.000000 -1.035990 -1.621509 -4.947833
-0.787476 -0.920410 -4.000000 -0.926814 -1.559563 -4.982722
-0.776489 -0.913696 -4.000000 -0.868191 -1.497855 -5.034225
-0.781250 -0.921021 -4.000000 -0.830454 -1.435197 -5.091187
-0.786865 -0.918579 -4.000000 -0.864393 -1.315814 -5.178290
-0.788086 -0.910645 -4.000000 -0.935121 -1.112414 -5.359144
-0.791016 -0.924561 -4.000000 -0.946750 -0.915896 -5.617370
-0.782227 -0.915771 -4.000000 -0.953396 -0.886703 -5.812226
-0.789429 -0.918457 -4.000000 -0.869140 -1.137572 -5.758587
-0.790283 -0.917358 -4.000000 -0.761150 -1.513044 -5.503209
-0.780884 -0.914307 -4.000000 -0.759726 -1.705527 -5.295062
-0.785278 -0.918213 -4.000000 -0.722227 -1.682268 -5.289603
-0.782349 -0.912842 -4.000000 -0.683777 -1.490497 -5.382640
-0.781860 -0.919922 -4.000000 -0.647227 -1.227761 -5.442925
-0.784302 -0.912354 -4.000000 -0.587892 -0.999203 -5.511516
-0.786621 -0.914917 -4.000000 -0.632987 -0.972858 -5.587940
-0.791382 -0.926147 -4.000000 -0.714157 -1.172224 -5.654632
-0.792480 -0.915894 -4.000000 -0.767558 -1.337175 -5.685486
-0.783813 -0.911499 -4.000000 -0.784410 -1.365893 -5.676230
-0.791626 -0.913452 -4.000000 -0.743350 -1.321036 -5.667449
-0.784180 -0.916870 -4.000000 -0.666689 -1.252919 -5.651072
-0.785278 -0.918823 -4.000000 -0.591452 -1.160357 -5.672670
-0.785522 -0.920288 -4.000000 -0.498177 -1.112889 -5.712780
-0.790771 -0.916748 -4.000000 -0.400156 -1.162493 -5.738176
-0.785278 -0.916382 -4.000000 -0.351976 -1.314391 -5.737226
-0.780273 -0.915771 -4.000000 -0.314239 -1.432823 -5.746958
-0.785156 -0.917358 -4.000000 -0.254191 -1.449437 -5.755739
-0.796143 -0.920654 -4.000000 -0.190347 -1.407191 -5.757875
-0.794556 -0.918457 -4.000000 -0.137420 -1.368741 -5.778998
-0.781982 -0.922241 -4.000000 -0.096123 -1.340498 -5.796799
-0.781982 -0.920532 -4.000000 -0.040111 -1.314865 -5.817448
-0.780762 -0.913696 -4.000000 -0.008544 -1.296827 -5.820296
-0.791260 -0.912964 -4.000000 -0.020649 -1.274992 -5.830976
