-0.782593 -0.915405 -4.000000 -0.374286 -1.328156 -6.036275
-0.779785 -0.912476 -4.000000 -0.336549 -1.301574 -6.042209
-0.785034 -0.921143 -4.000000 -0.312815 -1.327207 -6.038174
-0.779663 -0.916626 -4.000000 -0.265109 -1.388678 -6.016814
-0.780151 -0.914673 -4.000000 -0.198654 -1.423330 -5.947748
-0.784790 -0.914917 -4.000000 0.008070 -1.575940 -5.846641
-0.779053 -0.908569 -4.000000 0.177768 -1.525386 -5.814600
-0.782227 -0.911621 -4.000000 0.054826 -1.437095 -5.923064
-0.784302 -0.919922 -4.000000 0.107990 -1.406479 -5.966023
-0.784912 -0.917603 -4.000000 0.252293 -1.266685 -5.997589
-0.784912 -0.909790 -4.000000 0.380694 -1.176496 -6.013728
-0.786865 -0.918335 -4.000000 0.416532 -1.151812 -6.021798
-0.789063 -0.913696 -4.000000 0.391374 -1.192160 -6.020611
-0.780640 -0.917236 -4.000000 0.404191 -1.328631 -5.965548
-0.785889 -0.919434 -4.000000 0.436943 -1.488836 -5.883666
-0.784790 -0.921997 -4.000000 0.486073 -1.718818 -5.823856
-0.776855 -0.917603 -4.000000 0.518351 -1.906317 -5.763097
-0.784790 -0.921265 -4.000000 0.569854 -2.056079 -5.670059
-0.780396 -0.911377 -4.000000 0.594063 -2.192549 -5.579158
-0.787720 -0.920166 -4.000000 0.546357 -2.269448 -5.457877
-0.786865 -0.917969 -4.000000 0.462814 -2.266837 -5.364840
-0.782104 -0.919189 -4.000000 0.475867 -2.173800 -5.342055
-0.789917 -0.916016 -4.000000 0.579585 -1.990573 -5.332799
-0.790894 -0.920288 -4.000000 0.732195 -1.784562 -5.338970
-0.778442 -0.914185 -4.000000 0.824045 -1.592553 -5.345140
-0.784424 -0.912964 -4.000000 0.925390 -1.471272 -5.372435
-0.782959 -0.915527 -4.000000 0.860596 -1.457744 -5.403289
-0.786499 -0.918701 -4.000000 0.580297 -1.537965 -5.448621
-0.784302 -0.919312 -4.000000 0.239951 -1.663281 -5.506532
-0.788452 -0.915161 -4.000000 -0.002136 -1.754894 -5.538098
-0.784912 -0.913818 -4.000000 -0.144303 -1.773881 -5.552814
-0.784546 -0.923096 -4.000000 -0.202451 -1.751571 -5.531690
-0.787231 -0.917969 -4.000000 -0.239239 -1.712885 -5.501073
-0.784668 -0.921875 -4.000000 -0.298811 -1.638123 -5.481136
-0.783691 -0.911865 -4.000000 -0.344143 -1.550544 -5.436517
-0.786743 -0.920288 -4.000000 -0.343431 -1.459643 -5.392609
-0.781006 -0.923828 -4.000000 -0.372862 -1.369216 -5.358432
-0.790771 -0.917725 -4.000000 -0.435757 -1.297539 -5.345140
-0.786621 -0.917480 -4.000000 -0.537101 -1.234644 -5.356296
-0.782471 -0.925537 -4.000000 -0.677607 -1.194534 -5.367213
-0.789551 -0.916992 -4.000000 -0.833302 -1.197856 -5.373384
-0.776245 -0.913330 -4.000000 -0.993269 -1.229185 -5.380267
-0.785278 -0.921875 -4.000000 -1.162018 -1.300625 -5.357008
-0.788696 -0.916626 -4.000000 -1.344770 -1.438757 -5.322119
-0.782349 -0.919312 -4.000000 -1.546272 -1.580449 -5.300046
-0.776367 -0.921875 -4.000000 -1.724514 -1.635037 -5.269904
-0.782471 -0.915161 -4.000000 -1.841286 -1.609879 -5.213654
-0.782837 -0.917847 -4.000000 -1.902045 -1.512807 -5.173069
-0.784912 -0.926636 -4.000000 -1.954497 -1.373251 -5.158828
-0.777588 -0.916138 -4.000000 -2.074354 -1.237255 -5.135094
-0.779541 -0.921509 -4.000000 -2.199907 -1.102208 -5.133908
-0.787842 -0.924316 -4.000000 -2.339226 -0.939156 -5.134145
-0.784424 -0.919678 -4.000000 -2.454098 -0.723176 -5.173069
-0.784058 -0.916138 -4.000000 -2.591044 -0.529032 -5.266344
-0.779785 -0.920898 -4.000000 -2.687167 -0.455693 -5.374571
-0.779785 -0.911133 -4.000000 -2.743179 -0.561310 -5.479238
-0.779541 -0.912720 -4.000000 -2.739382 -0.754742 -5.594110
-0.780396 -0.914673 -4.000000 -2.659161 -0.911387 -5.685961
-0.781860 -0.918091 -4.000000 -2.508450 -0.993744 -5.751942
-0.787598 -0.921021 -4.000000 -2.317153 -1.000864 -5.788730
-0.782959 -0.919922 -4.000000 -2.114465 -0.915659 -5.799884
-0.784912 -0.911133 -4.000000 -1.897536 -0.769695 -5.802732
-0.778809 -0.924683 -4.000000 -1.673724 -0.636072 -5.841894
-0.780151 -0.916382 -4.000000 -1.420007 -0.567243 -5.878207
-0.783203 -0.913818 -4.000000 -1.178157 -0.582196 -5.938016
-0.784546 -0.919312 -4.000000 -0.961465 -0.656483 -6.002099
-0.784180 -0.916626 -4.000000 -0.782748 -0.755929 -6.052652
-0.784546 -0.922974 -4.000000 -0.663366 -0.871988 -6.073300
-0.781494 -0.912842 -4.000000 -0.618271 -1.010120 -6.088965
-0.787964 -0.917969 -4.000000 -0.566057 -1.120484 -6.158506
-0.784546 -0.914551 -4.000000 -0.524047 -1.245087 -6.210246
-0.780151 -0.919067 -4.000000 -0.451659 -1.339786 -6.256527
-0.783203 -0.923584 -4.000000 -0.378320 -1.438757 -6.269818
-0.783081 -0.914429 -4.000000 -0.253242 -1.495244 -6.289755
-0.781982 -0.910400 -4.000000 -0.089240 -1.527285 -6.312065
-0.786865 -0.915649 -4.000000 0.088528 -1.536304 -6.312777
-0.787354 -0.917480 -4.000000 0.246834 -1.534880 -6.336986
-0.783203 -0.909180 -4.000000 0.393748 -1.542949 -6.336748
-0.781494 -0.917114 -4.000000 0.508620 -1.589943 -6.361194
-0.782471 -0.923584 -4.000000 0.584569 -1.635275 -6.364280
-0.778076 -0.918335 -4.000000 0.662654 -1.650702 -6.345293
-0.782593 -0.908936 -4.000000 0.755929 -1.607506 -6.321796
-0.786621 -0.914917 -4.000000 0.906403 -1.503788 -6.306843
-0.786865 -0.918213 -4.000000 1.033380 -1.351416 -6.268394
-0.780151 -0.920654 -4.000000 1.042636 -1.188125 -6.226623
-0.789063 -0.919189 -4.000000 1.022699 -1.115262 -6.211195
-0.782471 -0.914185 -4.000000 1.053079 -1.141369 -6.226385
-0.780029 -0.913818 -4.000000 1.056402 -1.262888 -6.232081
-0.781372 -0.913574 -4.000000 0.955532 -1.439706 -6.247983
-0.783081 -0.914307 -4.000000 0.826894 -1.567633 -6.238727
-0.790283 -0.918579 -4.000000 0.732907 -1.634088 -6.233505
-0.780762 -0.922852 -4.000000 0.673334 -1.636936 -6.226860
-0.781494 -0.913452 -4.000000 0.645803 -1.609404 -6.214281
-0.783447 -0.915405 -4.000000 0.597386 -1.584958 -6.188648
-0.787964 -0.918945 -4.000000 0.501263 -1.601810 -6.162778
-0.782715 -0.912598 -4.000000 0.393036 -1.654262 -6.114123
-0.779663 -0.916382 -4.000000 0.307356 -1.669452 -6.071165
-0.782471 -0.915527 -4.000000 0.240188 -1.657822 -6.045532
-0.786865 -0.915039 -4.000000 0.177768 -1.649040 -5.999962
-0.784302 -0.921021 -4.000000 0.103718 -1.631240 -5.955342
-0.780518 -0.910889 -4.000000 0.039398 -1.588756 -5.913808
-0.785156 -0.922363 -4.000000 -0.036550 -1.532744 -5.867764
-0.784790 -0.924561 -4.000000 -0.099446 -1.465339 -5.812464
-0.783936 -0.916870 -4.000000 -0.154983 -1.429026 -5.761198
-0.782349 -0.916382 -4.000000 -0.236866 -1.430450 -5.725834
-0.784546 -0.922607 -4.000000 -0.353874 -1.474358 -5.694268
-0.785034 -0.916016 -4.000000 -0.490108 -1.547696 -5.638019
-0.781250 -0.916504 -4.000000 -0.616847 -1.633139 -5.583905
-0.788452 -0.922729 -4.000000 -0.695170 -1.717157 -5.496326
-0.782104 -0.921631 -4.000000 -0.683065 -1.770558 -5.414918
-0.783325 -0.923218 -4.000000 -0.607591 -1.768185 -5.342530
-0.780762 -0.920288 -4.000000 -0.453557 -1.681081 -5.242610
-0.782471 -0.916504 -4.000000 -0.252293 -1.527285 -5.158116
-0.785522 -0.914429 -4.000000 -0.052927 -1.332428 -5.102579
-0.784302 -0.915405 -4.000000 0.061471 -1.111465 -5.064604
-0.784302 -0.924927 -4.000000 0.112025 -0.940342 -5.060095
-0.782104 -0.921631 -4.000000 0.097310 -0.874362 -5.089762
-0.782959 -0.916016 -4.000000 -0.032753 -0.941054 -5.137468
-0.787964 -0.924805 -4.000000 -0.243748 -1.144930 -5.197989
-0.786865 -0.916382 -4.000000 -0.439317 -1.393899 -5.246644
-0.785156 -0.917358 -4.000000 -0.576262 -1.581161 -5.266818
-0.788452 -0.917969 -4.000000 -0.650075 -1.660907 -5.269666
-0.789185 -0.921265 -4.000000 -0.673334 -1.646904 -5.242135
-0.785645 -0.916260 -4.000000 -0.630613 -1.570006 -5.234066
-0.777222 -0.916260 -4.000000 -0.587180 -1.507586 -5.197515
-0.778442 -0.921387 -4.000000 -0.402766 -1.401257 -5.124889
-0.786011 -0.911133 -4.000000 -0.423178 -1.193347 -5.066978
-0.789185 -0.915527 -4.000000 -0.672148 -1.094376 -5.146724
-0.785767 -0.914673 -4.000000 -0.710359 -1.123094 -5.159066
-0.783691 -0.914673 -4.000000 -0.665027 -1.080136 -5.174968
-0.780273 -0.918213 -4.000000 -0.610202 -1.041924 -5.183987
-0.782471 -0.916138 -4.000000 -0.563209 -1.002051 -5.210806
-0.784790 -0.915527 -4.000000 -0.531168 -0.995168 -5.256850
-0.787964 -0.917480 -4.000000 -0.464000 -1.094376 -5.320932
-0.785645 -0.918091 -4.000000 -0.460915 -1.176970 -5.377419
-0.784546 -0.918945 -4.000000 -0.526183 -1.242476 -5.436279
-0.789429 -0.922119 -4.000000 -0.610914 -1.309169 -5.474254
-0.783325 -0.916504 -4.000000 -0.675470 -1.360435 -5.517687
-0.780518 -0.916504 -4.000000 -0.735755 -1.385593 -5.545693
-0.785034 -0.915649 -4.000000 -0.768270 -1.357112 -5.556848
-0.778320 -0.915161 -4.000000 -0.762574 -1.307745 -5.565867
-0.779663 -0.915771 -4.000000 -0.727448 -1.289470 -5.590313
-0.782593 -0.917847 -4.000000 -0.660281 -1.283774 -5.627575
-0.787598 -0.916748 -4.000000 -0.559174 -1.255055 -5.662702
-0.782715 -0.915894 -4.000000 -0.462576 -1.238442 -5.692132
-0.785645 -0.925415 -4.000000 -0.376184 -1.239866 -5.721325
-0.782104 -0.924072 -4.000000 -0.356010 -1.228711 -5.744584
-0.786865 -0.920654 -4.000000 -0.364317 -1.283062 -5.755739
-0.781616 -0.919189 -4.000000 -0.370251 -1.400545 -5.798935
-0.780640 -0.916992 -4.000000 -0.436469 -1.518028 -5.856609
