-0.783447 -0.917725 -4.000000 -0.272941 -1.425228 -5.861593
-0.785278 -0.911255 -4.000000 -0.270568 -1.461067 -5.840232
-0.785645 -0.915894 -4.000000 -0.312102 -1.465102 -5.825755
-0.787598 -0.919189 -4.000000 -0.346992 -1.468424 -5.774489
-0.779175 -0.918945 -4.000000 -0.363131 -1.454896 -5.736278
-0.780151 -0.920166 -4.000000 -0.378320 -1.447064 -5.700676
-0.784302 -0.913574 -4.000000 -0.399918 -1.424991 -5.680502
-0.781128 -0.916382 -4.000000 -0.402766 -1.420244 -5.649411
-0.773560 -0.925171 -4.000000 -0.409887 -1.432823 -5.628762
-0.782104 -0.919067 -4.000000 -0.435757 -1.463440 -5.615234
-0.785767 -0.916504 -4.000000 -0.475630 -1.444453 -5.564918
-0.784302 -0.910889 -4.000000 -0.494142 -1.413361 -5.522671
-0.785278 -0.918945 -4.000000 -0.487260 -1.396748 -5.450520
-0.788086 -0.913696 -4.000000 -0.472070 -1.377998 -5.390472
-0.782471 -0.918335 -4.000000 -0.448810 -1.358061 -5.326391
-0.781738 -0.917725 -4.000000 -0.447386 -1.332666 -5.260410
-0.782715 -0.921387 -4.000000 -0.451896 -1.331716 -5.216502
-0.783813 -0.912964 -4.000000 -0.462814 -1.371827 -5.173069
-0.784302 -0.918823 -4.000000 -0.476579 -1.454184 -5.122753
-0.785400 -0.917480 -4.000000 -0.478715 -1.519452 -5.059383
-0.785400 -0.926270 -4.000000 -0.444301 -1.513756 -4.999810
-0.782837 -0.921509 -4.000000 -0.392086 -1.456557 -4.954953
-0.782715 -0.918823 -4.000000 -0.330140 -1.322935 -4.958276
-0.773438 -0.923584 -4.000000 -0.342957 -1.229660 -4.966820
-0.778931 -0.920288 -4.000000 -0.407276 -1.272619 -5.009304
-0.783447 -0.919922 -4.000000 -0.488684 -1.428077 -5.070063
-0.784790 -0.928101 -4.000000 -0.551579 -1.673486 -5.133670
-0.785278 -0.922974 -4.000000 -0.625154 -1.877599 -5.162626
-0.783936 -0.917480 -4.000000 -0.711784 -1.940494 -5.155031
-0.787964 -0.920288 -4.000000 -0.684489 -1.817789 -5.091898
-0.783203 -0.923096 -4.000000 -0.524522 -1.571905 -5.043481
-0.781982 -0.914673 -4.000000 -0.391849 -1.332428 -5.001472
-0.779541 -0.917847 -4.000000 -0.323732 -1.160357 -4.976789
-0.787842 -0.919678 -4.000000 -0.349128 -1.129265 -4.995776
-0.783203 -0.916992 -4.000000 -0.435045 -1.210198 -5.012152
-0.779907 -0.916748 -4.000000 -0.494617 -1.284723 -5.019035
-0.787964 -0.915405 -4.000000 -0.474443 -1.293267 -5.031139
-0.784424 -0.915649 -4.000000 -0.465899 -1.274517 -5.040870
-0.781494 -0.913696 -4.000000 -0.478478 -1.221116 -5.024969
-0.783203 -0.916260 -4.000000 -0.476817 -1.155135 -5.019747
-0.785156 -0.916138 -4.000000 -0.440029 -1.098411 -5.038971
-0.778442 -0.912109 -4.000000 -0.394222 -1.076101 -5.057247
-0.789307 -0.908203 -4.000000 -0.378320 -1.100784 -5.096883
-0.784790 -0.916870 -4.000000 -0.384966 -1.168189 -5.168560
-0.785522 -0.912720 -4.000000 -0.391611 -1.252682 -5.248306
-0.787354 -0.918457 -4.000000 -0.410836 -1.335039 -5.345140
-0.787476 -0.917603 -4.000000 -0.432434 -1.412175 -5.441976
-0.785522 -0.913940 -4.000000 -0.433383 -1.464152 -5.535013
-0.775391 -0.919312 -4.000000 -0.422940 -1.530370 -5.617133
-0.779541 -0.915283 -4.000000 -0.381406 -1.573091 -5.697828
-0.782227 -0.916870 -4.000000 -0.364317 -1.591841 -5.790865
-0.787476 -0.919434 -4.000000 -0.383542 -1.588044 -5.884140
-0.790161 -0.915771 -4.000000 -0.439554 -1.570955 -5.999962
-0.784546 -0.912964 -4.000000 -0.499364 -1.551731 -6.110088
-0.781860 -0.915894 -4.000000 -0.558699 -1.538202 -6.210721
-0.788086 -0.918091 -4.000000 -0.613050 -1.551019 -6.294502
-0.778931 -0.917236 -4.000000 -0.634411 -1.589468 -6.360245
-0.781250 -0.919556 -4.000000 -0.627765 -1.591604 -6.395371
-0.780762 -0.913574 -4.000000 -0.599759 -1.573329 -6.412222
-0.777100 -0.911743 -4.000000 -0.562971 -1.528946 -6.425276
-0.786133 -0.911987 -4.000000 -0.523573 -1.496668 -6.424564
-0.779297 -0.920532 -4.000000 -0.499839 -1.475070 -6.418393
-0.785278 -0.916504 -4.000000 -0.487022 -1.435671 -6.414359
-0.787476 -0.915649 -4.000000 -0.483462 -1.415497 -6.416020
-0.783081 -0.919189 -4.000000 -0.487972 -1.414311 -6.432871
-0.781494 -0.916504 -4.000000 -0.492956 -1.382033 -6.440941
-0.780762 -0.916138 -4.000000 -0.504348 -1.331716 -6.435245
-0.781372 -0.916748 -4.000000 -0.500076 -1.280213 -6.442365
-0.781372 -0.916748 -4.000000 -0.486548 -1.260040 -6.438330
-0.779053 -0.917236 -4.000000 -0.517877 -1.294454 -6.457554
-0.776978 -0.917236 -4.000000 -0.582670 -1.373251 -6.463013
-0.780640 -0.922119 -4.000000 -0.688999 -1.506161 -6.437380
-0.783203 -0.917236 -4.000000 -0.786071 -1.585433 -6.395134
-0.792358 -0.918213 -4.000000 -0.770407 -1.545797 -6.353600
-0.783569 -0.919678 -4.000000 -0.717954 -1.442317 -6.271242
-0.783203 -0.920898 -4.000000 -0.653398 -1.325071 -6.207160
-0.783691 -0.914917 -4.000000 -0.587417 -1.235119 -6.170610
-0.776001 -0.915771 -4.000000 -0.577924 -1.220404 -6.149012
-0.773926 -0.912476 -4.000000 -0.606879 -1.223489 -6.125753
-0.785400 -0.918091 -4.000000 -0.612813 -1.202129 -6.104867
-0.784790 -0.919678 -4.000000 -0.620408 -1.172224 -6.078759
-0.787598 -0.922363 -4.000000 -0.618034 -1.150151 -6.075199
-0.785522 -0.918335 -4.000000 -0.642717 -1.143031 -6.076386
-0.786743 -0.912598 -4.000000 -0.678793 -1.160357 -6.074487
-0.783691 -0.912842 -4.000000 -0.711071 -1.180293 -6.058348
-0.793945 -0.912231 -4.000000 -0.746910 -1.200704 -6.037462
-0.786987 -0.917725 -4.000000 -0.774204 -1.225625 -6.007082
-0.792114 -0.916992 -4.000000 -0.799599 -1.263600 -5.984298
-0.778809 -0.920776 -4.000000 -0.832827 -1.304659 -5.944425
-0.786743 -0.915161 -4.000000 -0.841846 -1.330292 -5.905501
-0.782959 -0.913574 -4.000000 -0.843270 -1.325783 -5.858508
-0.788208 -0.918091 -4.000000 -0.831640 -1.290894 -5.797749
-0.790771 -0.928833 -4.000000 -0.820723 -1.219692 -5.726784
-0.785278 -0.919556 -4.000000 -0.816213 -1.135199 -5.692607
-0.778076 -0.916504 -4.000000 -0.815264 -1.078000 -5.670534
-0.783813 -0.917725 -4.000000 -0.825469 -1.060199 -5.656294
-0.780762 -0.915039 -4.000000 -0.855612 -1.080848 -5.658430
-0.783691 -0.913818 -4.000000 -0.885042 -1.149914 -5.650123
-0.779541 -0.916504 -4.000000 -0.916608 -1.246986 -5.628287
-0.781982 -0.917969 -4.000000 -0.936782 -1.328394 -5.614759
-0.789551 -0.914307 -4.000000 -0.943428 -1.390814 -5.582955
-0.780151 -0.917969 -4.000000 -0.919219 -1.429975 -5.524570
-0.792480 -0.919800 -4.000000 -0.863207 -1.460829 -5.485171
-0.789429 -0.915283 -4.000000 -0.787258 -1.453947 -5.437466
-0.784424 -0.920654 -4.000000 -0.703477 -1.431874 -5.387862
-0.786499 -0.919922 -4.000000 -0.620882 -1.428314 -5.351074
-0.778931 -0.922852 -4.000000 -0.569142 -1.472934 -5.312862
-0.785889 -0.909668 -4.000000 -0.562022 -1.540813 -5.262784
-0.775513 -0.913086 -4.000000 -0.564870 -1.621271 -5.213180
-0.783691 -0.915649 -4.000000 -0.549680 -1.688201 -5.194429
-0.785522 -0.914063 -4.000000 -0.500551 -1.744451 -5.200600
-0.780518 -0.920898 -4.000000 -0.415820 -1.781239 -5.236439
-0.790771 -0.921509 -4.000000 -0.332988 -1.825384 -5.297910
-0.796387 -0.918579 -4.000000 -0.278637 -1.906554 -5.352736
-0.788086 -0.919189 -4.000000 -0.253242 -1.973959 -5.358432
-0.782959 -0.919067 -4.000000 -0.256090 -1.964228 -5.318796
-0.788940 -0.916504 -4.000000 -0.252055 -1.859798 -5.259223
-0.784790 -0.909180 -4.000000 -0.214793 -1.671113 -5.220300
-0.796753 -0.917114 -4.000000 -0.194619 -1.476257 -5.216977
-0.785522 -0.921997 -4.000000 -0.215505 -1.308457 -5.241898
-0.782593 -0.912964 -4.000000 -0.273179 -1.232745 -5.315948
-0.781128 -0.917725 -4.000000 -0.312102 -1.135673 -5.319508
-0.780640 -0.916260 -4.000000 -0.364792 -1.222540 -5.354397
-0.781372 -0.910156 -4.000000 -0.447386 -1.432349 -5.403526
-0.779785 -0.916260 -4.000000 -0.444301 -1.511146 -5.431058
-0.786621 -0.914795 -4.000000 -0.471358 -1.531794 -5.446485
-0.790039 -0.920166 -4.000000 -0.480377 -1.523013 -5.448858
-0.784058 -0.918823 -4.000000 -0.420567 -1.458219 -5.444586
-0.792480 -0.919312 -4.000000 -0.360283 -1.385355 -5.458589
-0.779419 -0.914917 -4.000000 -0.353400 -1.307508 -5.481611
-0.783691 -0.915894 -4.000000 -0.368589 -1.267872 -5.507007
-0.779785 -0.919312 -4.000000 -0.364080 -1.263125 -5.558272
-0.786133 -0.917480 -4.000000 -0.374523 -1.284960 -5.592924
-0.785156 -0.921021 -4.000000 -0.406089 -1.301337 -5.641341
-0.779541 -0.918091 -4.000000 -0.446912 -1.303710 -5.657718
-0.778198 -0.913696 -4.000000 -0.440266 -1.286384 -5.656531
-0.781372 -0.915405 -4.000000 -0.423415 -1.269058 -5.663414
-0.787476 -0.920288 -4.000000 -0.374286 -1.271195 -5.674094
-0.780396 -0.919556 -4.000000 -0.344143 -1.307270 -5.685961
-0.788086 -0.913818 -4.000000 -0.341058 -1.336700 -5.685486
-0.783325 -0.917236 -4.000000 -0.349602 -1.357586 -5.677180
-0.779907 -0.916138 -4.000000 -0.336074 -1.347855 -5.677654
-0.783203 -0.920532 -4.000000 -0.295726 -1.321273 -5.675756
-0.783936 -0.921753 -4.000000 -0.243986 -1.297539 -5.678129
-0.781860 -0.920288 -4.000000 -0.203401 -1.287096 -5.672670
-0.776001 -0.915649 -4.000000 -0.200315 -1.293742 -5.668398
-0.788330 -0.924561 -4.000000 -0.220726 -1.324834 -5.672195
-0.777344 -0.921631 -4.000000 -0.247783 -1.360197 -5.684062
-0.789185 -0.919556 -4.000000 -0.281723 -1.374912 -5.694268
-0.781494 -0.922485 -4.000000 -0.307356 -1.373726 -5.695692
