-0.786621 -0.909912 -4.000000 -0.180616 -1.256242 -5.783983
-0.789307 -0.913818 -4.000000 -0.228559 -1.344770 -5.792764
-0.790039 -0.919556 -4.000000 -0.279587 -1.435197 -5.781847
-0.789917 -0.920288 -4.000000 -0.315663 -1.502127 -5.811277
-0.786255 -0.910767 -4.000000 -0.358146 -1.557902 -5.837384
-0.788208 -0.915283 -4.000000 -0.366216 -1.629578 -5.823381
-0.783203 -0.919434 -4.000000 -0.349128 -1.668502 -5.809853
-0.777832 -0.916260 -4.000000 -0.342719 -1.662569 -5.780185
-0.787720 -0.920898 -4.000000 -0.303084 -1.640971 -5.736515
-0.783813 -0.911499 -4.000000 -0.294302 -1.573566 -5.718002
-0.780029 -0.918579 -4.000000 -0.290267 -1.527285 -5.663177
-0.780273 -0.914673 -4.000000 -0.275789 -1.499753 -5.632085
-0.785034 -0.921143 -4.000000 -0.290267 -1.509247 -5.641579
-0.778931 -0.920166 -4.000000 -0.316612 -1.568107 -5.665550
-0.786743 -0.918823 -4.000000 -0.309492 -1.666129 -5.686911
-0.787354 -0.914795 -4.000000 -0.269381 -1.762964 -5.737939
-0.778442 -0.915649 -4.000000 -0.219777 -1.828232 -5.797274
-0.784790 -0.912964 -4.000000 -0.135759 -1.852916 -5.859457
-0.782471 -0.913818 -4.000000 -0.087341 -1.820637 -5.933507
-0.784302 -0.922119 -4.000000 -0.043671 -1.787884 -6.019661
-0.787964 -0.912720 -4.000000 -0.032990 -1.785274 -6.146164
-0.785522 -0.915161 -4.000000 -0.083544 -1.828944 -6.277888
-0.791626 -0.915283 -4.000000 -0.173496 -1.926254 -6.407713
-0.786011 -0.917603 -4.000000 -0.249207 -2.007899 -6.507871
-0.785278 -0.918457 -4.000000 -0.273891 -2.076015 -6.585718
-0.788574 -0.918945 -4.000000 -0.277688 -2.132028 -6.647427
-0.789795 -0.913818 -4.000000 -0.307593 -2.130129 -6.698455
-0.791138 -0.915039 -4.000000 -0.336311 -2.072930 -6.726461
-0.787964 -0.913574 -4.000000 -0.345330 -2.011459 -6.717917
-0.783569 -0.913696 -4.000000 -0.368589 -1.940019 -6.706999
-0.781128 -0.913452 -4.000000 -0.393985 -1.846507 -6.669974
-0.786499 -0.912109 -4.000000 -0.402054 -1.764625 -6.622981
-0.786377 -0.922974 -4.000000 -0.433383 -1.686303 -6.593551
-0.783203 -0.922729 -4.000000 -0.491769 -1.618898 -6.568630
-0.782715 -0.913940 -4.000000 -0.593351 -1.585196 -6.561035
-0.783936 -0.923950 -4.000000 -0.716293 -1.555054 -6.541336
-0.786987 -0.919922 -4.000000 -0.835912 -1.542712 -6.519975
-0.779541 -0.921631 -4.000000 -0.943190 -1.532744 -6.513330
-0.788086 -0.916260 -4.000000 -1.033617 -1.524437 -6.491494
-0.780640 -0.918945 -4.000000 -1.087493 -1.494294 -6.435007
-0.777954 -0.917847 -4.000000 -1.108854 -1.442792 -6.380656
-0.785645 -0.921387 -4.000000 -1.109566 -1.374912 -6.336036
-0.785889 -0.914185 -4.000000 -1.091053 -1.324834 -6.301147
-0.782715 -0.921631 -4.000000 -1.077525 -1.317951 -6.266970
-0.778442 -0.922852 -4.000000 -1.069218 -1.333852 -6.243711
-0.782593 -0.911621 -4.000000 -1.069930 -1.349042 -6.205737
-0.776245 -0.916870 -4.000000 -1.089867 -1.336463 -6.162778
-0.788574 -0.916260 -4.000000 -1.099835 -1.302286 -6.120057
-0.791138 -0.912476 -4.000000 -1.111702 -1.268821 -6.090389
-0.786865 -0.917725 -4.000000 -1.145642 -1.231321 -6.048854
-0.782837 -0.916016 -4.000000 -1.171037 -1.212572 -6.022510
-0.786621 -0.916382 -4.000000 -1.200704 -1.233220 -5.979314
-0.787598 -0.914917 -4.000000 -1.231084 -1.258378 -5.939678
-0.785889 -0.919189 -4.000000 -1.245087 -1.255767 -5.894109
-0.784424 -0.917969 -4.000000 -1.243900 -1.254818 -5.837622
-0.782715 -0.921875 -4.000000 -1.214708 -1.256954 -5.785644
-0.786987 -0.920044 -4.000000 -1.209723 -1.262888 -5.745771
-0.788208 -0.916748 -4.000000 -1.214945 -1.267397 -5.713018
-0.787354 -0.918213 -4.000000 -1.192160 -1.251021 -5.671009
-0.782959 -0.915161 -4.000000 -1.140183 -1.197382 -5.623303
-0.780640 -0.919556 -4.000000 -1.085357 -1.138996 -5.587228
-0.784424 -0.919189 -4.000000 -1.054740 -1.116686 -5.570139
-0.781006 -0.911133 -4.000000 -1.064946 -1.148490 -5.574886
-0.786011 -0.922119 -4.000000 -1.109803 -1.232508 -5.570376
-0.782593 -0.920288 -4.000000 -1.165341 -1.306084 -5.558035
-0.785034 -0.917114 -4.000000 -1.195483 -1.361147 -5.528130
-0.789917 -0.917725 -4.000000 -1.169850 -1.412649 -5.463573
-0.784180 -0.916016 -4.000000 -1.112651 -1.415497 -5.391897
-0.791626 -0.916992 -4.000000 -1.024835 -1.396748 -5.297198
-0.789185 -0.914917 -4.000000 -0.906877 -1.351178 -5.226233
-0.781006 -0.920410 -4.000000 -0.763761 -1.320799 -5.173543
-0.788574 -0.927612 -4.000000 -0.611626 -1.272619 -5.126550
-0.788574 -0.919800 -4.000000 -0.466136 -1.199755 -5.096170
-0.790649 -0.915039 -4.000000 -0.315425 -1.154898 -5.106376
-0.787964 -0.917236 -4.000000 -0.194619 -1.174834 -5.156455
-0.784302 -0.921021 -4.000000 -0.117483 -1.243188 -5.234540
-0.789307 -0.919678 -4.000000 -0.088291 -1.326732 -5.291027
-0.786377 -0.917603 -4.000000 -0.085680 -1.395086 -5.330425
-0.786011 -0.918213 -4.000000 -0.062658 -1.424991 -5.343954
-0.783081 -0.919800 -4.000000 0.006646 -1.443504 -5.355584
-0.775635 -0.917603 -4.000000 0.114398 -1.425228 -5.363653
-0.786865 -0.913940 -4.000000 0.257514 -1.413361 -5.395694
-0.785156 -0.920166 -4.000000 0.430061 -1.428551 -5.418716
-0.785645 -0.915649 -4.000000 0.594300 -1.475782 -5.442925
-0.784912 -0.911621 -4.000000 0.717242 -1.524911 -5.514602
-0.791504 -0.914673 -4.000000 0.810992 -1.579025 -5.563968
-0.791870 -0.922119 -4.000000 0.843270 -1.642157 -5.652259
-0.783325 -0.922485 -4.000000 0.818349 -1.612727 -5.703287
-0.792358 -0.921509 -4.000000 0.832352 -1.673012 -5.784457
-0.781250 -0.909302 -4.000000 0.880295 -1.759878 -5.839995
-0.784302 -0.925293 -4.000000 0.896672 -1.764625 -5.898855
-0.782471 -0.916504 -4.000000 0.908064 -1.710511 -5.934931
-0.779175 -0.920288 -4.000000 0.917795 -1.651414 -5.965786
-0.785767 -0.918213 -4.000000 0.882431 -1.619135 -6.001624
-0.785034 -0.916626 -4.000000 0.854900 -1.628629 -6.029867
-0.783936 -0.926025 -4.000000 0.836625 -1.657347 -6.025833
-0.784058 -0.918823 -4.000000 0.822384 -1.687727 -6.022510
-0.784668 -0.919556 -4.000000 0.821197 -1.716920 -6.032715
-0.786743 -0.918823 -4.000000 0.783460 -1.735669 -6.041734
-0.787720 -0.917969 -4.000000 0.705375 -1.741366 -6.037700
-0.787231 -0.921387 -4.000000 0.606642 -1.725464 -6.015864
-0.784668 -0.918823 -4.000000 0.513842 -1.674910 -5.994503
-0.781860 -0.917114 -4.000000 0.432671 -1.590417 -5.974804
-0.783569 -0.915894 -4.000000 0.354349 -1.514468 -5.960089
-0.783936 -0.912598 -4.000000 0.262973 -1.468424 -5.957004
-0.785522 -0.914185 -4.000000 0.125790 -1.456320 -5.946323
-0.785400 -0.921509 -4.000000 -0.037262 -1.466288 -5.937542
-0.787109 -0.912354 -4.000000 -0.144778 -1.470323 -5.920691
-0.784546 -0.922241 -4.000000 -0.237815 -1.454184 -5.906450
-0.774170 -0.920166 -4.000000 -0.346279 -1.438994 -5.888175
-0.784790 -0.910522 -4.000000 -0.431485 -1.421431 -5.861356
-0.786865 -0.922363 -4.000000 -0.516215 -1.400070 -5.823856
-0.781372 -0.919312 -4.000000 -0.603794 -1.367080 -5.791815
-0.778809 -0.919922 -4.000000 -0.668588 -1.342634 -5.756214
-0.780762 -0.916260 -4.000000 -0.702053 -1.324596 -5.713255
-0.781860 -0.924316 -4.000000 -0.729821 -1.303710 -5.689284
-0.783203 -0.916748 -4.000000 -0.754979 -1.284723 -5.650835
-0.789307 -0.910889 -4.000000 -0.787970 -1.276653 -5.635645
-0.789185 -0.914429 -4.000000 -0.836625 -1.285198 -5.620455
-0.783447 -0.910034 -4.000000 -0.912573 -1.288520 -5.585329
-0.785400 -0.911133 -4.000000 -0.989234 -1.240340 -5.530978
-0.794922 -0.920044 -4.000000 -1.047620 -1.161306 -5.474016
-0.779297 -0.911255 -4.000000 -1.105768 -1.101496 -5.422276
-0.785156 -0.914917 -4.000000 -1.175309 -1.070879 -5.399491
-0.785400 -0.913208 -4.000000 -1.239628 -1.061623 -5.373621
-0.777466 -0.921631 -4.000000 -1.297302 -1.066607 -5.359381
-0.784912 -0.911621 -4.000000 -1.337887 -1.089392 -5.347039
-0.786133 -0.914551 -4.000000 -1.369691 -1.130452 -5.323305
-0.782837 -0.923218 -4.000000 -1.360672 -1.188600 -5.287704
-0.781128 -0.914551 -4.000000 -1.297777 -1.218030 -5.244271
-0.785645 -0.916748 -4.000000 -1.259802 -1.261464 -5.224097
-0.782715 -0.918701 -4.000000 -1.191448 -1.333140 -5.237626
-0.779663 -0.916382 -4.000000 -1.092952 -1.377998 -5.236913
-0.781982 -0.921143 -4.000000 -1.002288 -1.357112 -5.219825
-0.787354 -0.916626 -4.000000 -0.932273 -1.341210 -5.207958
-0.779297 -0.922607 -4.000000 -0.894298 -1.386305 -5.214128
-0.793457 -0.920898 -4.000000 -0.893349 -1.479342 -5.236439
-0.789429 -0.919800 -4.000000 -0.898570 -1.494294 -5.245695
-0.789307 -0.915039 -4.000000 -0.855612 -1.391051 -5.248068
-0.786743 -0.916870 -4.000000 -0.823096 -1.237255 -5.245695
-0.782349 -0.919556 -4.000000 -0.821909 -1.128553 -5.269429
-0.781738 -0.915405 -4.000000 -0.819061 -1.121670 -5.350125
-0.782349 -0.918335 -4.000000 -0.858222 -1.059012 -5.365077
-0.786987 -0.926514 -4.000000 -0.896909 -1.092003 -5.372197
-0.783813 -0.919800 -4.000000 -0.870089 -1.234169 -5.393321
-0.779907 -0.920166 -4.000000 -0.860833 -1.338599 -5.414444
-0.786499 -0.916626 -4.000000 -0.817400 -1.410039 -5.438415
-0.787598 -0.918213 -4.000000 -0.717717 -1.409327 -5.473542
-0.786621 -0.913330 -4.000000 -0.583382 -1.344770 -5.502022
-0.783691 -0.915527 -4.000000 -0.454981 -1.267635 -5.542845
