-0.790283 -0.920654 -4.000000 -0.604743 -1.565259 -5.662702
-0.782593 -0.915405 -4.000000 -0.620645 -1.609879 -5.692607
-0.781982 -0.918579 -4.000000 -0.584332 -1.588519 -5.743398
-0.785034 -0.920044 -4.000000 -0.549917 -1.544848 -5.766182
-0.784180 -0.912720 -4.000000 -0.500076 -1.456557 -5.781847
-0.780273 -0.914795 -4.000000 -0.449997 -1.360435 -5.802970
-0.778809 -0.921021 -4.000000 -0.398020 -1.282587 -5.810090
-0.788208 -0.919312 -4.000000 -0.345567 -1.208299 -5.830976
-0.790894 -0.915771 -4.000000 -0.273179 -1.132350 -5.862068
-0.782593 -0.913574 -4.000000 -0.262024 -1.063047 -5.899805
-0.784180 -0.921021 -4.000000 -0.212420 -1.086069 -5.942289
-0.787354 -0.921509 -4.000000 -0.105379 -1.166053 -5.945611
-0.782349 -0.918091 -4.000000 0.038686 -1.240578 -5.931134
-0.785156 -0.924072 -4.000000 0.185125 -1.307982 -5.932558
-0.791992 -0.916992 -4.000000 0.308305 -1.368741 -5.925200
-0.787598 -0.916748 -4.000000 0.436469 -1.420956 -5.870849
-0.779663 -0.917969 -4.000000 0.563446 -1.466526 -5.822669
-0.782104 -0.914917 -4.000000 0.719853 -1.519927 -5.808191
-0.781494 -0.913208 -4.000000 0.876498 -1.534880 -5.779711
-0.785034 -0.921875 -4.000000 1.007984 -1.555054 -5.763334
-0.785156 -0.920654 -4.000000 1.117873 -1.624357 -5.735565
-0.786743 -0.912598 -4.000000 1.178395 -1.703866 -5.666737
-0.784424 -0.921143 -4.000000 1.143268 -1.787884 -5.593873
-0.785889 -0.921387 -4.000000 1.039313 -1.843422 -5.536674
-0.789063 -0.916138 -4.000000 0.940817 -1.889229 -5.475915
-0.786011 -0.919556 -4.000000 0.815501 -1.940494 -5.368163
-0.784058 -0.913574 -4.000000 0.689236 -1.987250 -5.232404
-0.776123 -0.917114 -4.000000 0.691135 -1.948089 -5.155980
-0.790283 -0.913330 -4.000000 0.736704 -1.867868 -5.116107
-0.792725 -0.916138 -4.000000 0.734093 -1.818264 -5.086202
-0.788330 -0.909668 -4.000000 0.666214 -1.722378 -5.060095
-0.783936 -0.915771 -4.000000 0.485598 -1.608930 -5.066978
-0.789429 -0.915039 -4.000000 0.185837 -1.557902 -5.064842
-0.775269 -0.910522 -4.000000 -0.182989 -1.626968 -5.054636
-0.785889 -0.920044 -4.000000 -0.582196 -1.823248 -5.082405
-0.778931 -0.919189 -4.000000 -0.905691 -2.051807 -5.114208
-0.786133 -0.912598 -4.000000 -1.088443 -2.178784 -5.153369
-0.784058 -0.912598 -4.000000 -1.134249 -2.145556 -5.152658
-0.782715 -0.916016 -4.000000 -1.129977 -2.006712 -5.124177
-0.779663 -0.919678 -4.000000 -1.159645 -1.850305 -5.091187
-0.779053 -0.920654 -4.000000 -1.263125 -1.745638 -5.080506
-0.789673 -0.910156 -4.000000 -1.423092 -1.676572 -5.094272
-0.787720 -0.913574 -4.000000 -1.590417 -1.637173 -5.138655
-0.788208 -0.921021 -4.000000 -1.800226 -1.570481 -5.189920
-0.783081 -0.918457 -4.000000 -2.043500 -1.496431 -5.219113
-0.785767 -0.918457 -4.000000 -2.243815 -1.384881 -5.235489
-0.782837 -0.919067 -4.000000 -2.415412 -1.227999 -5.283432
-0.785767 -0.919800 -4.000000 -2.569683 -1.041449 -5.379318
-0.787109 -0.916992 -4.000000 -2.724904 -0.914235 -5.499175
-0.786865 -0.910522 -4.000000 -2.873004 -0.839235 -5.609775
-0.782349 -0.921021 -4.000000 -2.985978 -0.794141 -5.734141
-0.778687 -0.917969 -4.000000 -3.053620 -0.799125 -5.824805
-0.787109 -0.916016 -4.000000 -3.056705 -0.830928 -5.911197
-0.778198 -0.913940 -4.000000 -2.979807 -0.907589 -6.039598
-0.786133 -0.915283 -4.000000 -2.847371 -0.994693 -6.168237
-0.791748 -0.916992 -4.000000 -2.702119 -0.997541 -6.281923
-0.785400 -0.911377 -4.000000 -2.513434 -0.855849 -6.342682
-0.782349 -0.917725 -4.000000 -2.253071 -0.605692 -6.381843
-0.785278 -0.917114 -4.000000 -1.934798 -0.387814 -6.431684
-0.780518 -0.912598 -4.000000 -1.604183 -0.285520 -6.477966
-0.780396 -0.915649 -4.000000 -1.298963 -0.242799 -6.538013
-0.789185 -0.921265 -4.000000 -1.060199 -0.240188 -6.627965
-0.786011 -0.912720 -4.000000 -0.842558 -0.373099 -6.686825
-0.788452 -0.913940 -4.000000 -0.641531 -0.635597 -6.714119
-0.784180 -0.913086 -4.000000 -0.423652 -0.859646 -6.730733
-0.781494 -0.921753 -4.000000 -0.175157 -0.960991 -6.795053
-0.786987 -0.915405 -4.000000 0.105379 -0.975469 -6.842995
-0.791138 -0.912598 -4.000000 0.412023 -0.904504 -6.881207
-0.789063 -0.919189 -4.000000 0.721752 -0.856324 -6.890226
-0.787231 -0.914063 -4.000000 1.071829 -0.971671 -6.844894
-0.790161 -0.920898 -4.000000 1.352602 -1.147778 -6.749246
-0.785645 -0.923340 -4.000000 1.506399 -1.298489 -6.627490
-0.781494 -0.913940 -4.000000 1.529184 -1.373963 -6.548931
-0.783936 -0.915771 -4.000000 1.528946 -1.433061 -6.508108
-0.790161 -0.917480 -4.000000 1.529184 -1.497143 -6.481288
-0.785156 -0.912354 -4.000000 1.499279 -1.507348 -6.438093
-0.791382 -0.918823 -4.000000 1.423567 -1.476969 -6.329628
-0.789063 -0.917358 -4.000000 1.293505 -1.441605 -6.224249
-0.778442 -0.916870 -4.000000 1.103395 -1.334564 -6.156370
-0.781372 -0.916992 -4.000000 0.973807 -1.159407 -6.065231
-0.784180 -0.917236 -4.000000 0.846593 -0.997304 -5.978364
-0.790649 -0.915161 -4.000000 0.731483 -0.911861 -5.944425
-0.783203 -0.915527 -4.000000 0.532592 -0.935595 -5.879394
-0.787231 -0.910400 -4.000000 0.270805 -1.091053 -5.811989
-0.782837 -0.913696 -4.000000 0.000949 -1.308694 -5.730344
-0.788208 -0.918091 -4.000000 -0.259413 -1.551493 -5.631135
-0.778320 -0.921143 -4.000000 -0.412023 -1.771033 -5.517212
-0.786011 -0.918823 -4.000000 -0.454744 -1.944529 -5.396169
-0.782471 -0.913086 -4.000000 -0.425314 -2.044449 -5.272514
-0.791748 -0.915527 -4.000000 -0.363131 -2.053468 -5.117294
-0.792358 -0.917358 -4.000000 -0.250157 -2.067234 -4.957801
-0.789673 -0.910522 -4.000000 -0.211945 -2.183531 -4.832723
-0.794922 -0.922485 -4.000000 -0.314476 -2.299115 -4.739686
-0.794800 -0.913452 -4.000000 -0.387577 -2.323799 -4.688183
-0.781372 -0.916382 -4.000000 -0.393036 -2.338989 -4.619591
-0.785034 -0.922729 -4.000000 -0.371675 -2.366045 -4.511601
-0.783081 -0.914063 -4.000000 -0.246834 -2.303150 -4.385099
-0.789307 -0.910522 -4.000000 -0.015664 -2.091917 -4.298707
-0.787354 -0.918457 -4.000000 0.276976 -1.771745 -4.267141
-0.785156 -0.912720 -4.000000 0.536152 -1.462016 -4.319830
-0.789673 -0.918701 -4.000000 0.568905 -1.312254 -4.438738
-0.788086 -0.919067 -4.000000 0.336549 -1.265736 -4.602503
-0.784912 -0.918579 -4.000000 -0.072626 -1.266210 -4.772913
-0.781616 -0.917358 -4.000000 -0.460440 -1.377048 -4.951393
-0.778931 -0.916260 -4.000000 -0.992320 -1.496668 -5.195616
-0.785767 -0.924683 -4.000000 -1.322460 -1.433298 -5.295062
-0.785767 -0.913086 -4.000000 -1.130689 -1.278077 -5.270379
-0.788574 -0.912109 -4.000000 -0.665502 -1.041687 -5.361992
-0.777832 -0.912476 -4.000000 -0.343194 -0.885754 -5.404238
-0.781494 -0.910767 -4.000000 -0.284334 -0.868903 -5.462149
-0.787720 -0.916748 -4.000000 -0.303796 -0.844694 -5.602655
-0.789307 -0.917725 -4.000000 -0.379982 -0.744536 -5.656768
-0.784058 -0.919922 -4.000000 -0.487497 -0.827368 -5.725597
-0.785400 -0.915894 -4.000000 -0.555614 -1.154898 -5.820770
-0.790894 -0.921631 -4.000000 -0.616610 -1.438519 -5.863255
-0.786621 -0.925415 -4.000000 -0.561784 -1.530370 -5.827416
-0.789307 -0.918213 -4.000000 -0.425551 -1.472459 -5.774014
-0.792603 -0.917969 -4.000000 -0.318273 -1.332191 -5.745296
-0.786255 -0.912109 -4.000000 -0.291217 -1.223489 -5.741499
-0.785034 -0.919434 -4.000000 -0.339634 -1.167477 -5.740550
-0.781006 -0.921387 -4.000000 -0.426738 -1.140657 -5.776388
-0.785400 -0.914795 -4.000000 -0.494142 -1.235356 -5.830502
-0.783325 -0.917969 -4.000000 -0.519063 -1.385593 -5.865153
-0.785278 -0.914917 -4.000000 -0.523098 -1.482427 -5.874409
-0.789307 -0.918579 -4.000000 -0.531880 -1.532269 -5.876545
-0.787964 -0.923218 -4.000000 -0.539000 -1.523962 -5.858033
-0.788940 -0.914307 -4.000000 -0.492481 -1.447064 -5.843318
-0.787842 -0.911499 -4.000000 -0.380219 -1.335276 -5.816973
-0.788574 -0.916382 -4.000000 -0.269619 -1.248647 -5.808666
-0.786133 -0.924072 -4.000000 -0.199366 -1.213521 -5.817923
-0.780273 -0.917847 -4.000000 -0.168274 -1.248410 -5.836435
-0.781128 -0.919434 -4.000000 -0.175157 -1.340498 -5.853049
-0.789917 -0.920044 -4.000000 -0.231881 -1.432111 -5.847590
-0.788208 -0.909546 -4.000000 -0.299286 -1.457981 -5.832875
-0.783691 -0.918579 -4.000000 -0.318511 -1.417871 -5.811039
-0.784302 -0.915894 -4.000000 -0.328954 -1.383219 -5.802495
-0.778809 -0.909058 -4.000000 -0.325631 -1.354738 -5.807242
-0.793701 -0.913574 -4.000000 -0.327292 -1.341685 -5.802970
-0.789307 -0.914063 -4.000000 -0.328242 -1.346669 -5.797274
-0.788574 -0.919067 -4.000000 -0.302372 -1.355450 -5.797986
-0.781006 -0.918701 -4.000000 -0.288368 -1.363520 -5.794425
-0.785522 -0.910889 -4.000000 -0.291217 -1.362571 -5.802732
-0.791138 -0.916992 -4.000000 -0.307356 -1.358061 -5.818872
-0.790894 -0.917969 -4.000000 -0.318985 -1.361621 -5.820058
-0.785278 -0.921875 -4.000000 -0.309254 -1.364944 -5.818397
-0.778687 -0.918213 -4.000000 -0.304745 -1.367792 -5.827891
-0.788940 -0.915894 -4.000000 -0.298099 -1.358298 -5.842131
-0.783569 -0.917603 -4.000000 -0.278637 -1.361384 -5.836910
-0.787109 -0.915405 -4.000000 -0.274365 -1.362333 -5.832637
-0.777466 -0.918091 -4.000000 -0.274840 -1.356874 -5.827416
