-0.780884 -0.919556 -4.000000 -0.366453 -1.302049 -5.667449
-0.784790 -0.910767 -4.000000 -0.321121 -1.277603 -5.690471
-0.781494 -0.923462 -4.000000 -0.309492 -1.216132 -5.737226
-0.791748 -0.916626 -4.000000 -0.318748 -1.204265 -5.769268
-0.792236 -0.912354 -4.000000 -0.353637 -1.282350 -5.802495
-0.790405 -0.917358 -4.000000 -0.421279 -1.355450 -5.818872
-0.780029 -0.925659 -4.000000 -0.451184 -1.382270 -5.824568
-0.786499 -0.921387 -4.000000 -0.462339 -1.387017 -5.833587
-0.782104 -0.914307 -4.000000 -0.454032 -1.393188 -5.832637
-0.774414 -0.916138 -4.000000 -0.424839 -1.385355 -5.832400
-0.779541 -0.917603 -4.000000 -0.389713 -1.370403 -5.833112
-0.785767 -0.922974 -4.000000 -0.356722 -1.362333 -5.843318
-0.782837 -0.918457 -4.000000 -0.324444 -1.355213 -5.861356
-0.780396 -0.920898 -4.000000 -0.298811 -1.364232 -5.879156
-0.791016 -0.914673 -4.000000 -0.258464 -1.385355 -5.884852
-0.786133 -0.916382 -4.000000 -0.197942 -1.417634 -5.924251
-0.787964 -0.923706 -4.000000 -0.143354 -1.455845 -5.966497
-0.779907 -0.915405 -4.000000 -0.113211 -1.532981 -6.026307
-0.786621 -0.915649 -4.000000 -0.101344 -1.607743 -6.087778
-0.774170 -0.921021 -4.000000 -0.105616 -1.669214 -6.154471
-0.782715 -0.918823 -4.000000 -0.133148 -1.705765 -6.230183
-0.786987 -0.910034 -4.000000 -0.181803 -1.713122 -6.321321
-0.789917 -0.913330 -4.000000 -0.232831 -1.704341 -6.413409
-0.787964 -0.915771 -4.000000 -0.303321 -1.702917 -6.499089
-0.788940 -0.912231 -4.000000 -0.374048 -1.724752 -6.576937
-0.784424 -0.918701 -4.000000 -0.457355 -1.761302 -6.638883
-0.783447 -0.920288 -4.000000 -0.512655 -1.781239 -6.698217
-0.783813 -0.918335 -4.000000 -0.548731 -1.793818 -6.772980
-0.786133 -0.916504 -4.000000 -0.595724 -1.789071 -6.816888
-0.783081 -0.915405 -4.000000 -0.641768 -1.779815 -6.868865
-0.781860 -0.914307 -4.000000 -0.688762 -1.774356 -6.895447
-0.785645 -0.916626 -4.000000 -0.740502 -1.770796 -6.904941
-0.785889 -0.917480 -4.000000 -0.800549 -1.763913 -6.895447
-0.778564 -0.921021 -4.000000 -0.836150 -1.751097 -6.870527
-0.779175 -0.919922 -4.000000 -0.825232 -1.716920 -6.820448
-0.780273 -0.912842 -4.000000 -0.764948 -1.664705 -6.743312
-0.786377 -0.920166 -4.000000 -0.679031 -1.619847 -6.666177
-0.784912 -0.916870 -4.000000 -0.579110 -1.570243 -6.575987
-0.779053 -0.920044 -4.000000 -0.473257 -1.505449 -6.493155
-0.787598 -0.921021 -4.000000 -0.407751 -1.442080 -6.435245
-0.785522 -0.918579 -4.000000 -0.419380 -1.389627 -6.396083
-0.789185 -0.907959 -4.000000 -0.507196 -1.342159 -6.365704
-0.780762 -0.918457 -4.000000 -0.624917 -1.338599 -6.361669
-0.783081 -0.923706 -4.000000 -0.745011 -1.374200 -6.356448
-0.781494 -0.919189 -4.000000 -0.876260 -1.420244 -6.358583
-0.785522 -0.917603 -4.000000 -0.968823 -1.452760 -6.360008
-0.781982 -0.916870 -4.000000 -1.039076 -1.474358 -6.339122
-0.784668 -0.918823 -4.000000 -1.073727 -1.455133 -6.298536
-0.780518 -0.920166 -4.000000 -1.080610 -1.386542 -6.211432
-0.789063 -0.917969 -4.000000 -1.049993 -1.281638 -6.127414
-0.787109 -0.921875 -4.000000 -0.994693 -1.180056 -6.045532
-0.787476 -0.916382 -4.000000 -0.936782 -1.125468 -5.975279
-0.788696 -0.911865 -4.000000 -0.908539 -1.117161 -5.909773
-0.782471 -0.916260 -4.000000 -0.913048 -1.132825 -5.844030
-0.785400 -0.921021 -4.000000 -0.922542 -1.157983 -5.792764
-0.783936 -0.920776 -4.000000 -0.904741 -1.194296 -5.746008
-0.780273 -0.918701 -4.000000 -0.869140 -1.218030 -5.720613
-0.789429 -0.920288 -4.000000 -0.849441 -1.202603 -5.679790
-0.784424 -0.916870 -4.000000 -0.814315 -1.132825 -5.638731
-0.786499 -0.924194 -4.000000 -0.811941 -1.001339 -5.560646
-0.786255 -0.917480 -4.000000 -0.788682 -0.855612 -5.529791
-0.788818 -0.916260 -4.000000 -0.821435 -0.771356 -5.523621
-0.786377 -0.920532 -4.000000 -0.941529 -0.795565 -5.551152
-0.783936 -0.924438 -4.000000 -1.138047 -0.894061 -5.584854
-0.780396 -0.917114 -4.000000 -1.363757 -1.026497 -5.628762
-0.781738 -0.917847 -4.000000 -1.519215 -1.140183 -5.657718
-0.781372 -0.925293 -4.000000 -1.599911 -1.180531 -5.680502
-0.787354 -0.920532 -4.000000 -1.526573 -1.281163 -5.717290
-0.785278 -0.920288 -4.000000 -1.401020 -1.242002 -5.638968
-0.795288 -0.915649 -4.000000 -1.203553 -1.283299 -5.550915
-0.780518 -0.918457 -4.000000 -0.915659 -1.329343 -5.474491
-0.783936 -0.913330 -4.000000 -0.634885 -1.363283 -5.385489
-0.781250 -0.921997 -4.000000 -0.396833 -1.364232 -5.304318
-0.781982 -0.921265 -4.000000 -0.185125 -1.351653 -5.273464
-0.788696 -0.918213 -4.000000 -0.056487 -1.382270 -5.258037
-0.782104 -0.925171 -4.000000 0.014952 -1.492870 -5.265394
-0.785522 -0.917969 -4.000000 0.023022 -1.610116 -5.247119
-0.786987 -0.925781 -4.000000 0.017801 -1.693423 -5.224572
-0.790161 -0.919556 -4.000000 0.043671 -1.751334 -5.231454
-0.783569 -0.915894 -4.000000 0.096597 -1.804498 -5.243796
-0.788086 -0.919312 -4.000000 0.178955 -1.857188 -5.249493
-0.779785 -0.920776 -4.000000 0.285995 -1.890653 -5.261359
-0.787842 -0.919434 -4.000000 0.407039 -1.892077 -5.304793
-0.785522 -0.921021 -4.000000 0.570091 -1.885906 -5.323543
-0.790039 -0.923462 -4.000000 0.767796 -1.882820 -5.327103
-0.780640 -0.916016 -4.000000 0.974519 -1.862172 -5.329239
-0.784790 -0.917969 -4.000000 1.168901 -1.833216 -5.329001
-0.790894 -0.919800 -4.000000 1.324596 -1.823011 -5.320220
-0.783325 -0.916992 -4.000000 1.399596 -1.885431 -5.311913
-0.781006 -0.918335 -4.000000 1.330767 -2.024038 -5.303606
-0.782471 -0.917114 -4.000000 1.215182 -2.148642 -5.373859
-0.784546 -0.920044 -4.000000 1.030769 -2.182581 -5.504870
-0.781250 -0.919434 -4.000000 0.888602 -2.113278 -5.668398
-0.777954 -0.911499 -4.000000 0.760913 -2.034481 -5.818397
-0.785156 -0.919312 -4.000000 0.581958 -2.001253 -5.939441
-0.786377 -0.917236 -4.000000 0.432434 -2.005051 -6.040785
-0.790894 -0.916138 -4.000000 0.351026 -2.032582 -6.110800
-0.786621 -0.916138 -4.000000 0.304745 -2.067708 -6.168711
-0.789673 -0.917969 -4.000000 0.301422 -2.053468 -6.164914
-0.786743 -0.916870 -4.000000 0.302134 -1.985589 -6.128126
-0.777832 -0.915649 -4.000000 0.304033 -1.886855 -6.075912
-0.781372 -0.915649 -4.000000 0.306644 -1.782188 -6.016576
-0.791016 -0.918823 -4.000000 0.314001 -1.645243 -5.979788
-0.777100 -0.916870 -4.000000 0.312102 -1.429026 -5.934931
-0.780518 -0.919312 -4.000000 0.223100 -1.308694 -5.924251
-0.788208 -0.922485 -4.000000 0.124129 -1.250546 -5.938491
-0.785400 -0.914551 -4.000000 -0.004272 -1.237730 -5.947985
-0.777954 -0.916138 -4.000000 -0.140743 -1.278552 -6.006371
-0.779053 -0.925171 -4.000000 -0.256328 -1.310593 -6.052889
-0.782349 -0.918213 -4.000000 -0.333463 -1.381795 -6.067367
-0.786987 -0.928833 -4.000000 -0.356960 -1.469136 -6.070690
-0.788330 -0.917603 -4.000000 -0.336549 -1.523250 -6.051465
-0.784546 -0.920532 -4.000000 -0.281960 -1.528234 -6.030105
-0.783813 -0.924438 -4.000000 -0.213369 -1.494294 -5.997114
-0.788086 -0.916626 -4.000000 -0.187261 -1.443741 -5.959377
-0.777222 -0.920410 -4.000000 -0.198179 -1.425466 -5.924251
-0.780151 -0.924316 -4.000000 -0.259650 -1.420956 -5.902178
-0.781006 -0.922729 -4.000000 -0.338447 -1.398172 -5.900517
-0.780151 -0.915161 -4.000000 -0.414871 -1.355450 -5.895770
-0.780151 -0.920166 -4.000000 -0.486073 -1.324834 -5.885090
-0.784180 -0.921387 -4.000000 -0.545171 -1.324121 -5.876545
-0.785156 -0.918701 -4.000000 -0.577686 -1.340973 -5.863255
-0.787842 -0.919312 -4.000000 -0.582670 -1.341685 -5.834062
-0.784912 -0.918701 -4.000000 -0.575788 -1.300387 -5.782559
-0.775513 -0.923828 -4.000000 -0.578398 -1.234882 -5.732243
-0.784058 -0.918091 -4.000000 -0.605455 -1.173885 -5.683825
-0.785278 -0.922241 -4.000000 -0.662417 -1.133537 -5.629949
-0.777832 -0.923218 -4.000000 -0.736230 -1.134487 -5.603604
-0.787354 -0.918335 -4.000000 -0.831403 -1.179819 -5.575598
-0.785278 -0.920288 -4.000000 -0.932510 -1.242239 -5.554475
-0.782104 -0.923950 -4.000000 -1.025310 -1.259328 -5.517449
-0.781860 -0.916260 -4.000000 -1.123332 -1.229897 -5.490868
-0.789917 -0.912720 -4.000000 -1.218268 -1.178869 -5.473304
-0.782227 -0.921265 -4.000000 -1.289944 -1.157509 -5.434618
-0.788330 -0.917725 -4.000000 -1.315340 -1.175546 -5.396169
-0.784668 -0.916138 -4.000000 -1.322223 -1.201416 -5.352736
-0.785767 -0.917358 -4.000000 -1.323172 -1.200704 -5.300046
-0.783203 -0.920288 -4.000000 -1.280688 -1.195008 -5.256613
-0.788330 -0.915894 -4.000000 -1.192160 -1.230847 -5.200126
-0.780273 -0.916016 -4.000000 -1.052604 -1.256005 -5.160964
-0.788208 -0.912109 -4.000000 -0.892637 -1.180293 -5.151234
-0.790283 -0.913330 -4.000000 -0.774204 -1.016766 -5.184461
-0.790527 -0.919312 -4.000000 -0.768270 -0.848729 -5.280109
-0.789551 -0.914063 -4.000000 -0.892399 -0.780375 -5.421090
-0.789917 -0.919189 -4.000000 -1.070405 -0.849204 -5.580345
-0.787598 -0.919312 -4.000000 -1.217556 -1.016766 -5.714205
-0.786865 -0.917725 -4.000000 -1.262650 -1.179344 -5.774964
-0.780762 -0.915771 -4.000000 -1.200467 -1.282112 -5.780897
-0.781616 -0.916748 -4.000000 -1.054740 -1.312966 -5.737464
-0.781860 -0.918335 -4.000000 -0.865105 -1.312254 -5.695930
