-0.787598 -0.921753 -4.000000 -0.520013 -1.673486 -5.734141
-0.784424 -0.916260 -4.000000 -0.453795 -1.593028 -5.721799
-0.775879 -0.917603 -4.000000 -0.401105 -1.544136 -5.665075
-0.785034 -0.912109 -4.000000 -0.344855 -1.514231 -5.629000
-0.781982 -0.918213 -4.000000 -0.295726 -1.496193 -5.621642
-0.783081 -0.913696 -4.000000 -0.248495 -1.487412 -5.649411
-0.780762 -0.919189 -4.000000 -0.227847 -1.501889 -5.677654
-0.788208 -0.917603 -4.000000 -0.195331 -1.531319 -5.724411
-0.786255 -0.914795 -4.000000 -0.187736 -1.546747 -5.760011
-0.790405 -0.912842 -4.000000 -0.184651 -1.564310 -5.796087
-0.777710 -0.918701 -4.000000 -0.176344 -1.599199 -5.866103
-0.780151 -0.915405 -4.000000 -0.148812 -1.659483 -5.941339
-0.787476 -0.917480 -4.000000 -0.172072 -1.721429 -6.005421
-0.785645 -0.915527 -4.000000 -0.271280 -1.779815 -6.117208
-0.790283 -0.920288 -4.000000 -0.364080 -1.825384 -6.257951
-0.786987 -0.919678 -4.000000 -0.438368 -1.851966 -6.400593
-0.786865 -0.910034 -4.000000 -0.511231 -1.860985 -6.498852
-0.785278 -0.911987 -4.000000 -0.576262 -1.864545 -6.608028
-0.781372 -0.918335 -4.000000 -0.601420 -1.874514 -6.690385
-0.787476 -0.915894 -4.000000 -0.600471 -1.925542 -6.742837
-0.788452 -0.914673 -4.000000 -0.617559 -1.954023 -6.787695
-0.788818 -0.916504 -4.000000 -0.628002 -1.940494 -6.810717
-0.781860 -0.920410 -4.000000 -0.623256 -1.914387 -6.810480
-0.786255 -0.917358 -4.000000 -0.629901 -1.865969 -6.797900
-0.794800 -0.926880 -4.000000 -0.616610 -1.789308 -6.771081
-0.787842 -0.927124 -4.000000 -0.562496 -1.710274 -6.731445
-0.786011 -0.916016 -4.000000 -0.536152 -1.639784 -6.684927
-0.780273 -0.914063 -4.000000 -0.534490 -1.589705 -6.628677
-0.787476 -0.921509 -4.000000 -0.565582 -1.546747 -6.575750
-0.778931 -0.925781 -4.000000 -0.589079 -1.538914 -6.514041
-0.786011 -0.916992 -4.000000 -0.624205 -1.545560 -6.447349
-0.783081 -0.920898 -4.000000 -0.660993 -1.532981 -6.380181
-0.786987 -0.919800 -4.000000 -0.717242 -1.527759 -6.322508
-0.785034 -0.920044 -4.000000 -0.785834 -1.496905 -6.267445
-0.777588 -0.914673 -4.000000 -0.834488 -1.486462 -6.224011
-0.782471 -0.915283 -4.000000 -0.883618 -1.509722 -6.181528
-0.785645 -0.915039 -4.000000 -0.962178 -1.529421 -6.155420
-0.792480 -0.924316 -4.000000 -1.055690 -1.582822 -6.120294
-0.786255 -0.914307 -4.000000 -1.135911 -1.628392 -6.088253
-0.787964 -0.921387 -4.000000 -1.209961 -1.619135 -6.053601
-0.785400 -0.924072 -4.000000 -1.266210 -1.570006 -6.015864
-0.785645 -0.916748 -4.000000 -1.280926 -1.524674 -5.986909
-0.784424 -0.919067 -4.000000 -1.266210 -1.507348 -5.954868
-0.784302 -0.917114 -4.000000 -1.251495 -1.533218 -5.944900
-0.785400 -0.912109 -4.000000 -1.224201 -1.554579 -5.928998
-0.777832 -0.917969 -4.000000 -1.178395 -1.584958 -5.897669
-0.783569 -0.918945 -4.000000 -1.113363 -1.600623 -5.869188
-0.782959 -0.914307 -4.000000 -1.047145 -1.599674 -5.818872
-0.777832 -0.919556 -4.000000 -0.975706 -1.557664 -5.767132
-0.778320 -0.916748 -4.000000 -0.884805 -1.488124 -5.705186
-0.786377 -0.916626 -4.000000 -0.790818 -1.405292 -5.666737
-0.782837 -0.914917 -4.000000 -0.712258 -1.326020 -5.622117
-0.781250 -0.913208 -4.000000 -0.673809 -1.268346 -5.594585
-0.784180 -0.915649 -4.000000 -0.672622 -1.244138 -5.590788
-0.778687 -0.918945 -4.000000 -0.717480 -1.277840 -5.594822
-0.788452 -0.910767 -4.000000 -0.771593 -1.337412 -5.605740
-0.782349 -0.919556 -4.000000 -0.843033 -1.387729 -5.587228
-0.783325 -0.915039 -4.000000 -0.894536 -1.378710 -5.565155
-0.779907 -0.918091 -4.000000 -0.921830 -1.293030 -5.540472
-0.777832 -0.921387 -4.000000 -0.876735 -1.132588 -5.501785
-0.786499 -0.920044 -4.000000 -0.768508 -0.970959 -5.463573
-0.777710 -0.918091 -4.000000 -0.663129 -0.917083 -5.440077
-0.780518 -0.913696 -4.000000 -0.606167 -1.003949 -5.397830
-0.782959 -0.920532 -4.000000 -0.590740 -1.141369 -5.349175
-0.785400 -0.916992 -4.000000 -0.554664 -1.233695 -5.299334
-0.785767 -0.921387 -4.000000 -0.450709 -1.239391 -5.263733
-0.781738 -0.920166 -4.000000 -0.318273 -1.192872 -5.244983
-0.787720 -0.918579 -4.000000 -0.200553 -1.142793 -5.227894
-0.785156 -0.920288 -4.000000 -0.093987 -1.113601 -5.224097
-0.785278 -0.914917 -4.000000 -0.009968 -1.133300 -5.236439
-0.785400 -0.908447 -4.000000 0.070490 -1.194296 -5.249967
-0.785645 -0.919922 -4.000000 0.143591 -1.260040 -5.247831
-0.788940 -0.921143 -4.000000 0.193195 -1.313916 -5.247594
-0.787598 -0.911865 -4.000000 0.232831 -1.361384 -5.254002
-0.791992 -0.914917 -4.000000 0.267482 -1.405292 -5.267767
-0.787231 -0.914917 -4.000000 0.316612 -1.452285 -5.267530
-0.786499 -0.913208 -4.000000 0.392323 -1.533218 -5.281533
-0.784546 -0.914063 -4.000000 0.480139 -1.617949 -5.291976
-0.793945 -0.915161 -4.000000 0.620645 -1.666603 -5.295774
-0.783691 -0.916748 -4.000000 0.712258 -1.681081 -5.319508
-0.781494 -0.914185 -4.000000 0.801973 -1.720242 -5.350599
-0.783691 -0.913696 -4.000000 0.901656 -1.713359 -5.369824
-0.782837 -0.914429 -4.000000 0.954108 -1.667790 -5.414207
-0.787109 -0.916382 -4.000000 0.996829 -1.628154 -5.464997
-0.784424 -0.915283 -4.000000 1.007035 -1.593977 -5.514839
-0.789429 -0.917969 -4.000000 0.976181 -1.573803 -5.578921
-0.784424 -0.920898 -4.000000 0.909963 -1.576177 -5.640867
-0.788086 -0.919556 -4.000000 0.844931 -1.575702 -5.705660
-0.784180 -0.921143 -4.000000 0.787020 -1.548408 -5.778286
-0.786133 -0.920044 -4.000000 0.733144 -1.532506 -5.843081
-0.781372 -0.925903 -4.000000 0.665977 -1.533930 -5.900991
-0.775146 -0.923462 -4.000000 0.603794 -1.536541 -5.960327
-0.784058 -0.916260 -4.000000 0.564395 -1.557427 -5.975754
-0.786133 -0.917847 -4.000000 0.523098 -1.594452 -5.993317
-0.786133 -0.919678 -4.000000 0.472782 -1.675622 -6.004709
-0.779297 -0.920410 -4.000000 0.370963 -1.722378 -6.043633
-0.786255 -0.915894 -4.000000 0.262024 -1.749435 -6.065943
-0.785278 -0.922119 -4.000000 0.162815 -1.685828 -6.064994
-0.781738 -0.917603 -4.000000 0.047231 -1.582348 -6.078759
-0.787964 -0.922607 -4.000000 -0.028243 -1.527759 -6.081845
-0.781128 -0.923950 -4.000000 -0.044145 -1.527759 -6.072351
-0.785156 -0.910278 -4.000000 0.002373 -1.546984 -6.089677
-0.783447 -0.921387 -4.000000 0.028243 -1.518503 -6.102968
-0.782837 -0.918579 -4.000000 0.002373 -1.463915 -6.106291
-0.781250 -0.917236 -4.000000 -0.071914 -1.413599 -6.087066
-0.780273 -0.916626 -4.000000 -0.146676 -1.390339 -6.067605
-0.782593 -0.924683 -4.000000 -0.256090 -1.382982 -6.055737
-0.786865 -0.919678 -4.000000 -0.369776 -1.421431 -6.058111
-0.783081 -0.922607 -4.000000 -0.456880 -1.516604 -6.045769
-0.793091 -0.916992 -4.000000 -0.502687 -1.584484 -6.024646
-0.777954 -0.917725 -4.000000 -0.507908 -1.646192 -5.994029
-0.786621 -0.910278 -4.000000 -0.474918 -1.672537 -5.970057
-0.779907 -0.915527 -4.000000 -0.496753 -1.629104 -5.912621
-0.777954 -0.914063 -4.000000 -0.533541 -1.590417 -5.864678
-0.783325 -0.919434 -4.000000 -0.525471 -1.591604 -5.824331
-0.785034 -0.911133 -4.000000 -0.506721 -1.582110 -5.768556
-0.791504 -0.919067 -4.000000 -0.491294 -1.555054 -5.711831
-0.782349 -0.922363 -4.000000 -0.472070 -1.525623 -5.676230
-0.788574 -0.918945 -4.000000 -0.484649 -1.495006 -5.625914
-0.786255 -0.919678 -4.000000 -0.517877 -1.493582 -5.583430
-0.791992 -0.912964 -4.000000 -0.589791 -1.552205 -5.534301
-0.782349 -0.917114 -4.000000 -0.732195 -1.675622 -5.505345
-0.778931 -0.920776 -4.000000 -0.915659 -1.845321 -5.448858
-0.785156 -0.917969 -4.000000 -1.082509 -1.993184 -5.399491
-0.783325 -0.916138 -4.000000 -1.165341 -2.047060 -5.347039
-0.782227 -0.918091 -4.000000 -1.134012 -1.982266 -5.283669
-0.786133 -0.918823 -4.000000 -1.007984 -1.817789 -5.214603
-0.786621 -0.917603 -4.000000 -0.833302 -1.607506 -5.134620
-0.781982 -0.913696 -4.000000 -0.628477 -1.410513 -5.053924
-0.786255 -0.915894 -4.000000 -0.487497 -1.239866 -4.998149
-0.783325 -0.921021 -4.000000 -0.475630 -1.125230 -4.996488
-0.785156 -0.912354 -4.000000 -0.566769 -1.097699 -5.045855
-0.791992 -0.913452 -4.000000 -0.726736 -1.133537 -5.127500
-0.781860 -0.923096 -4.000000 -0.893586 -1.188363 -5.246170
-0.786255 -0.922119 -4.000000 -0.995880 -1.223727 -5.327103
-0.785400 -0.916138 -4.000000 -0.980215 -1.238442 -5.354397
-0.782715 -0.917603 -4.000000 -0.919931 -1.223489 -5.380267
-0.784058 -0.915649 -4.000000 -0.882194 -1.149202 -5.403764
-0.786377 -0.919067 -4.000000 -0.825232 -1.103870 -5.444586
-0.786133 -0.916870 -4.000000 -0.753081 -0.942241 -5.449333
-0.783447 -0.916260 -4.000000 -0.744774 -0.929187 -5.403051
-0.783936 -0.915161 -4.000000 -0.637733 -0.988522 -5.421802
-0.783081 -0.916870 -4.000000 -0.625629 -1.067319 -5.424412
-0.781860 -0.918701 -4.000000 -0.623730 -1.158695 -5.444349
-0.788818 -0.923096 -4.000000 -0.639869 -1.220641 -5.475203
-0.784302 -0.919312 -4.000000 -0.624917 -1.245324 -5.528130
-0.785034 -0.921265 -4.000000 -0.610202 -1.231559 -5.573699
-0.788086 -0.923096 -4.000000 -0.634648 -1.219217 -5.627338
-0.785767 -0.919312 -4.000000 -0.658857 -1.231321 -5.664126
-0.789917 -0.915405 -4.000000 -0.635360 -1.276416 -5.692369
