-0.780884 -0.921143 -4.000000 -0.512180 -1.481003 -5.756689
-0.791260 -0.912964 -4.000000 -0.428162 -1.365656 -5.738176
-0.782593 -0.918823 -4.000000 -0.365029 -1.352128 -5.733904
-0.785889 -0.917969 -4.000000 -0.336311 -1.368267 -5.757875
-0.782227 -0.918701 -4.000000 -0.338922 -1.381795 -5.776863
-0.790283 -0.918823 -4.000000 -0.360045 -1.381320 -5.769505
-0.787354 -0.917969 -4.000000 -0.385441 -1.358061 -5.778524
-0.784668 -0.913086 -4.000000 -0.404428 -1.340735 -5.799884
-0.784180 -0.912476 -4.000000 -0.387814 -1.316052 -5.814363
-0.784790 -0.908813 -4.000000 -0.356722 -1.291843 -5.816261
-0.789551 -0.914795 -4.000000 -0.317799 -1.273568 -5.825280
-0.786011 -0.918457 -4.000000 -0.256802 -1.260514 -5.838334
-0.786499 -0.917358 -4.000000 -0.182989 -1.251495 -5.838096
-0.780396 -0.916382 -4.000000 -0.110363 -1.251258 -5.833824
-0.787231 -0.918457 -4.000000 -0.044620 -1.271669 -5.814363
-0.777710 -0.918701 -4.000000 0.006171 -1.311780 -5.815549
-0.783447 -0.921265 -4.000000 0.032753 -1.356874 -5.795850
-0.786377 -0.919434 -4.000000 0.069303 -1.385118 -5.809378
-0.782349 -0.919556 -4.000000 0.114873 -1.406479 -5.799410
-0.783813 -0.919800 -4.000000 0.161154 -1.437570 -5.798698
-0.788696 -0.918335 -4.000000 0.200315 -1.474358 -5.797037
-0.784424 -0.920044 -4.000000 0.248970 -1.498567 -5.799410
-0.790649 -0.915039 -4.000000 0.310916 -1.521826 -5.786593
-0.781494 -0.914795 -4.000000 0.382118 -1.533218 -5.766419
-0.786377 -0.920166 -4.000000 0.465424 -1.517079 -5.748144
-0.783691 -0.918335 -4.000000 0.537101 -1.495956 -5.710407
-0.781860 -0.917358 -4.000000 0.585281 -1.518503 -5.689759
-0.783813 -0.914551 -4.000000 0.564158 -1.542949 -5.673145
-0.784180 -0.914673 -4.000000 0.507434 -1.566446 -5.659616
-0.783325 -0.921509 -4.000000 0.447386 -1.618661 -5.647038
-0.782349 -0.915771 -4.000000 0.403953 -1.687727 -5.641104
-0.783081 -0.912476 -4.000000 0.367403 -1.732109 -5.621642
-0.787109 -0.914917 -4.000000 0.372624 -1.744688 -5.595534
-0.790161 -0.911011 -4.000000 0.403478 -1.728549 -5.569902
-0.785278 -0.916870 -4.000000 0.415820 -1.707189 -5.536437
-0.779175 -0.920776 -4.000000 0.410599 -1.682980 -5.503209
-0.783936 -0.918091 -4.000000 0.387814 -1.654974 -5.473779
-0.789917 -0.918213 -4.000000 0.334887 -1.603708 -5.443399
-0.785278 -0.919434 -4.000000 0.260125 -1.521826 -5.421564
-0.781738 -0.918457 -4.000000 0.149050 -1.466288 -5.419903
-0.778442 -0.908813 -4.000000 0.026107 -1.494769 -5.448858
-0.782837 -0.912964 -4.000000 -0.096835 -1.598249 -5.490393
-0.781128 -0.919312 -4.000000 -0.202926 -1.715970 -5.524807
-0.782959 -0.913574 -4.000000 -0.263210 -1.751334 -5.545693
-0.786377 -0.924194 -4.000000 -0.308780 -1.714546 -5.547355
-0.785522 -0.921875 -4.000000 -0.375710 -1.640021 -5.537149
-0.784668 -0.921997 -4.000000 -0.461152 -1.551731 -5.505108
-0.786987 -0.915527 -4.000000 -0.544696 -1.446352 -5.479475
-0.784668 -0.916504 -4.000000 -0.629426 -1.338599 -5.454080
-0.785645 -0.918823 -4.000000 -0.697780 -1.244375 -5.454792
-0.784668 -0.913330 -4.000000 -0.793191 -1.190261 -5.447434
-0.785645 -0.921387 -4.000000 -0.903792 -1.179344 -5.463099
-0.787231 -0.920654 -4.000000 -0.991845 -1.197382 -5.462624
-0.786865 -0.916504 -4.000000 -1.068506 -1.209723 -5.459776
-0.779419 -0.912598 -4.000000 -1.136623 -1.215182 -5.460725
-0.782227 -0.908813 -4.000000 -1.194534 -1.207350 -5.447909
-0.783447 -0.921875 -4.000000 -1.273568 -1.196432 -5.450520
-0.784302 -0.920654 -4.000000 -1.371115 -1.188600 -5.459776
-0.780273 -0.920898 -4.000000 -1.450387 -1.150151 -5.463811
-0.787842 -0.918457 -4.000000 -1.530370 -1.100547 -5.469982
-0.777710 -0.918335 -4.000000 -1.619610 -1.066845 -5.458827
-0.784668 -0.911621 -4.000000 -1.694372 -1.043585 -5.463336
-0.791016 -0.917114 -4.000000 -1.747299 -1.016528 -5.468320
-0.783569 -0.917725 -4.000000 -1.778391 -0.968823 -5.456216
-0.790894 -0.917969 -4.000000 -1.795242 -0.903554 -5.446010
-0.786987 -0.917480 -4.000000 -1.804261 -0.824283 -5.436517
-0.783203 -0.916992 -4.000000 -1.828232 -0.782986 -5.459301
-0.784912 -0.918213 -4.000000 -1.869767 -0.832827 -5.517687
-0.782227 -0.917236 -4.000000 -1.912725 -0.972858 -5.616658
-0.781860 -0.919922 -4.000000 -1.979655 -1.172698 -5.735091
-0.781982 -0.919800 -4.000000 -2.031870 -1.345245 -5.813650
-0.769897 -0.917236 -4.000000 -2.078864 -1.415735 -5.861593
-0.780029 -0.913696 -4.000000 -2.053943 -1.347855 -5.849014
-0.786133 -0.920166 -4.000000 -1.931238 -1.165103 -5.811277
-0.784668 -0.914551 -4.000000 -1.745875 -0.965263 -5.769979
-0.785278 -0.922119 -4.000000 -1.544611 -0.821435 -5.751705
-0.788574 -0.910156 -4.000000 -1.363757 -0.753318 -5.781372
-0.783081 -0.914551 -4.000000 -1.211859 -0.760201 -5.842369
-0.786743 -0.912354 -4.000000 -1.093901 -0.816925 -5.914045
-0.787720 -0.920898 -4.000000 -1.032668 -0.889314 -5.966972
-0.787231 -0.914429 -4.000000 -1.002288 -0.963364 -6.031054
-0.779053 -0.920898 -4.000000 -0.975943 -1.054028 -6.092525
-0.785645 -0.923218 -4.000000 -0.917558 -1.132588 -6.150436
-0.789063 -0.910645 -4.000000 -0.796989 -1.183141 -6.174882
-0.780029 -0.917114 -4.000000 -0.645091 -1.213758 -6.182952
-0.778076 -0.916992 -4.000000 -0.476817 -1.251258 -6.208822
-0.782959 -0.922852 -4.000000 -0.333226 -1.276891 -6.242524
-0.776855 -0.914429 -4.000000 -0.236866 -1.275704 -6.242050
-0.781128 -0.914429 -4.000000 -0.147151 -1.290894 -6.249644
-0.783325 -0.918213 -4.000000 -0.065031 -1.355925 -6.282397
-0.789551 -0.913696 -4.000000 -0.018750 -1.450624 -6.331289
-0.785767 -0.921997 -4.000000 0.040348 -1.559088 -6.359295
-0.782471 -0.917969 -4.000000 0.073813 -1.635037 -6.365704
-0.783569 -0.916016 -4.000000 0.106803 -1.628866 -6.371875
-0.787842 -0.918335 -4.000000 0.152847 -1.558851 -6.366416
-0.781006 -0.921997 -4.000000 0.217404 -1.510908 -6.357160
-0.785645 -0.919067 -4.000000 0.254903 -1.519452 -6.359058
-0.789673 -0.924316 -4.000000 0.284808 -1.574515 -6.355498
-0.781006 -0.918091 -4.000000 0.313764 -1.640733 -6.361432
-0.786499 -0.919434 -4.000000 0.323732 -1.692948 -6.373774
-0.776978 -0.917725 -4.000000 0.335836 -1.701967 -6.369027
-0.784790 -0.917603 -4.000000 0.351738 -1.677521 -6.353837
-0.790649 -0.919800 -4.000000 0.359808 -1.668977 -6.343156
-0.789307 -0.918701 -4.000000 0.379744 -1.691761 -6.337461
-0.780396 -0.922241 -4.000000 0.416295 -1.690338 -6.314676
-0.786743 -0.923340 -4.000000 0.454269 -1.656873 -6.280499
-0.789673 -0.916626 -4.000000 0.476342 -1.618423 -6.252492
-0.785889 -0.921143 -4.000000 0.448098 -1.593265 -6.208584
-0.784302 -0.918823 -4.000000 0.398020 -1.571905 -6.177968
-0.787964 -0.918823 -4.000000 0.370014 -1.529895 -6.142841
-0.786743 -0.920288 -4.000000 0.359333 -1.522775 -6.133585
-0.789917 -0.921631 -4.000000 0.349840 -1.581161 -6.130025
-0.783081 -0.919067 -4.000000 0.332751 -1.638360 -6.111750
-0.783081 -0.922485 -4.000000 0.318273 -1.640259 -6.056687
-0.786011 -0.911011 -4.000000 0.322071 -1.556952 -5.987146
-0.788940 -0.918213 -4.000000 0.325631 -1.442080 -5.903602
-0.784546 -0.911987 -4.000000 0.313289 -1.376574 -5.852811
-0.785278 -0.913208 -4.000000 0.248495 -1.408377 -5.843081
-0.783691 -0.920166 -4.000000 0.137420 -1.498092 -5.867289
-0.783569 -0.919922 -4.000000 0.008782 -1.584958 -5.893634
-0.780518 -0.918457 -4.000000 -0.113211 -1.637648 -5.915944
-0.785767 -0.919312 -4.000000 -0.209334 -1.619373 -5.912384
-0.785034 -0.918701 -4.000000 -0.267957 -1.556003 -5.897431
-0.783325 -0.918701 -4.000000 -0.304745 -1.493108 -5.884377
-0.790283 -0.914551 -4.000000 -0.320647 -1.434959 -5.875596
-0.789917 -0.914917 -4.000000 -0.314476 -1.364232 -5.833587
-0.783447 -0.916260 -4.000000 -0.306881 -1.318900 -5.785644
-0.783447 -0.908203 -4.000000 -0.342957 -1.321273 -5.757638
-0.782104 -0.919678 -4.000000 -0.412735 -1.386542 -5.745771
-0.786133 -0.925171 -4.000000 -0.495092 -1.479342 -5.723224
-0.782715 -0.921387 -4.000000 -0.591452 -1.591129 -5.689759
-0.786621 -0.915649 -4.000000 -0.652211 -1.691761 -5.645139
-0.781860 -0.916382 -4.000000 -0.622069 -1.734245 -5.579633
-0.780151 -0.916870 -4.000000 -0.517402 -1.705290 -5.502972
-0.778564 -0.920654 -4.000000 -0.375472 -1.610354 -5.407324
-0.783203 -0.913818 -4.000000 -0.230220 -1.473883 -5.329001
-0.780029 -0.918701 -4.000000 -0.113449 -1.337412 -5.237626
-0.785522 -0.912354 -4.000000 -0.051978 -1.231559 -5.163338
-0.789795 -0.918579 -4.000000 -0.078322 -1.228473 -5.116344
-0.774658 -0.926392 -4.000000 -0.156170 -1.351178 -5.114208
-0.784058 -0.919189 -4.000000 -0.271517 -1.510196 -5.159303
-0.789917 -0.922119 -4.000000 -0.343431 -1.637173 -5.201075
-0.784668 -0.915649 -4.000000 -0.356960 -1.687727 -5.221724
-0.790649 -0.915405 -4.000000 -0.296201 -1.643582 -5.230505
-0.790405 -0.914551 -4.000000 -0.239714 -1.611066 -5.195616
-0.789917 -0.924683 -4.000000 -0.151423 -1.401732 -5.110411
-0.787109 -0.918579 -4.000000 -0.008070 -1.168901 -5.013813
-0.779663 -0.918091 -4.000000 0.063370 -0.986624 -4.953766
-0.779175 -0.921753 -4.000000 0.069066 -0.992082 -4.953292
-0.780762 -0.916626 -4.000000 0.014715 -1.186939 -4.989367
