-0.783203 -0.913330 -4.000000 -0.578636 -1.124518 -5.952257
-0.789917 -0.914917 -4.000000 -0.482987 -1.186939 -5.943713
-0.790527 -0.919678 -4.000000 -0.408937 -1.202366 -5.942526
-0.781860 -0.919678 -4.000000 -0.357909 -1.186701 -5.950358
-0.785645 -0.917725 -4.000000 -0.347941 -1.177208 -5.956767
-0.787109 -0.916382 -4.000000 -0.363843 -1.190736 -5.952732
-0.786377 -0.913940 -4.000000 -0.383305 -1.234882 -5.937067
-0.782959 -0.912964 -4.000000 -0.412023 -1.286384 -5.907400
-0.786499 -0.919678 -4.000000 -0.447861 -1.319612 -5.881767
-0.788574 -0.921509 -4.000000 -0.478715 -1.332903 -5.860169
-0.784424 -0.911255 -4.000000 -0.511231 -1.344295 -5.853761
-0.788330 -0.918823 -4.000000 -0.525709 -1.360909 -5.835485
-0.787720 -0.921997 -4.000000 -0.519063 -1.361147 -5.833350
-0.789795 -0.914673 -4.000000 -0.501975 -1.345482 -5.814837
-0.785767 -0.922119 -4.000000 -0.462102 -1.335276 -5.760011
-0.780273 -0.924927 -4.000000 -0.433383 -1.306084 -5.708746
-0.782349 -0.911255 -4.000000 -0.418906 -1.265736 -5.646800
-0.786987 -0.920654 -4.000000 -0.432197 -1.242714 -5.560171
-0.786377 -0.915161 -4.000000 -0.491532 -1.221353 -5.462862
-0.788330 -0.914917 -4.000000 -0.617559 -1.162255 -5.346565
-0.786987 -0.913696 -4.000000 -0.782511 -1.099835 -5.214603
-0.785278 -0.921021 -4.000000 -0.995642 -1.110278 -5.076946
-0.787964 -0.923584 -4.000000 -1.247223 -1.236780 -4.940713
-0.796021 -0.928589 -4.000000 -1.434959 -1.502127 -4.835334
-0.790649 -0.922974 -4.000000 -1.410751 -1.858849 -4.740160
-0.780884 -0.918335 -4.000000 -1.086781 -2.197059 -4.645224
-0.790283 -0.922607 -4.000000 -0.578398 -2.428466 -4.515399
-0.787354 -0.914307 -4.000000 -0.034652 -2.404732 -4.310812
-0.780884 -0.913574 -4.000000 0.480377 -2.160034 -4.072285
-0.787354 -0.922363 -4.000000 0.811704 -1.701730 -3.898551
-0.787842 -0.916504 -4.000000 0.868665 -1.223489 -3.870545
-0.786377 -0.915649 -4.000000 0.649600 -0.823333 -4.000371
-0.783813 -0.913330 -4.000000 0.215980 -0.604980 -4.203771
-0.778809 -0.917114 -4.000000 -0.296675 -0.667401 -4.452979
-0.781982 -0.916504 -4.000000 -0.711784 -0.946276 -4.709543
-0.783325 -0.925171 -4.000000 -0.870327 -1.223727 -4.906773
-0.785034 -0.919434 -4.000000 -0.781799 -1.371827 -5.049415
-0.784424 -0.917236 -4.000000 -0.538762 -1.342871 -5.142689
-0.780884 -0.919800 -4.000000 -0.277451 -1.230847 -5.197278
-0.785400 -0.918335 -4.000000 -0.098259 -1.121433 -5.244034
-0.786499 -0.919067 -4.000000 -0.018038 -1.020326 -5.314049
-0.781738 -0.923096 -4.000000 -0.041772 -0.928475 -5.384302
-0.790039 -0.919800 -4.000000 -0.128638 -0.909488 -5.467845
-0.784546 -0.923950 -4.000000 -0.216929 -0.970722 -5.539760
-0.786987 -0.919800 -4.000000 -0.269144 -1.078000 -5.594585
-0.783325 -0.918091 -4.000000 -0.271755 -1.178632 -5.643952
-0.782593 -0.922241 -4.000000 -0.224999 -1.226337 -5.685012
-0.788452 -0.922485 -4.000000 -0.180141 -1.226812 -5.723461
-0.792969 -0.911865 -4.000000 -0.169698 -1.210436 -5.760249
-0.785889 -0.914185 -4.000000 -0.207673 -1.207587 -5.806056
-0.776855 -0.915649 -4.000000 -0.274603 -1.232271 -5.841656
-0.779297 -0.920410 -4.000000 -0.341295 -1.265498 -5.895295
-0.781738 -0.927856 -4.000000 -0.413447 -1.318663 -5.927336
-0.784302 -0.919556 -4.000000 -0.456643 -1.334802 -5.954868
-0.777588 -0.913696 -4.000000 -0.498889 -1.287808 -6.005896
-0.792480 -0.915161 -4.000000 -0.520013 -1.214708 -6.083269
-0.789917 -0.915527 -4.000000 -0.518114 -1.173885 -6.151148
-0.788086 -0.916626 -4.000000 -0.507434 -1.163679 -6.213806
-0.786499 -0.918335 -4.000000 -0.507434 -1.148252 -6.277413
-0.777588 -0.922119 -4.000000 -0.537576 -1.120484 -6.343156
-0.787109 -0.918701 -4.000000 -0.607591 -1.077050 -6.413647
-0.785645 -0.914429 -4.000000 -0.704901 -0.992082 -6.486510
-0.784912 -0.919556 -4.000000 -0.816925 -0.885991 -6.564358
-0.787720 -0.920288 -4.000000 -0.946988 -0.822147 -6.628202
-0.784912 -0.919800 -4.000000 -1.091291 -0.825707 -6.700116
-0.781128 -0.917358 -4.000000 -1.219454 -0.845406 -6.758739
-0.785645 -0.917236 -4.000000 -1.321273 -0.869615 -6.777489
-0.792114 -0.924072 -4.000000 -1.366605 -0.897621 -6.777014
-0.786621 -0.919922 -4.000000 -1.343346 -0.906877 -6.763723
-0.787476 -0.922119 -4.000000 -1.266685 -0.906403 -6.722426
-0.780396 -0.914307 -4.000000 -1.172936 -0.906165 -6.679942
-0.784302 -0.921631 -4.000000 -1.078474 -0.917795 -6.627253
-0.786011 -0.919067 -4.000000 -0.964076 -0.925390 -6.591889
-0.788940 -0.916626 -4.000000 -0.860596 -0.932747 -6.535877
-0.781982 -0.914063 -4.000000 -0.788444 -0.965026 -6.490545
-0.795166 -0.916992 -4.000000 -0.760438 -1.046671 -6.447112
-0.786011 -0.915771 -4.000000 -0.763049 -1.184803 -6.434058
-0.788330 -0.921875 -4.000000 -0.758777 -1.331242 -6.392761
-0.786499 -0.916626 -4.000000 -0.733144 -1.442080 -6.341258
-0.780151 -0.916504 -4.000000 -0.675708 -1.483377 -6.285483
-0.784668 -0.913086 -4.000000 -0.614711 -1.454184 -6.234929
-0.782593 -0.921631 -4.000000 -0.563209 -1.409801 -6.179392
-0.788452 -0.917725 -4.000000 -0.534728 -1.385593 -6.136433
-0.786011 -0.916992 -4.000000 -0.493430 -1.378235 -6.092525
-0.775757 -0.921021 -4.000000 -0.461390 -1.349754 -6.055737
-0.780396 -0.916138 -4.000000 -0.440029 -1.296115 -6.025595
-0.782959 -0.916870 -4.000000 -0.447386 -1.266448 -6.012779
-0.778687 -0.918213 -4.000000 -0.481801 -1.296827 -6.010168
-0.780518 -0.922119 -4.000000 -0.519775 -1.358536 -6.010643
-0.780273 -0.908203 -4.000000 -0.556088 -1.401969 -5.993792
-0.780640 -0.922119 -4.000000 -0.581246 -1.421668 -5.993554
-0.782593 -0.921265 -4.000000 -0.591927 -1.421906 -5.979551
-0.789185 -0.919678 -4.000000 -0.564633 -1.406004 -5.967921
-0.793335 -0.921875 -4.000000 -0.517164 -1.366368 -5.956054
-0.789185 -0.918701 -4.000000 -0.480139 -1.314391 -5.930896
-0.787476 -0.915894 -4.000000 -0.449760 -1.268346 -5.906688
-0.780029 -0.916138 -4.000000 -0.427450 -1.234407 -5.889836
-0.784912 -0.910645 -4.000000 -0.417956 -1.207350 -5.878919
-0.784424 -0.921021 -4.000000 -0.413684 -1.187651 -5.848064
-0.783325 -0.920410 -4.000000 -0.419380 -1.275941 -5.872510
-0.780273 -0.919189 -4.000000 -0.488684 -1.324121 -5.875122
-0.784668 -0.921753 -4.000000 -0.582670 -1.434247 -5.831451
-0.791138 -0.920898 -4.000000 -0.628002 -1.587094 -5.762622
-0.780884 -0.923340 -4.000000 -0.651499 -1.692711 -5.681214
-0.781982 -0.917603 -4.000000 -0.648888 -1.755131 -5.630898
-0.782471 -0.921875 -4.000000 -0.634885 -1.786698 -5.574886
-0.786743 -0.917236 -4.000000 -0.599284 -1.824909 -5.496089
-0.785522 -0.919800 -4.000000 -0.523573 -1.884245 -5.405900
-0.783203 -0.916626 -4.000000 -0.447149 -1.933374 -5.308827
-0.785889 -0.920532 -4.000000 -0.363368 -1.972535 -5.230980
-0.789673 -0.921509 -4.000000 -0.307593 -1.999829 -5.151471
-0.782471 -0.921997 -4.000000 -0.284571 -1.979181 -5.077421
-0.781616 -0.917603 -4.000000 -0.287656 -1.877362 -5.009542
-0.781128 -0.916382 -4.000000 -0.297625 -1.702442 -4.940001
-0.790161 -0.921875 -4.000000 -0.320884 -1.539864 -4.892770
-0.785400 -0.917480 -4.000000 -0.369539 -1.450387 -4.841267
-0.784790 -0.920776 -4.000000 -0.446912 -1.455845 -4.821568
-0.783569 -0.913818 -4.000000 -0.510282 -1.616999 -4.870460
-0.784424 -0.915405 -4.000000 -0.500313 -1.780052 -4.801394
-0.782227 -0.917603 -4.000000 -0.332276 -1.856238 -4.684148
-0.789917 -0.912109 -4.000000 -0.124366 -1.855526 -4.636443
-0.783203 -0.924438 -4.000000 0.051978 -1.888991 -4.649259
-0.781982 -0.928223 -4.000000 0.179429 -2.074354 -4.632408
-0.784668 -0.919189 -4.000000 0.211470 -2.388593 -4.658990
-0.789429 -0.912354 -4.000000 0.137657 -2.699271 -4.751790
-0.784180 -0.923218 -4.000000 -0.045807 -2.898162 -4.885650
-0.790649 -0.918457 -4.000000 -0.304982 -2.962481 -5.033988
-0.788086 -0.910278 -4.000000 -0.566057 -2.771185 -5.161914
-0.782227 -0.911865 -4.000000 -0.751182 -2.327359 -5.250679
-0.787354 -0.921021 -4.000000 -0.764236 -1.716920 -5.340868
-0.781250 -0.924438 -4.000000 -0.637021 -1.115025 -5.446248
-0.786011 -0.925537 -4.000000 -0.505297 -0.700391 -5.560171
-0.791016 -0.921875 -4.000000 -0.456643 -0.567481 -5.653920
-0.781982 -0.919067 -4.000000 -0.455931 -0.664790 -5.712780
-0.783936 -0.918091 -4.000000 -0.533066 -0.832590 -5.753366
-0.788940 -0.916382 -4.000000 -0.628240 -0.975943 -5.778998
-0.784302 -0.920654 -4.000000 -0.719378 -0.988997 -5.771878
-0.784790 -0.913696 -4.000000 -0.710359 -0.893586 -5.807242
-0.783813 -0.916748 -4.000000 -0.556563 -0.999677 -5.816261
-0.784912 -0.915649 -4.000000 -0.575788 -1.079424 -5.737226
-0.792969 -0.915771 -4.000000 -0.432671 -1.072541 -5.752179
-0.785034 -0.917969 -4.000000 -0.319223 -1.005136 -5.773777
-0.786377 -0.922852 -4.000000 -0.270568 -1.038126 -5.694743
-0.786255 -0.920898 -4.000000 -0.229271 -1.134724 -5.667449
-0.779419 -0.916382 -4.000000 -0.236866 -1.222065 -5.746720
-0.784912 -0.917725 -4.000000 -0.252530 -1.285910 -5.787780
-0.791748 -0.918823 -4.000000 -0.255615 -1.278077 -5.785407
-0.788452 -0.910889 -4.000000 -0.260362 -1.206875 -5.770929
-0.782227 -0.921265 -4.000000 -0.249207 -1.110041 -5.790628
-0.782104 -0.915527 -4.000000 -0.222388 -1.016291 -5.834774
