-0.781372 -0.920044 -4.000000 -0.154983 -1.420956 -5.844742
-0.784424 -0.915405 -4.000000 -0.113449 -1.365419 -5.780423
-0.789063 -0.919800 -4.000000 -0.134097 -1.346194 -5.758825
-0.787598 -0.919067 -4.000000 -0.185363 -1.355688 -5.756689
-0.784790 -0.915161 -4.000000 -0.232831 -1.398646 -5.757401
-0.785767 -0.914917 -4.000000 -0.308305 -1.487649 -5.779711
-0.785400 -0.919189 -4.000000 -0.372862 -1.552205 -5.786119
-0.784790 -0.924194 -4.000000 -0.393273 -1.603708 -5.806530
-0.775635 -0.918457 -4.000000 -0.379032 -1.654024 -5.807717
-0.791870 -0.918823 -4.000000 -0.372387 -1.686540 -5.820058
-0.787598 -0.919678 -4.000000 -0.370014 -1.676809 -5.805106
-0.787964 -0.915771 -4.000000 -0.373574 -1.630290 -5.777575
-0.790894 -0.917603 -4.000000 -0.348653 -1.562886 -5.756689
-0.781250 -0.919189 -4.000000 -0.312815 -1.497617 -5.753129
-0.783203 -0.916260 -4.000000 -0.302846 -1.442792 -5.738176
-0.785156 -0.921143 -4.000000 -0.318985 -1.415972 -5.737464
-0.781128 -0.919189 -4.000000 -0.333463 -1.391763 -5.768081
-0.787231 -0.917236 -4.000000 -0.376659 -1.401732 -5.781610
-0.787842 -0.916138 -4.000000 -0.407513 -1.450624 -5.797749
-0.784302 -0.916138 -4.000000 -0.437893 -1.508535 -5.791340
-0.783813 -0.916382 -4.000000 -0.481563 -1.531794 -5.760486
-0.777832 -0.913452 -4.000000 -0.517877 -1.537965 -5.734141
-0.785278 -0.921997 -4.000000 -0.542560 -1.570481 -5.694743
-0.780029 -0.918945 -4.000000 -0.572465 -1.594452 -5.635408
-0.789429 -0.913818 -4.000000 -0.607591 -1.590180 -5.551152
-0.787476 -0.917969 -4.000000 -0.647464 -1.546035 -5.464048
-0.789917 -0.916870 -4.000000 -0.692796 -1.465339 -5.371723
-0.784790 -0.914551 -4.000000 -0.756641 -1.352128 -5.284856
-0.787842 -0.918579 -4.000000 -0.820011 -1.284486 -5.221012
-0.780884 -0.916138 -4.000000 -0.930611 -1.336463 -5.173781
-0.784302 -0.919922 -4.000000 -1.034566 -1.474833 -5.132009
-0.787231 -0.924805 -4.000000 -1.091053 -1.660195 -5.100680
-0.789551 -0.922485 -4.000000 -1.100547 -1.767473 -5.032326
-0.781128 -0.918213 -4.000000 -1.073965 -1.738518 -4.917928
-0.787109 -0.916260 -4.000000 -1.059012 -1.641445 -4.782169
-0.785767 -0.918945 -4.000000 -0.964788 -1.467950 -4.670857
-0.780518 -0.920776 -4.000000 -0.826182 -1.282587 -4.629560
-0.785034 -0.916870 -4.000000 -0.721277 -1.206163 -4.615794
-0.783569 -0.918945 -4.000000 -0.644616 -1.133300 -4.633595
-0.783813 -0.915771 -4.000000 -0.768270 -1.083458 -4.700524
-0.791504 -0.916016 -4.000000 -0.827843 -1.152287 -4.763182
-0.787598 -0.918335 -4.000000 -0.895485 -1.239154 -4.830587
-0.782715 -0.926147 -4.000000 -1.019851 -1.302286 -4.907248
-0.784424 -0.925659 -4.000000 -1.139233 -1.296590 -4.977738
-0.788574 -0.918579 -4.000000 -1.184091 -1.196195 -5.048465
-0.785767 -0.917358 -4.000000 -1.069455 -1.027209 -5.101392
-0.788940 -0.915039 -4.000000 -0.901893 -0.895485 -5.158116
-0.792236 -0.919189 -4.000000 -0.732195 -0.848966 -5.219587
-0.785034 -0.922485 -4.000000 -0.584094 -0.857273 -5.288653
-0.793823 -0.919312 -4.000000 -0.490345 -0.910675 -5.355821
-0.782837 -0.923218 -4.000000 -0.452133 -0.996355 -5.429159
-0.781494 -0.917114 -4.000000 -0.479665 -1.102208 -5.488969
-0.785767 -0.917725 -4.000000 -0.529269 -1.179107 -5.556136
-0.780518 -0.919434 -4.000000 -0.528794 -1.196432 -5.610487
-0.778931 -0.918579 -4.000000 -0.461152 -1.176970 -5.633034
-0.782837 -0.921387 -4.000000 -0.374760 -1.148727 -5.659616
-0.791870 -0.923218 -4.000000 -0.277688 -1.163442 -5.691658
-0.786499 -0.927246 -4.000000 -0.186787 -1.205926 -5.714442
-0.778809 -0.918579 -4.000000 -0.178005 -1.270008 -5.754078
-0.790405 -0.918945 -4.000000 -0.218590 -1.333615 -5.799884
-0.789429 -0.916748 -4.000000 -0.256565 -1.368979 -5.829077
-0.787964 -0.919434 -4.000000 -0.289318 -1.371590 -5.872748
-0.784058 -0.917847 -4.000000 -0.330615 -1.349754 -5.889599
-0.785522 -0.920288 -4.000000 -0.336549 -1.326020 -5.900280
-0.784180 -0.911743 -4.000000 -0.313527 -1.321273 -5.909061
-0.787842 -0.912842 -4.000000 -0.317087 -1.357349 -5.937542
-0.781738 -0.917236 -4.000000 -0.331564 -1.409089 -5.976940
-0.786621 -0.916870 -4.000000 -0.346754 -1.444216 -6.011829
-0.784668 -0.917725 -4.000000 -0.350314 -1.444453 -6.041260
-0.783203 -0.911743 -4.000000 -0.356485 -1.385118 -6.074962
-0.782959 -0.914673 -4.000000 -0.321121 -1.293267 -6.128126
-0.787842 -0.925903 -4.000000 -0.302609 -1.233695 -6.200752
-0.777588 -0.914185 -4.000000 -0.304982 -1.228948 -6.291654
-0.780762 -0.920776 -4.000000 -0.339634 -1.304185 -6.410799
-0.786255 -0.917480 -4.000000 -0.445013 -1.428551 -6.521162
-0.785400 -0.922974 -4.000000 -0.545883 -1.554104 -6.600908
-0.781982 -0.919312 -4.000000 -0.599996 -1.633139 -6.659531
-0.794922 -0.921021 -4.000000 -0.603556 -1.631714 -6.705812
-0.781494 -0.924927 -4.000000 -0.600234 -1.561224 -6.738328
-0.781372 -0.913452 -4.000000 -0.564633 -1.491684 -6.755654
-0.781860 -0.914795 -4.000000 -0.559886 -1.432349 -6.769657
-0.786255 -0.926025 -4.000000 -0.584569 -1.395561 -6.787695
-0.782837 -0.924316 -4.000000 -0.627765 -1.395324 -6.807394
-0.779907 -0.921997 -4.000000 -0.680455 -1.426890 -6.818074
-0.782104 -0.917725 -4.000000 -0.735280 -1.483614 -6.832789
-0.784912 -0.918945 -4.000000 -0.752843 -1.516604 -6.820922
-0.778809 -0.916626 -4.000000 -0.728872 -1.554104 -6.793628
-0.789063 -0.925659 -4.000000 -0.680692 -1.605607 -6.747822
-0.782471 -0.918457 -4.000000 -0.610202 -1.620559 -6.670686
-0.788208 -0.918335 -4.000000 -0.534490 -1.558376 -6.599958
-0.777100 -0.914917 -4.000000 -0.449522 -1.456557 -6.540624
-0.782104 -0.910522 -4.000000 -0.369064 -1.416209 -6.491969
-0.785156 -0.907471 -4.000000 -0.320172 -1.421194 -6.430498
-0.780396 -0.921509 -4.000000 -0.296913 -1.420956 -6.391336
-0.781372 -0.921143 -4.000000 -0.303084 -1.410276 -6.339596
-0.786011 -0.920532 -4.000000 -0.327530 -1.362096 -6.284771
-0.783691 -0.915161 -4.000000 -0.366216 -1.299913 -6.255815
-0.792114 -0.913452 -4.000000 -0.420804 -1.250783 -6.229470
-0.785156 -0.923218 -4.000000 -0.462339 -1.224439 -6.193395
-0.782715 -0.919067 -4.000000 -0.497228 -1.235594 -6.172034
-0.787231 -0.920776 -4.000000 -0.518114 -1.279501 -6.132161
-0.787354 -0.919189 -4.000000 -0.538288 -1.318663 -6.080658
-0.787598 -0.916260 -4.000000 -0.560835 -1.331954 -6.052414
-0.785522 -0.917114 -4.000000 -0.571041 -1.318188 -6.023222
-0.781616 -0.917725 -4.000000 -0.571990 -1.279501 -5.985485
-0.783691 -0.918213 -4.000000 -0.552291 -1.237492 -5.940153
-0.790527 -0.919189 -4.000000 -0.545408 -1.213284 -5.908112
-0.786011 -0.919434 -4.000000 -0.545645 -1.197382 -5.878444
-0.782227 -0.918213 -4.000000 -0.565819 -1.178395 -5.842131
-0.783569 -0.924194 -4.000000 -0.599522 -1.184565 -5.802258
-0.783813 -0.919067 -4.000000 -0.629426 -1.214708 -5.752417
-0.786987 -0.918457 -4.000000 -0.648888 -1.237018 -5.694268
-0.780884 -0.919312 -4.000000 -0.661705 -1.242951 -5.619981
-0.787720 -0.917603 -4.000000 -0.668588 -1.254106 -5.550440
-0.787354 -0.917358 -4.000000 -0.679031 -1.294454 -5.494190
-0.790771 -0.912842 -4.000000 -0.691847 -1.360197 -5.440314
-0.786987 -0.916016 -4.000000 -0.687575 -1.440655 -5.392134
-0.789185 -0.917847 -4.000000 -0.669537 -1.504025 -5.319033
-0.791748 -0.919189 -4.000000 -0.629189 -1.556240 -5.254477
-0.787476 -0.921631 -4.000000 -0.602132 -1.637173 -5.186122
-0.787842 -0.911987 -4.000000 -0.603319 -1.686540 -5.110886
-0.789429 -0.918579 -4.000000 -0.586231 -1.683455 -5.040158
-0.784668 -0.917603 -4.000000 -0.524285 -1.606556 -4.986994
-0.789307 -0.917969 -4.000000 -0.485124 -1.519690 -4.970855
-0.790649 -0.914429 -4.000000 -0.496753 -1.532269 -4.994826
-0.783325 -0.915161 -4.000000 -0.593113 -1.697695 -5.027579
-0.785767 -0.916748 -4.000000 -0.754267 -1.875463 -5.042531
-0.789063 -0.915405 -4.000000 -0.867241 -1.884245 -5.018560
-0.784302 -0.918091 -4.000000 -0.862732 -1.702204 -4.982010
-0.788818 -0.921265 -4.000000 -0.767084 -1.401732 -4.962073
-0.787964 -0.917114 -4.000000 -0.644142 -1.127841 -4.994826
-0.791016 -0.919189 -4.000000 -0.610677 -0.990896 -5.042295
-0.796631 -0.912109 -4.000000 -0.616847 -1.042399 -5.071962
-0.787354 -0.916870 -4.000000 -0.646752 -1.146354 -5.162388
-0.787598 -0.921753 -4.000000 -0.693983 -1.192160 -5.226708
-0.785400 -0.915894 -4.000000 -0.685439 -1.106718 -5.218163
-0.788208 -0.917969 -4.000000 -0.634885 -0.951972 -5.222198
-0.786499 -0.913696 -4.000000 -0.612813 -0.911387 -5.272989
-0.785767 -0.921143 -4.000000 -0.611626 -0.996592 -5.370298
-0.791626 -0.916504 -4.000000 -0.593588 -0.879108 -5.406137
-0.783936 -0.909546 -4.000000 -0.649126 -0.793666 -5.425362
-0.781128 -0.912231 -4.000000 -0.678319 -0.960516 -5.447434
-0.784424 -0.910156 -4.000000 -0.650075 -1.137097 -5.464997
-0.784668 -0.920044 -4.000000 -0.645566 -1.202366 -5.490156
-0.788574 -0.919678 -4.000000 -0.609727 -1.181243 -5.514602
-0.787109 -0.922729 -4.000000 -0.548731 -1.114550 -5.548067
-0.784546 -0.918579 -4.000000 -0.480851 -1.040025 -5.587940
-0.782837 -0.910767 -4.000000 -0.432197 -0.982351 -5.607401
-0.777344 -0.914185 -4.000000 -0.452845 -0.972146 -5.672433
-0.791992 -0.917847 -4.000000 -0.448336 -1.020563 -5.724173
