-0.782959 -0.919434 -4.000000 -0.226897 -1.420956 -5.868238
-0.779785 -0.914307 -4.000000 -0.253954 -1.437095 -5.826229
-0.781860 -0.916748 -4.000000 -0.273179 -1.425940 -5.826467
-0.784790 -0.913696 -4.000000 -0.281723 -1.417396 -5.826941
-0.783936 -0.922974 -4.000000 -0.282198 -1.418346 -5.835960
-0.785767 -0.925903 -4.000000 -0.297150 -1.417871 -5.830739
-0.789429 -0.916138 -4.000000 -0.310916 -1.416921 -5.831451
-0.786621 -0.924438 -4.000000 -0.328716 -1.417634 -5.814363
-0.780029 -0.918457 -4.000000 -0.358146 -1.415497 -5.794663
-0.784058 -0.918213 -4.000000 -0.382593 -1.392713 -5.764758
-0.784058 -0.920044 -4.000000 -0.385915 -1.351653 -5.733904
-0.787964 -0.921997 -4.000000 -0.371200 -1.307982 -5.708271
-0.791992 -0.915527 -4.000000 -0.359333 -1.261701 -5.682876
-0.784058 -0.928589 -4.000000 -0.353400 -1.220878 -5.661515
-0.779663 -0.912842 -4.000000 -0.365979 -1.201891 -5.625914
-0.785522 -0.918091 -4.000000 -0.360995 -1.184328 -5.594585
-0.779907 -0.917236 -4.000000 -0.355298 -1.159407 -5.545456
-0.784302 -0.919922 -4.000000 -0.346042 -1.132350 -5.500836
-0.782715 -0.911865 -4.000000 -0.341533 -1.120246 -5.446010
-0.788818 -0.920410 -4.000000 -0.371675 -1.170325 -5.415631
-0.789429 -0.916260 -4.000000 -0.435045 -1.279976 -5.368400
-0.786499 -0.924805 -4.000000 -0.493905 -1.408377 -5.320694
-0.789307 -0.918213 -4.000000 -0.524285 -1.509484 -5.244034
-0.782227 -0.917603 -4.000000 -0.510994 -1.534880 -5.181850
-0.788574 -0.919312 -4.000000 -0.471120 -1.531319 -5.100680
-0.790527 -0.922974 -4.000000 -0.446200 -1.507348 -4.995776
-0.789673 -0.914429 -4.000000 -0.417482 -1.433298 -4.898941
-0.778931 -0.912231 -4.000000 -0.366928 -1.362333 -4.825840
-0.783691 -0.921021 -4.000000 -0.327530 -1.354026 -4.805903
-0.786987 -0.909790 -4.000000 -0.315425 -1.473408 -4.831773
-0.782959 -0.916138 -4.000000 -0.338685 -1.633851 -4.871884
-0.790161 -0.916260 -4.000000 -0.382830 -1.727600 -4.896093
-0.784546 -0.916992 -4.000000 -0.387339 -1.835115 -4.938102
-0.779419 -0.918823 -4.000000 -0.353874 -1.772932 -4.954004
-0.789307 -0.921631 -4.000000 -0.367403 -1.641208 -4.972279
-0.786377 -0.916992 -4.000000 -0.380694 -1.583297 -4.984383
-0.783447 -0.915161 -4.000000 -0.404665 -1.501177 -5.026392
-0.787109 -0.927734 -4.000000 -0.458779 -1.429975 -5.091187
-0.785156 -0.913086 -4.000000 -0.521911 -1.418820 -5.149572
-0.784424 -0.910278 -4.000000 -0.629901 -1.434010 -5.212467
-0.783203 -0.922974 -4.000000 -0.640581 -1.479342 -5.284856
-0.783325 -0.914551 -4.000000 -0.568667 -1.471272 -5.309777
-0.784912 -0.921387 -4.000000 -0.497228 -1.427127 -5.329239
-0.788086 -0.919189 -4.000000 -0.427687 -1.354501 -5.315711
-0.784302 -0.912842 -4.000000 -0.367877 -1.293030 -5.300995
-0.782227 -0.911255 -4.000000 -0.288843 -1.252682 -5.293163
-0.783569 -0.926392 -4.000000 -0.234492 -1.230847 -5.298385
-0.774292 -0.920044 -4.000000 -0.202451 -1.237018 -5.332324
-0.788452 -0.916138 -4.000000 -0.183939 -1.292318 -5.397356
-0.785645 -0.923706 -4.000000 -0.200078 -1.378710 -5.477814
-0.788940 -0.912720 -4.000000 -0.244460 -1.476019 -5.538335
-0.784180 -0.914795 -4.000000 -0.272229 -1.500228 -5.574886
-0.787964 -0.923096 -4.000000 -0.244460 -1.459168 -5.592212
-0.786255 -0.918823 -4.000000 -0.199603 -1.442080 -5.613098
-0.787354 -0.921875 -4.000000 -0.184888 -1.401257 -5.654870
-0.784180 -0.916382 -4.000000 -0.153559 -1.334802 -5.700913
-0.793457 -0.922607 -4.000000 -0.134809 -1.314391 -5.778998
-0.780884 -0.921143 -4.000000 -0.146202 -1.326257 -5.894583
-0.784912 -0.922729 -4.000000 -0.188923 -1.368029 -6.022273
-0.783813 -0.918091 -4.000000 -0.283859 -1.432349 -6.133111
-0.784912 -0.919678 -4.000000 -0.354824 -1.463915 -6.220451
-0.788086 -0.914307 -4.000000 -0.408937 -1.483614 -6.292603
-0.786621 -0.921021 -4.000000 -0.444301 -1.478867 -6.345530
-0.787964 -0.916748 -4.000000 -0.457829 -1.439706 -6.381606
-0.782349 -0.918335 -4.000000 -0.468035 -1.408377 -6.397745
-0.782715 -0.919556 -4.000000 -0.460678 -1.381083 -6.399169
-0.789429 -0.916870 -4.000000 -0.446200 -1.364469 -6.402017
-0.783569 -0.909790 -4.000000 -0.443352 -1.371115 -6.398694
-0.783813 -0.915283 -4.000000 -0.454744 -1.377998 -6.398220
-0.787964 -0.913818 -4.000000 -0.463763 -1.378235 -6.399881
-0.782227 -0.915894 -4.000000 -0.475630 -1.361384 -6.407950
-0.793457 -0.918091 -4.000000 -0.489396 -1.332191 -6.416732
-0.785767 -0.912476 -4.000000 -0.507434 -1.302523 -6.422428
-0.787231 -0.912598 -4.000000 -0.551104 -1.265261 -6.433583
-0.784546 -0.920166 -4.000000 -0.587180 -1.239866 -6.432159
-0.788574 -0.913940 -4.000000 -0.637971 -1.230609 -6.450672
-0.777222 -0.917969 -4.000000 -0.685201 -1.226100 -6.452333
-0.786621 -0.921387 -4.000000 -0.727685 -1.232983 -6.431921
-0.786255 -0.918579 -4.000000 -0.733856 -1.230135 -6.417681
-0.784058 -0.920288 -4.000000 -0.718904 -1.215894 -6.378046
-0.778320 -0.917114 -4.000000 -0.677607 -1.182667 -6.338409
-0.785278 -0.922241 -4.000000 -0.646990 -1.139945 -6.296163
-0.788940 -0.924927 -4.000000 -0.622306 -1.104344 -6.263885
-0.782471 -0.922241 -4.000000 -0.590977 -1.092477 -6.242762
-0.787598 -0.919434 -4.000000 -0.589316 -1.097699 -6.224961
-0.777222 -0.918701 -4.000000 -0.623730 -1.121196 -6.231606
-0.786377 -0.917236 -4.000000 -0.677607 -1.156797 -6.228758
-0.788086 -0.918579 -4.000000 -0.742400 -1.215657 -6.219502
-0.790283 -0.912720 -4.000000 -0.807669 -1.256954 -6.211432
-0.787964 -0.912720 -4.000000 -0.810992 -1.272619 -6.184376
-0.788330 -0.923706 -4.000000 -0.788207 -1.303710 -6.158268
-0.791626 -0.921387 -4.000000 -0.755929 -1.328394 -6.103680
-0.782959 -0.921631 -4.000000 -0.745961 -1.351416 -6.035563
-0.777588 -0.922241 -4.000000 -0.783223 -1.399596 -6.004234
-0.774780 -0.916748 -4.000000 -0.812416 -1.476019 -5.970532
-0.781128 -0.912720 -4.000000 -0.835912 -1.564072 -5.916181
-0.783447 -0.921265 -4.000000 -0.823571 -1.603471 -5.859694
-0.790039 -0.918823 -4.000000 -0.793903 -1.560987 -5.791578
-0.792236 -0.915283 -4.000000 -0.782511 -1.479817 -5.748144
-0.789429 -0.917969 -4.000000 -0.775865 -1.392713 -5.714205
-0.779785 -0.926636 -4.000000 -0.786783 -1.331004 -5.683351
-0.781738 -0.919922 -4.000000 -0.849678 -1.307508 -5.679078
-0.785156 -0.911987 -4.000000 -0.929662 -1.321748 -5.682876
-0.788452 -0.917480 -4.000000 -0.989709 -1.365656 -5.684300
-0.789429 -0.915039 -4.000000 -1.045959 -1.406953 -5.668635
-0.788818 -0.922607 -4.000000 -1.095325 -1.399833 -5.659616
-0.780518 -0.920532 -4.000000 -1.113601 -1.373013 -5.631373
-0.788940 -0.913818 -4.000000 -1.097936 -1.368504 -5.603841
-0.785522 -0.921509 -4.000000 -1.091291 -1.395561 -5.581294
-0.796387 -0.910522 -4.000000 -1.080136 -1.418346 -5.540946
-0.789795 -0.920410 -4.000000 -1.044060 -1.419058 -5.499649
-0.787476 -0.923340 -4.000000 -0.979266 -1.419058 -5.436517
-0.783936 -0.919434 -4.000000 -0.880770 -1.417871 -5.385726
-0.786987 -0.920166 -4.000000 -0.780612 -1.415260 -5.332324
-0.784424 -0.922241 -4.000000 -0.689236 -1.405766 -5.279397
-0.783691 -0.914185 -4.000000 -0.606404 -1.392238 -5.236439
-0.783325 -0.915649 -4.000000 -0.523573 -1.367555 -5.199414
-0.785522 -0.917725 -4.000000 -0.459016 -1.376336 -5.171170
-0.780762 -0.907715 -4.000000 -0.424839 -1.408140 -5.153369
-0.782959 -0.917480 -4.000000 -0.447624 -1.417634 -5.144114
-0.782227 -0.919678 -4.000000 -0.496041 -1.420719 -5.154556
-0.783325 -0.921387 -4.000000 -0.512418 -1.420956 -5.164525
-0.782227 -0.916016 -4.000000 -0.500788 -1.429975 -5.155743
-0.784424 -0.923340 -4.000000 -0.459965 -1.428314 -5.143639
-0.785034 -0.916138 -4.000000 -0.415820 -1.428551 -5.157879
-0.781006 -0.921021 -4.000000 -0.375235 -1.416684 -5.158591
-0.782959 -0.921509 -4.000000 -0.336074 -1.370878 -5.171170
-0.780396 -0.925537 -4.000000 -0.334650 -1.345007 -5.214366
-0.782227 -0.917236 -4.000000 -0.336786 -1.389865 -5.250916
-0.789185 -0.915161 -4.000000 -0.354586 -1.444928 -5.300046
-0.786255 -0.921875 -4.000000 -0.387577 -1.463203 -5.332087
-0.787598 -0.916626 -4.000000 -0.403004 -1.427602 -5.327340
-0.782593 -0.914063 -4.000000 -0.411311 -1.335039 -5.343479
-0.781006 -0.914429 -4.000000 -0.390662 -1.191211 -5.336122
-0.774536 -0.919067 -4.000000 -0.356485 -1.069455 -5.367925
-0.782349 -0.910522 -4.000000 -0.319223 -0.931323 -5.321406
-0.778564 -0.913208 -4.000000 -0.306406 -1.125705 -5.374096
-0.783569 -0.909912 -4.000000 -0.367877 -1.283774 -5.404950
-0.783936 -0.924561 -4.000000 -0.396121 -1.432586 -5.477339
-0.779053 -0.917480 -4.000000 -0.448573 -1.530133 -5.529316
-0.794067 -0.914795 -4.000000 -0.471120 -1.545797 -5.549490
-0.776001 -0.914673 -4.000000 -0.505297 -1.529184 -5.582955
-0.781372 -0.917480 -4.000000 -0.539712 -1.477681 -5.589601
-0.788452 -0.915039 -4.000000 -0.542085 -1.399121 -5.600519
-0.786255 -0.918579 -4.000000 -0.511468 -1.340261 -5.620693
-0.789673 -0.918091 -4.000000 -0.473731 -1.329818 -5.642291
-0.785156 -0.915649 -4.000000 -0.442402 -1.360197 -5.660566
-0.786499 -0.920898 -4.000000 -0.423415 -1.404342 -5.668873
-0.777832 -0.921387 -4.000000 -0.431247 -1.419532 -5.707559
-0.784668 -0.912720 -4.000000 -0.436469 -1.422855 -5.737701
