-0.776245 -0.921021 -4.000000 -0.185837 -1.613677 -5.771878
-0.784180 -0.920410 -4.000000 -0.104192 -1.618661 -5.749806
-0.787598 -0.921265 -4.000000 -0.080933 -1.591129 -5.739838
-0.787476 -0.912964 -4.000000 -0.056250 -1.536304 -5.725834
-0.787231 -0.918091 -4.000000 -0.045807 -1.495718 -5.737939
-0.792725 -0.916138 -4.000000 -0.066455 -1.474358 -5.748382
-0.791138 -0.923950 -4.000000 -0.104192 -1.465102 -5.761436
-0.778320 -0.920166 -4.000000 -0.131487 -1.471747 -5.768318
-0.786743 -0.919678 -4.000000 -0.141217 -1.510671 -5.788730
-0.790283 -0.919189 -4.000000 -0.155458 -1.570006 -5.816498
-0.784546 -0.912354 -4.000000 -0.170410 -1.627680 -5.858270
-0.785522 -0.917358 -4.000000 -0.155458 -1.663518 -5.914995
-0.784058 -0.917725 -4.000000 -0.147151 -1.675622 -5.980738
-0.787109 -0.918579 -4.000000 -0.175157 -1.673486 -6.075674
-0.788330 -0.921753 -4.000000 -0.236154 -1.681793 -6.195293
-0.780151 -0.918335 -4.000000 -0.325868 -1.714072 -6.351701
-0.786133 -0.913696 -4.000000 -0.426500 -1.780527 -6.475355
-0.793579 -0.921875 -4.000000 -0.552766 -1.833691 -6.596873
-0.792969 -0.918701 -4.000000 -0.629664 -1.854102 -6.698929
-0.785156 -0.915527 -4.000000 -0.637021 -1.869529 -6.775590
-0.783813 -0.916870 -4.000000 -0.626104 -1.877836 -6.838248
-0.788940 -0.917358 -4.000000 -0.597860 -1.890178 -6.872663
-0.783936 -0.918823 -4.000000 -0.567006 -1.884482 -6.876935
-0.787231 -0.914673 -4.000000 -0.540186 -1.858612 -6.858897
-0.791626 -0.918823 -4.000000 -0.510994 -1.830843 -6.821397
-0.785034 -0.917236 -4.000000 -0.516927 -1.777441 -6.767521
-0.785522 -0.922119 -4.000000 -0.521437 -1.702679 -6.724562
-0.782593 -0.917969 -4.000000 -0.492718 -1.646667 -6.685876
-0.783569 -0.919556 -4.000000 -0.456168 -1.598724 -6.669499
-0.788940 -0.913208 -4.000000 -0.452608 -1.586857 -6.618234
-0.796143 -0.914551 -4.000000 -0.481326 -1.573329 -6.579072
-0.788330 -0.909546 -4.000000 -0.510756 -1.551256 -6.541098
-0.793457 -0.914917 -4.000000 -0.518114 -1.532981 -6.486747
-0.781006 -0.917969 -4.000000 -0.538762 -1.535829 -6.431921
-0.793579 -0.919800 -4.000000 -0.578873 -1.553392 -6.384691
-0.784790 -0.922119 -4.000000 -0.632987 -1.588044 -6.340308
-0.788818 -0.918579 -4.000000 -0.682828 -1.633851 -6.281210
-0.786743 -0.912476 -4.000000 -0.724125 -1.682031 -6.218790
-0.785400 -0.917969 -4.000000 -0.777289 -1.735195 -6.160879
-0.792114 -0.915161 -4.000000 -0.831166 -1.795242 -6.080658
-0.781494 -0.915527 -4.000000 -0.851340 -1.810906 -6.010168
-0.783813 -0.913818 -4.000000 -0.842795 -1.778628 -5.937304
-0.785645 -0.919678 -4.000000 -0.821672 -1.713359 -5.897669
-0.779907 -0.912354 -4.000000 -0.783460 -1.638597 -5.876071
-0.782837 -0.915527 -4.000000 -0.753793 -1.586620 -5.840707
-0.782104 -0.914795 -4.000000 -0.737654 -1.554816 -5.827416
-0.782471 -0.917236 -4.000000 -0.717954 -1.566446 -5.817685
-0.786865 -0.913696 -4.000000 -0.696831 -1.624120 -5.826704
-0.788330 -0.919067 -4.000000 -0.710122 -1.674198 -5.826467
-0.781860 -0.923096 -4.000000 -0.734093 -1.681319 -5.818635
-0.787231 -0.915527 -4.000000 -0.759964 -1.636936 -5.809378
-0.788208 -0.920898 -4.000000 -0.763761 -1.569294 -5.816498
-0.784424 -0.913452 -4.000000 -0.745011 -1.533456 -5.835960
-0.788574 -0.924561 -4.000000 -0.730771 -1.532981 -5.857558
-0.788330 -0.918579 -4.000000 -0.719616 -1.532744 -5.862068
-0.782471 -0.918091 -4.000000 -0.719853 -1.506399 -5.845454
-0.784058 -0.925171 -4.000000 -0.737416 -1.456795 -5.817448
-0.783203 -0.919922 -4.000000 -0.756641 -1.387254 -5.758112
-0.784180 -0.916992 -4.000000 -0.773729 -1.284248 -5.694743
-0.782837 -0.918457 -4.000000 -0.785596 -1.208537 -5.648936
-0.791626 -0.924683 -4.000000 -0.796277 -1.186701 -5.593873
-0.784912 -0.912720 -4.000000 -0.790343 -1.195246 -5.524807
-0.789917 -0.918701 -4.000000 -0.749283 -1.242476 -5.466184
-0.785278 -0.921997 -4.000000 -0.678319 -1.353077 -5.420615
-0.784546 -0.922852 -4.000000 -0.589316 -1.469374 -5.368875
-0.779785 -0.912964 -4.000000 -0.468747 -1.569531 -5.323543
-0.777466 -0.919434 -4.000000 -0.319697 -1.650464 -5.278923
-0.784180 -0.918701 -4.000000 -0.157831 -1.687964 -5.235727
-0.783081 -0.916138 -4.000000 0.011867 -1.685591 -5.211993
-0.787598 -0.914795 -4.000000 0.187261 -1.638360 -5.196803
-0.784180 -0.913452 -4.000000 0.364317 -1.557190 -5.188496
-0.777954 -0.923462 -4.000000 0.538050 -1.462016 -5.182325
-0.786865 -0.919678 -4.000000 0.686863 -1.378472 -5.205585
-0.785645 -0.916626 -4.000000 0.788919 -1.331716 -5.209382
-0.789063 -0.911865 -4.000000 0.866767 -1.333378 -5.242610
-0.791138 -0.914673 -4.000000 0.914235 -1.356874 -5.270853
-0.787109 -0.922852 -4.000000 0.962415 -1.363520 -5.299334
-0.778809 -0.918457 -4.000000 0.960041 -1.385355 -5.359381
-0.785889 -0.917236 -4.000000 0.960279 -1.481241 -5.404001
-0.786133 -0.917358 -4.000000 0.948886 -1.570006 -5.445536
-0.781494 -0.919067 -4.000000 0.931086 -1.626256 -5.533351
-0.785767 -0.922729 -4.000000 0.886229 -1.672537 -5.614996
-0.782593 -0.912720 -4.000000 0.795802 -1.687489 -5.706135
-0.787720 -0.919800 -4.000000 0.710834 -1.672300 -5.778761
-0.782349 -0.918213 -4.000000 0.651499 -1.611778 -5.849014
-0.779663 -0.918457 -4.000000 0.634648 -1.518503 -5.911435
-0.787354 -0.911987 -4.000000 0.636784 -1.410276 -5.944188
-0.787598 -0.916138 -4.000000 0.652686 -1.317713 -5.959615
-0.780884 -0.914551 -4.000000 0.623968 -1.254343 -5.972431
-0.785034 -0.918091 -4.000000 0.507671 -1.296590 -6.005659
-0.785278 -0.913574 -4.000000 0.361944 -1.310118 -6.028443
-0.789185 -0.913940 -4.000000 0.182752 -1.292793 -6.032003
-0.778076 -0.921509 -4.000000 0.011392 -1.404817 -6.102256
-0.781128 -0.915283 -4.000000 -0.045807 -1.465576 -6.120531
-0.788086 -0.922974 -4.000000 -0.176344 -1.424042 -6.109613
-0.790771 -0.923096 -4.000000 -0.268669 -1.449200 -6.101069
-0.786255 -0.918457 -4.000000 -0.271755 -1.524199 -6.113411
-0.782227 -0.919556 -4.000000 -0.238527 -1.589231 -6.112936
-0.785767 -0.921875 -4.000000 -0.189872 -1.607980 -6.114598
-0.777710 -0.919922 -4.000000 -0.151660 -1.580212 -6.106291
-0.788574 -0.915527 -4.000000 -0.135759 -1.507111 -6.076860
-0.777100 -0.921387 -4.000000 -0.154509 -1.414785 -6.056212
-0.784058 -0.919434 -4.000000 -0.217166 -1.352840 -6.057873
-0.786621 -0.914429 -4.000000 -0.299998 -1.330767 -6.038412
-0.783936 -0.914673 -4.000000 -0.351976 -1.360672 -6.018000
-0.784302 -0.918091 -4.000000 -0.393985 -1.420956 -5.969583
-0.780640 -0.925659 -4.000000 -0.426263 -1.481241 -5.938254
-0.783569 -0.916260 -4.000000 -0.470883 -1.548883 -5.896008
-0.793945 -0.919922 -4.000000 -0.495092 -1.574753 -5.852811
-0.781738 -0.916748 -4.000000 -0.522149 -1.519927 -5.810565
-0.789429 -0.919189 -4.000000 -0.537338 -1.447301 -5.745059
-0.783691 -0.919189 -4.000000 -0.497465 -1.381320 -5.689284
-0.783691 -0.914063 -4.000000 -0.481089 -1.251021 -5.626152
-0.792969 -0.911621 -4.000000 -0.513130 -1.103632 -5.590788
-0.785278 -0.912109 -4.000000 -0.555851 -0.993269 -5.542370
-0.785767 -0.911255 -4.000000 -0.610914 -0.944377 -5.506295
-0.782959 -0.915527 -4.000000 -0.674284 -1.001576 -5.486358
-0.782349 -0.918457 -4.000000 -0.722227 -1.148252 -5.439839
-0.791992 -0.919800 -4.000000 -0.743587 -1.348805 -5.406849
-0.786255 -0.921021 -4.000000 -0.728397 -1.555054 -5.375283
-0.785034 -0.913208 -4.000000 -0.675233 -1.726888 -5.370536
-0.793579 -0.917603 -4.000000 -0.616373 -1.845321 -5.386438
-0.784180 -0.920776 -4.000000 -0.553715 -1.906554 -5.370536
-0.787109 -0.918823 -4.000000 -0.509807 -1.921032 -5.296248
-0.787476 -0.919189 -4.000000 -0.499364 -1.874039 -5.195379
-0.784912 -0.918091 -4.000000 -0.529743 -1.723802 -5.146249
-0.785156 -0.914917 -4.000000 -0.604268 -1.522301 -5.126550
-0.790771 -0.916870 -4.000000 -0.765422 -1.405054 -5.159541
-0.781494 -0.915894 -4.000000 -0.943902 -1.401732 -5.230742
-0.784302 -0.921387 -4.000000 -1.049993 -1.531557 -5.363891
-0.787109 -0.918457 -4.000000 -1.141607 -1.760828 -5.538810
-0.785034 -0.920654 -4.000000 -1.260277 -1.859324 -5.692607
-0.791870 -0.913330 -4.000000 -1.262888 -1.845558 -5.781847
-0.785889 -0.917725 -4.000000 -1.110753 -1.785274 -5.804394
-0.788330 -0.918701 -4.000000 -0.960279 -1.643582 -5.748619
-0.786743 -0.917114 -4.000000 -0.847067 -1.511620 -5.608114
-0.785400 -0.919067 -4.000000 -0.802685 -1.429026 -5.438890
-0.785645 -0.922119 -4.000000 -0.831166 -1.402444 -5.329951
-0.779907 -0.919678 -4.000000 -0.877684 -1.313679 -5.323305
-0.786133 -0.909424 -4.000000 -0.917558 -1.176258 -5.352024
-0.782227 -0.923340 -4.000000 -0.908776 -1.059724 -5.384302
-0.791626 -0.916992 -4.000000 -0.933222 -0.891925 -5.395457
-0.785767 -0.918335 -4.000000 -1.013206 -0.834726 -5.451944
-0.785767 -0.916382 -4.000000 -1.141844 -0.871276 -5.554949
-0.780884 -0.918945 -4.000000 -1.282350 -0.923728 -5.647987
-0.783813 -0.921875 -4.000000 -1.286859 -1.033617 -5.744822
-0.783447 -0.920166 -4.000000 -1.184091 -1.156085 -5.789204
-0.785645 -0.920166 -4.000000 -1.006323 -1.251021 -5.835248
-0.782837 -0.916382 -4.000000 -0.773492 -1.283062 -5.825992
-0.781616 -0.919678 -4.000000 -0.550629 -1.224913 -5.784457
