-0.780762 -0.917358 -4.000000 -0.292641 -1.312729 -5.894583
-0.790039 -0.915161 -4.000000 -0.263210 -1.310830 -5.878682
-0.783691 -0.919434 -4.000000 -0.256090 -1.318188 -5.874409
-0.778442 -0.919434 -4.000000 -0.236866 -1.330530 -5.876308
-0.782715 -0.916748 -4.000000 -0.220489 -1.347143 -5.877969
-0.786987 -0.918091 -4.000000 -0.234255 -1.384643 -5.884140
-0.783081 -0.918945 -4.000000 -0.248733 -1.411937 -5.885327
-0.780640 -0.915527 -4.000000 -0.262498 -1.415972 -5.898143
-0.788818 -0.923828 -4.000000 -0.254666 -1.397934 -5.902178
-0.781372 -0.909912 -4.000000 -0.235442 -1.371352 -5.886039
-0.784668 -0.910889 -4.000000 -0.215742 -1.352602 -5.887938
-0.786865 -0.921265 -4.000000 -0.201739 -1.335514 -5.875596
-0.784546 -0.918701 -4.000000 -0.201502 -1.308932 -5.875596
-0.781006 -0.920898 -4.000000 -0.215268 -1.279976 -5.858982
-0.782593 -0.921509 -4.000000 -0.232831 -1.266210 -5.848777
-0.787842 -0.918945 -4.000000 -0.262973 -1.260514 -5.846166
-0.785645 -0.918823 -4.000000 -0.301897 -1.255293 -5.835960
-0.781128 -0.923706 -4.000000 -0.344855 -1.245799 -5.816498
-0.782471 -0.922119 -4.000000 -0.401342 -1.217318 -5.803919
-0.783203 -0.918335 -4.000000 -0.468035 -1.183616 -5.755739
-0.790894 -0.914307 -4.000000 -0.564158 -1.143268 -5.684774
-0.782837 -0.917969 -4.000000 -0.666214 -1.125230 -5.619981
-0.782593 -0.919678 -4.000000 -0.768033 -1.142319 -5.549965
-0.780273 -0.914795 -4.000000 -0.849204 -1.185515 -5.461437
-0.781494 -0.919312 -4.000000 -0.918032 -1.240103 -5.344429
-0.778564 -0.920288 -4.000000 -0.946038 -1.273093 -5.235252
-0.784912 -0.916626 -4.000000 -0.964076 -1.281875 -5.135569
-0.789063 -0.914307 -4.000000 -0.990896 -1.311305 -5.042769
-0.786011 -0.916504 -4.000000 -1.040737 -1.404580 -4.981061
-0.790771 -0.918091 -4.000000 -1.103870 -1.556952 -4.945459
-0.780518 -0.909668 -4.000000 -1.155610 -1.725939 -4.877580
-0.787109 -0.913696 -4.000000 -1.163679 -1.846745 -4.772913
-0.784912 -0.916992 -4.000000 -1.152524 -1.895400 -4.686996
-0.786011 -0.908691 -4.000000 -1.145879 -1.853390 -4.583041
-0.775024 -0.915771 -4.000000 -1.028395 -1.892077 -4.540557
-0.785034 -0.913940 -4.000000 -1.004187 -1.711461 -4.510652
-0.780396 -0.920410 -4.000000 -1.084170 -1.490972 -4.536522
-0.780396 -0.921997 -4.000000 -1.090341 -1.284723 -4.612234
-0.781616 -0.915771 -4.000000 -0.923016 -1.115262 -4.706933
-0.788574 -0.913940 -4.000000 -0.759489 -1.064946 -4.820144
-0.793457 -0.918335 -4.000000 -0.700391 -1.104344 -4.963497
-0.776855 -0.917480 -4.000000 -0.684727 -1.178157 -5.106851
-0.784302 -0.910889 -4.000000 -0.660518 -1.258615 -5.239761
-0.787964 -0.910156 -4.000000 -0.582908 -1.302286 -5.349412
-0.781250 -0.917847 -4.000000 -0.500551 -1.295403 -5.458827
-0.785034 -0.918335 -4.000000 -0.413447 -1.282824 -5.565155
-0.784668 -0.921997 -4.000000 -0.328479 -1.247460 -5.631610
-0.785156 -0.916992 -4.000000 -0.251581 -1.172698 -5.667923
-0.785156 -0.915283 -4.000000 -0.190584 -1.106718 -5.702812
-0.781982 -0.919189 -4.000000 -0.160442 -1.085594 -5.744584
-0.785522 -0.921387 -4.000000 -0.176819 -1.124281 -5.800834
-0.785889 -0.917969 -4.000000 -0.231407 -1.198568 -5.849014
-0.782227 -0.914429 -4.000000 -0.294539 -1.271907 -5.875359
-0.778564 -0.913330 -4.000000 -0.321121 -1.332666 -5.902890
-0.787964 -0.916382 -4.000000 -0.308780 -1.359248 -5.915944
-0.786255 -0.915527 -4.000000 -0.283622 -1.347618 -5.935406
-0.786499 -0.911499 -4.000000 -0.259176 -1.343583 -5.925437
-0.783325 -0.920166 -4.000000 -0.242087 -1.313204 -5.933270
-0.782349 -0.918457 -4.000000 -0.251818 -1.273568 -5.949883
-0.790039 -0.923218 -4.000000 -0.267245 -1.233457 -5.986909
-0.781006 -0.913452 -4.000000 -0.270805 -1.194534 -6.044345
-0.784546 -0.913086 -4.000000 -0.285520 -1.131164 -6.132873
-0.784668 -0.913208 -4.000000 -0.335124 -1.073015 -6.230895
-0.790039 -0.921631 -4.000000 -0.431959 -1.035278 -6.314676
-0.783203 -0.921753 -4.000000 -0.557750 -1.040737 -6.407950
-0.789307 -0.913696 -4.000000 -0.705850 -1.073015 -6.481763
-0.780884 -0.917480 -4.000000 -0.850865 -1.083933 -6.533741
-0.780151 -0.922241 -4.000000 -0.926339 -1.056402 -6.587379
-0.790649 -0.919922 -4.000000 -0.940580 -0.980927 -6.617997
-0.780518 -0.921143 -4.000000 -0.871988 -0.878159 -6.695132
-0.783203 -0.911743 -4.000000 -0.815501 -0.862257 -6.744024
-0.781860 -0.916382 -4.000000 -0.798413 -0.932510 -6.796239
-0.788940 -0.920044 -4.000000 -0.774204 -1.010358 -6.823533
-0.789673 -0.916870 -4.000000 -0.724837 -1.073490 -6.818786
-0.780396 -0.922852 -4.000000 -0.673334 -1.105768 -6.799325
-0.788452 -0.919922 -4.000000 -0.621119 -1.129740 -6.775828
-0.781860 -0.910278 -4.000000 -0.570566 -1.153236 -6.713882
-0.782349 -0.913452 -4.000000 -0.532829 -1.154898 -6.651699
-0.782349 -0.915649 -4.000000 -0.481089 -1.181005 -6.598535
-0.794189 -0.917969 -4.000000 -0.406089 -1.239154 -6.511905
-0.786743 -0.920044 -4.000000 -0.336311 -1.286859 -6.421241
-0.781250 -0.917603 -4.000000 -0.286944 -1.310356 -6.339122
-0.774048 -0.913330 -4.000000 -0.259176 -1.314628 -6.246796
-0.788574 -0.916138 -4.000000 -0.259650 -1.340735 -6.165626
-0.787231 -0.918579 -4.000000 -0.292878 -1.374912 -6.106528
-0.778442 -0.916626 -4.000000 -0.355298 -1.397460 -6.054076
-0.777832 -0.916138 -4.000000 -0.387339 -1.405054 -6.001624
-0.784790 -0.915283 -4.000000 -0.389001 -1.406716 -5.952494
-0.782227 -0.922241 -4.000000 -0.375710 -1.391289 -5.898618
-0.786499 -0.911133 -4.000000 -0.365979 -1.364469 -5.851150
-0.782593 -0.916870 -4.000000 -0.350314 -1.344770 -5.800597
-0.793457 -0.916260 -4.000000 -0.332751 -1.299201 -5.746958
-0.786743 -0.922241 -4.000000 -0.318273 -1.230847 -5.700202
-0.785889 -0.921997 -4.000000 -0.297862 -1.163917 -5.676942
-0.783081 -0.921387 -4.000000 -0.332514 -1.131639 -5.696167
-0.782837 -0.925049 -4.000000 -0.383067 -1.150151 -5.695692
-0.782837 -0.918213 -4.000000 -0.435994 -1.198568 -5.678604
-0.786133 -0.917847 -4.000000 -0.474918 -1.250071 -5.650123
-0.785645 -0.918945 -4.000000 -0.498889 -1.308932 -5.628762
-0.786133 -0.911255 -4.000000 -0.511468 -1.364944 -5.582243
-0.781616 -0.916626 -4.000000 -0.536389 -1.410513 -5.518636
-0.787231 -0.915771 -4.000000 -0.544221 -1.473408 -5.418953
-0.786621 -0.915161 -4.000000 -0.542560 -1.527759 -5.290315
-0.784912 -0.911377 -4.000000 -0.551816 -1.559088 -5.144351
-0.786255 -0.917603 -4.000000 -0.513842 -1.527285 -5.049652
-0.783569 -0.910889 -4.000000 -0.492718 -1.432586 -4.942374
-0.788818 -0.917480 -4.000000 -0.496991 -1.321748 -4.900602
-0.788452 -0.922974 -4.000000 -0.565582 -1.210910 -4.885887
-0.792725 -0.919189 -4.000000 -0.658857 -1.139471 -4.887074
-0.784546 -0.924438 -4.000000 -0.784647 -1.164391 -4.887074
-0.791260 -0.917480 -4.000000 -0.909725 -1.305372 -4.898704
-0.786621 -0.915161 -4.000000 -0.990184 -1.470798 -4.896093
-0.779907 -0.918579 -4.000000 -0.987810 -1.588519 -4.874258
-0.777222 -0.916992 -4.000000 -0.965026 -1.643582 -4.832960
-0.786621 -0.913940 -4.000000 -1.008459 -1.656160 -4.809464
-0.782715 -0.920776 -4.000000 -1.164391 -1.739942 -4.824179
-0.788086 -0.914917 -4.000000 -1.344533 -1.912725 -4.903925
-0.785767 -0.912231 -4.000000 -1.634562 -2.049433 -5.044430
-0.784058 -0.917358 -4.000000 -1.827046 -2.185429 -5.126550
-0.782593 -0.918213 -4.000000 -1.806872 -2.269685 -5.159066
-0.784912 -0.907959 -4.000000 -1.571905 -2.201568 -5.148623
-0.786865 -0.914185 -4.000000 -1.203553 -1.932187 -5.075284
-0.782715 -0.914551 -4.000000 -0.710122 -1.492158 -5.002896
-0.782593 -0.913452 -4.000000 -0.241850 -1.034329 -4.959463
-0.786011 -0.916992 -4.000000 0.168274 -0.661942 -4.991504
-0.783203 -0.916260 -4.000000 0.348890 -0.397070 -5.004320
-0.783936 -0.923096 -4.000000 0.210758 -0.449760 -5.145537
-0.788818 -0.919556 -4.000000 -0.016614 -0.511468 -5.227420
-0.781372 -0.916992 -4.000000 -0.415820 -0.687812 -5.349175
-0.783203 -0.914795 -4.000000 -0.713208 -0.973570 -5.457640
-0.786865 -0.923706 -4.000000 -0.856561 -1.131639 -5.521247
-0.778687 -0.921875 -4.000000 -0.805296 -1.201179 -5.590550
-0.782227 -0.919312 -4.000000 -0.663841 -1.156559 -5.636120
-0.788574 -0.919800 -4.000000 -0.486785 -1.031718 -5.654870
-0.787598 -0.920776 -4.000000 -0.372862 -0.911624 -5.677417
-0.785767 -0.914795 -4.000000 -0.287656 -0.909013 -5.720138
-0.782471 -0.916504 -4.000000 -0.239476 -0.951023 -5.738888
-0.789917 -0.916626 -4.000000 -0.263210 -0.987336 -5.757875
-0.782959 -0.921387 -4.000000 -0.267008 -0.986861 -5.811277
-0.790161 -0.911377 -4.000000 -0.251818 -0.968823 -5.859220
-0.792236 -0.920288 -4.000000 -0.276264 -0.969298 -5.922589
-0.788086 -0.918579 -4.000000 -0.332039 -0.985200 -5.990232
-0.781860 -0.918335 -4.000000 -0.434333 -1.013680 -6.057636
-0.785767 -0.916870 -4.000000 -0.529743 -1.037652 -6.114360
-0.778687 -0.926392 -4.000000 -0.592876 -1.008696 -6.184851
-0.788208 -0.922363 -4.000000 -0.613525 -0.933222 -6.242287
-0.777100 -0.916504 -4.000000 -0.637021 -0.812416 -6.305657
-0.781860 -0.915161 -4.000000 -0.681641 -0.680217 -6.377096
-0.785156 -0.908936 -4.000000 -0.762337 -0.590028 -6.450909
-0.779663 -0.915771 -4.000000 -0.907827 -0.590740 -6.531842
