-0.785278 -0.921021 -4.000000 -0.640344 -1.345245 -5.907400
-0.791748 -0.919312 -4.000000 -0.595724 -1.363045 -5.915469
-0.780029 -0.926025 -4.000000 -0.532592 -1.365656 -5.921403
-0.785522 -0.915283 -4.000000 -0.488684 -1.357586 -5.934219
-0.782715 -0.914917 -4.000000 -0.464000 -1.347618 -5.929472
-0.783447 -0.923096 -4.000000 -0.440029 -1.335039 -5.931371
-0.787476 -0.920410 -4.000000 -0.444538 -1.334802 -5.933982
-0.786255 -0.914063 -4.000000 -0.451896 -1.326970 -5.903602
-0.784424 -0.916260 -4.000000 -0.467086 -1.335751 -5.864916
-0.785889 -0.912964 -4.000000 -0.514316 -1.354026 -5.811039
-0.783813 -0.916138 -4.000000 -0.539474 -1.396748 -5.775201
-0.785645 -0.910767 -4.000000 -0.542797 -1.425228 -5.733904
-0.777710 -0.919067 -4.000000 -0.527607 -1.427127 -5.700913
-0.785645 -0.915039 -4.000000 -0.485124 -1.366843 -5.641579
-0.782593 -0.916016 -4.000000 -0.444301 -1.252682 -5.565867
-0.791504 -0.918335 -4.000000 -0.448810 -1.143743 -5.495377
-0.779297 -0.914185 -4.000000 -0.483225 -1.070167 -5.407798
-0.783081 -0.918091 -4.000000 -0.551816 -1.061623 -5.307641
-0.785522 -0.918579 -4.000000 -0.665027 -1.136385 -5.211043
-0.784058 -0.917969 -4.000000 -0.817163 -1.292081 -5.127974
-0.784668 -0.915405 -4.000000 -0.944852 -1.580212 -5.027104
-0.782837 -0.924927 -4.000000 -0.945326 -1.905605 -4.915318
-0.781372 -0.922729 -4.000000 -0.801973 -2.098800 -4.740397
-0.780762 -0.916016 -4.000000 -0.546357 -2.127993 -4.553136
-0.784546 -0.919678 -4.000000 -0.240188 -2.012646 -4.394830
-0.779663 -0.914307 -4.000000 0.056250 -1.789308 -4.278533
-0.786499 -0.917969 -4.000000 0.224287 -1.525861 -4.218724
-0.790405 -0.917847 -4.000000 0.268432 -1.249597 -4.222521
-0.779053 -0.915405 -4.000000 0.168749 -1.040025 -4.288739
-0.787231 -0.919922 -4.000000 -0.069303 -0.987336 -4.372520
-0.775635 -0.916626 -4.000000 -0.383067 -1.089155 -4.457013
-0.785034 -0.912720 -4.000000 -0.655534 -1.251970 -4.547203
-0.783813 -0.913330 -4.000000 -0.787020 -1.347855 -4.640477
-0.786865 -0.912842 -4.000000 -0.763998 -1.322935 -4.732328
-0.786011 -0.912109 -4.000000 -0.625392 -1.203790 -4.824891
-0.785889 -0.919678 -4.000000 -0.475630 -1.084645 -4.935966
-0.787354 -0.912842 -4.000000 -0.435282 -1.098411 -5.076946
-0.787598 -0.913818 -4.000000 -0.567006 -1.307982 -5.211755
-0.786377 -0.919922 -4.000000 -0.834726 -1.650464 -5.323543
-0.783447 -0.923462 -4.000000 -1.079898 -1.988674 -5.371485
-0.786133 -0.925903 -4.000000 -1.149676 -2.147692 -5.408748
-0.782471 -0.915649 -4.000000 -1.023411 -2.052044 -5.444349
-0.777222 -0.919678 -4.000000 -0.745011 -1.796191 -5.498700
-0.784058 -0.921875 -4.000000 -0.380694 -1.401020 -5.521247
-0.775391 -0.922607 -4.000000 -0.215268 -1.235356 -5.590075
-0.787109 -0.928345 -4.000000 -0.212420 -1.241764 -5.644427
-0.780029 -0.915649 -4.000000 -0.327292 -1.359485 -5.648461
-0.784790 -0.920288 -4.000000 -0.502687 -1.514706 -5.648936
-0.786011 -0.918945 -4.000000 -0.624917 -1.591129 -5.666262
-0.782349 -0.919678 -4.000000 -0.692322 -1.593977 -5.692132
-0.779663 -0.916748 -4.000000 -0.671910 -1.544373 -5.732480
-0.782227 -0.917725 -4.000000 -0.537813 -1.407191 -5.760724
-0.785278 -0.914185 -4.000000 -0.370251 -1.246511 -5.780185
-0.779175 -0.923340 -4.000000 -0.270805 -1.124518 -5.785407
-0.782837 -0.917114 -4.000000 -0.247309 -1.069693 -5.800597
-0.776367 -0.921997 -4.000000 -0.289318 -1.071829 -5.785170
-0.784058 -0.916992 -4.000000 -0.371438 -1.133775 -5.784695
-0.787476 -0.914917 -4.000000 -0.448810 -1.230847 -5.797986
-0.786621 -0.917603 -4.000000 -0.482987 -1.288283 -5.820058
-0.788940 -0.925415 -4.000000 -0.463526 -1.263362 -5.859220
-0.784912 -0.921875 -4.000000 -0.409175 -1.218268 -5.897431
-0.785889 -0.921753 -4.000000 -0.332988 -1.082746 -5.972194
-0.788330 -0.921265 -4.000000 -0.325394 -1.070167 -6.010168
-0.787354 -0.921143 -4.000000 -0.281960 -1.012256 -6.007557
-0.795776 -0.913452 -4.000000 -0.220726 -0.920880 -6.059298
-0.786987 -0.914795 -4.000000 -0.143354 -0.865817 -6.111987
-0.783569 -0.917847 -4.000000 -0.008070 -0.816213 -6.252018
-0.783203 -0.920532 -4.000000 0.137657 -0.697068 -6.293552
-0.780151 -0.920166 -4.000000 0.216692 -0.511943 -6.364754
-0.787476 -0.915161 -4.000000 0.192008 -0.337261 -6.443789
-0.780151 -0.929443 -4.000000 0.024683 -0.325156 -6.522111
-0.784546 -0.918945 -4.000000 -0.286944 -0.439554 -6.607553
-0.790771 -0.927002 -4.000000 -0.611863 -0.566057 -6.665464
-0.783325 -0.912231 -4.000000 -0.893111 -0.598810 -6.721477
-0.787231 -0.918945 -4.000000 -1.063759 -0.551341 -6.776065
-0.787964 -0.923828 -4.000000 -1.109566 -0.489633 -6.800274
-0.783081 -0.915771 -4.000000 -1.115737 -0.449760 -6.841571
-0.781006 -0.915405 -4.000000 -1.120958 -0.481089 -6.871951
-0.783691 -0.916016 -4.000000 -1.136860 -0.604506 -6.851539
-0.789795 -0.918457 -4.000000 -1.196907 -0.868903 -6.822821
-0.785522 -0.924072 -4.000000 -1.298489 -1.290182 -6.817600
-0.787231 -0.916016 -4.000000 -1.395561 -1.672774 -6.799562
-0.776733 -0.920288 -4.000000 -1.441368 -1.820875 -6.731208
-0.782837 -0.918457 -4.000000 -1.367792 -1.734720 -6.662142
-0.783691 -0.919800 -4.000000 -1.226575 -1.555291 -6.595686
-0.787964 -0.919189 -4.000000 -1.063759 -1.424516 -6.541810
-0.781372 -0.920166 -4.000000 -0.908539 -1.379184 -6.480339
-0.784790 -0.916870 -4.000000 -0.748809 -1.371827 -6.428361
-0.782349 -0.917847 -4.000000 -0.627765 -1.381795 -6.375909
-0.783203 -0.924683 -4.000000 -0.565819 -1.397222 -6.332951
-0.791016 -0.916016 -4.000000 -0.545171 -1.412175 -6.299249
-0.785278 -0.916138 -4.000000 -0.572939 -1.433298 -6.261274
-0.783936 -0.915039 -4.000000 -0.587180 -1.452048 -6.228996
-0.780884 -0.917725 -4.000000 -0.590977 -1.451336 -6.208584
-0.785156 -0.920532 -4.000000 -0.581009 -1.443978 -6.172034
-0.790161 -0.914063 -4.000000 -0.551579 -1.445640 -6.147825
-0.791504 -0.918701 -4.000000 -0.490345 -1.455845 -6.107478
-0.790405 -0.915161 -4.000000 -0.428874 -1.463440 -6.050753
-0.784668 -0.916626 -4.000000 -0.367165 -1.470560 -6.001624
-0.781372 -0.919678 -4.000000 -0.335124 -1.476494 -5.961751
-0.781006 -0.928345 -4.000000 -0.349602 -1.511620 -5.934931
-0.778931 -0.919067 -4.000000 -0.383542 -1.550069 -5.906450
-0.783569 -0.910889 -4.000000 -0.407039 -1.564547 -5.869425
-0.785278 -0.917603 -4.000000 -0.409175 -1.533456 -5.848777
-0.779541 -0.912720 -4.000000 -0.410599 -1.454896 -5.828128
-0.781616 -0.912476 -4.000000 -0.406089 -1.382507 -5.799410
-0.785889 -0.916260 -4.000000 -0.403716 -1.324121 -5.781847
-0.785645 -0.917358 -4.000000 -0.402292 -1.342397 -5.771641
-0.784424 -0.914673 -4.000000 -0.414871 -1.381558 -5.732955
-0.782349 -0.911377 -4.000000 -0.429111 -1.422380 -5.679553
-0.784668 -0.919189 -4.000000 -0.403953 -1.433298 -5.612860
-0.785522 -0.919922 -4.000000 -0.368589 -1.435671 -5.560883
-0.786743 -0.915527 -4.000000 -0.340109 -1.445165 -5.504633
-0.783325 -0.911621 -4.000000 -0.320172 -1.477206 -5.441501
-0.780029 -0.927124 -4.000000 -0.293353 -1.531319 -5.383827
-0.783081 -0.914063 -4.000000 -0.252767 -1.605607 -5.317134
-0.780884 -0.921021 -4.000000 -0.204350 -1.660670 -5.224334
-0.780396 -0.915894 -4.000000 -0.152372 -1.712173 -5.126550
-0.779297 -0.913208 -4.000000 -0.115347 -1.781476 -5.012627
-0.783691 -0.914551 -4.000000 -0.113686 -1.846507 -4.889685
-0.779175 -0.908447 -4.000000 -0.174445 -1.945716 -4.807327
-0.784668 -0.913208 -4.000000 -0.370726 -2.140572 -4.737787
-0.786011 -0.917969 -4.000000 -0.678793 -2.484715 -4.648072
-0.782227 -0.918945 -4.000000 -0.977130 -2.899586 -4.551950
-0.786499 -0.918579 -4.000000 -1.055215 -3.205518 -4.491427
-0.780640 -0.917969 -4.000000 -0.882668 -3.281229 -4.453691
-0.783081 -0.915527 -4.000000 -0.419855 -2.935899 -4.378928
-0.779907 -0.916992 -4.000000 0.123180 -2.243578 -4.374419
-0.785400 -0.915039 -4.000000 0.528557 -1.513994 -4.445621
-0.775635 -0.915405 -4.000000 0.567481 -1.032905 -4.586601
-0.787109 -0.919434 -4.000000 0.279824 -0.902130 -4.764369
-0.781006 -0.911743 -4.000000 -0.078560 -0.963364 -4.927659
-0.786499 -0.916138 -4.000000 -0.337498 -1.024598 -5.082642
-0.784546 -0.916382 -4.000000 -0.441690 -1.014155 -5.250205
-0.794434 -0.917725 -4.000000 -0.424364 -0.954108 -5.406612
-0.787598 -0.922241 -4.000000 -0.305932 -0.905453 -5.514127
-0.790161 -0.922241 -4.000000 -0.112974 -0.862732 -5.532876
-0.781738 -0.916504 -4.000000 0.028481 -0.678793 -5.467845
-0.786987 -0.913086 -4.000000 0.175394 -0.438605 -5.458115
-0.781616 -0.914307 -4.000000 0.172309 -0.584094 -5.499175
-0.785034 -0.922852 -4.000000 0.026107 -0.927051 -5.555424
-0.785522 -0.917725 -4.000000 -0.130300 -1.151575 -5.567766
-0.781494 -0.919067 -4.000000 -0.204825 -1.164629 -5.508905
-0.779175 -0.915161 -4.000000 -0.194382 -1.082746 -5.521722
-0.782227 -0.919678 -4.000000 -0.163527 -1.025547 -5.586278
-0.782471 -0.910522 -4.000000 -0.109651 -1.020326 -5.692369
-0.784302 -0.915649 -4.000000 -0.103718 -1.063759 -5.752417
-0.786499 -0.912354 -4.000000 -0.156170 -1.126892 -5.750755
-0.782593 -0.914307 -4.000000 -0.195568 -1.155135 -5.731531
-0.780762 -0.911621 -4.000000 -0.208147 -1.119534 -5.701388
