-0.784302 -0.923218 -4.000000 -0.235916 -1.308932 -5.811751
-0.781006 -0.920410 -4.000000 -0.257989 -1.267160 -5.802258
-0.777100 -0.919678 -4.000000 -0.271517 -1.227524 -5.839283
-0.793091 -0.917358 -4.000000 -0.284096 -1.221353 -5.867289
-0.787109 -0.916992 -4.000000 -0.318273 -1.225151 -5.879394
-0.782593 -0.915771 -4.000000 -0.358146 -1.234644 -5.853286
-0.780762 -0.918213 -4.000000 -0.366691 -1.274517 -5.837384
-0.786377 -0.921143 -4.000000 -0.327530 -1.316764 -5.822195
-0.782593 -0.913940 -4.000000 -0.289555 -1.346669 -5.804157
-0.785034 -0.916138 -4.000000 -0.262736 -1.367555 -5.795375
-0.781982 -0.919067 -4.000000 -0.248733 -1.361621 -5.791340
-0.786255 -0.916992 -4.000000 -0.246597 -1.337175 -5.766894
-0.788696 -0.915527 -4.000000 -0.257752 -1.298251 -5.758587
-0.781738 -0.917114 -4.000000 -0.281248 -1.268346 -5.765233
-0.786865 -0.913086 -4.000000 -0.338210 -1.254106 -5.764996
-0.781982 -0.918091 -4.000000 -0.402292 -1.284011 -5.769505
-0.784546 -0.922485 -4.000000 -0.441928 -1.345719 -5.767606
-0.787598 -0.911621 -4.000000 -0.461627 -1.394374 -5.759062
-0.785522 -0.921387 -4.000000 -0.464238 -1.409089 -5.736040
-0.783691 -0.918823 -4.000000 -0.450235 -1.416684 -5.716104
-0.784424 -0.919434 -4.000000 -0.437893 -1.400545 -5.673857
-0.787109 -0.925293 -4.000000 -0.419618 -1.367555 -5.635645
-0.784302 -0.917114 -4.000000 -0.389001 -1.326020 -5.600044
-0.788696 -0.916382 -4.000000 -0.388526 -1.313204 -5.577260
-0.779663 -0.918823 -4.000000 -0.402529 -1.351653 -5.560646
-0.780884 -0.911743 -4.000000 -0.417007 -1.424279 -5.556136
-0.785645 -0.916870 -4.000000 -0.428874 -1.504500 -5.544981
-0.775635 -0.919067 -4.000000 -0.456405 -1.560038 -5.546168
-0.782471 -0.911865 -4.000000 -0.476105 -1.571430 -5.537861
-0.788208 -0.917114 -4.000000 -0.482750 -1.573803 -5.532402
-0.784058 -0.913452 -4.000000 -0.485598 -1.520639 -5.499649
-0.781128 -0.915283 -4.000000 -0.471595 -1.475070 -5.449333
-0.785889 -0.919800 -4.000000 -0.427687 -1.465102 -5.438890
-0.785767 -0.920410 -4.000000 -0.391137 -1.452048 -5.441501
-0.791138 -0.914795 -4.000000 -0.376184 -1.435909 -5.430346
-0.778809 -0.921631 -4.000000 -0.380694 -1.452285 -5.412545
-0.784668 -0.924072 -4.000000 -0.390425 -1.476257 -5.393795
-0.781006 -0.914307 -4.000000 -0.383779 -1.487412 -5.362704
-0.786499 -0.913818 -4.000000 -0.364555 -1.529421 -5.353210
-0.790527 -0.909790 -4.000000 -0.363843 -1.588756 -5.341818
-0.779907 -0.927002 -4.000000 -0.358621 -1.634088 -5.334935
-0.784424 -0.923584 -4.000000 -0.367640 -1.619373 -5.320220
-0.787964 -0.923950 -4.000000 -0.368827 -1.559088 -5.303369
-0.787964 -0.917847 -4.000000 -0.379507 -1.474120 -5.292926
-0.787231 -0.918335 -4.000000 -0.405140 -1.440893 -5.299097
-0.786133 -0.915283 -4.000000 -0.423178 -1.468187 -5.314761
-0.782837 -0.929199 -4.000000 -0.462576 -1.567395 -5.340868
-0.787109 -0.914795 -4.000000 -0.524997 -1.738518 -5.383115
-0.782715 -0.917847 -4.000000 -0.586231 -1.940732 -5.436042
-0.785767 -0.918945 -4.000000 -0.612813 -2.094053 -5.475677
-0.781860 -0.918213 -4.000000 -0.581009 -2.146268 -5.487308
-0.780151 -0.916504 -4.000000 -0.519301 -2.083373 -5.468557
-0.783203 -0.918823 -4.000000 -0.421279 -1.916286 -5.442925
-0.782959 -0.911621 -4.000000 -0.334412 -1.699119 -5.413257
-0.782471 -0.915161 -4.000000 -0.288843 -1.511146 -5.418004
-0.784302 -0.916382 -4.000000 -0.276027 -1.401257 -5.431295
-0.784790 -0.918213 -4.000000 -0.277213 -1.352840 -5.461200
-0.784668 -0.915405 -4.000000 -0.292166 -1.329343 -5.502972
-0.791016 -0.919434 -4.000000 -0.342482 -1.343583 -5.548304
-0.778809 -0.921021 -4.000000 -0.373574 -1.382982 -5.592687
-0.784424 -0.916138 -4.000000 -0.372387 -1.420956 -5.633984
-0.784668 -0.917236 -4.000000 -0.340109 -1.420719 -5.662227
-0.789429 -0.918091 -4.000000 -0.304508 -1.414548 -5.693319
-0.781372 -0.914429 -4.000000 -0.277213 -1.388203 -5.720138
-0.779785 -0.916626 -4.000000 -0.256802 -1.352840 -5.750518
-0.778076 -0.918579 -4.000000 -0.253242 -1.331954 -5.788730
-0.789917 -0.919189 -4.000000 -0.257277 -1.338362 -5.819584
-0.780029 -0.914429 -4.000000 -0.260125 -1.360672 -5.865628
-0.777466 -0.916748 -4.000000 -0.262024 -1.367555 -5.910485
-0.786377 -0.917114 -4.000000 -0.262973 -1.362333 -5.942763
-0.779785 -0.918335 -4.000000 -0.252767 -1.356162 -5.966735
-0.776367 -0.922852 -4.000000 -0.263210 -1.360909 -5.999250
-0.787109 -0.917847 -4.000000 -0.282435 -1.375862 -6.027494
-0.786621 -0.914429 -4.000000 -0.312340 -1.376811 -6.068791
-0.789429 -0.920044 -4.000000 -0.334412 -1.373488 -6.099408
-0.776855 -0.916626 -4.000000 -0.353162 -1.358061 -6.137383
-0.783325 -0.915283 -4.000000 -0.359333 -1.351416 -6.158031
-0.784790 -0.918091 -4.000000 -0.362181 -1.359485 -6.185563
-0.789551 -0.920654 -4.000000 -0.376422 -1.377760 -6.205262
-0.789185 -0.923462 -4.000000 -0.390187 -1.384881 -6.221638
-0.782593 -0.922607 -4.000000 -0.410361 -1.382033 -6.242762
-0.781494 -0.912964 -4.000000 -0.435757 -1.380371 -6.281448
-0.782349 -0.918091 -4.000000 -0.457829 -1.379896 -6.290942
-0.782104 -0.928833 -4.000000 -0.462102 -1.381083 -6.305657
-0.781372 -0.915527 -4.000000 -0.468510 -1.378710 -6.303995
-0.785400 -0.916748 -4.000000 -0.475155 -1.362333 -6.315625
-0.786865 -0.913940 -4.000000 -0.490820 -1.345719 -6.320609
-0.784424 -0.914551 -4.000000 -0.515266 -1.326020 -6.319660
-0.780884 -0.920166 -4.000000 -0.537338 -1.318188 -6.336748
-0.787720 -0.917480 -4.000000 -0.556088 -1.331716 -6.348378
-0.783325 -0.914551 -4.000000 -0.567481 -1.350466 -6.351701
-0.778931 -0.919556 -4.000000 -0.570329 -1.370403 -6.345767
-0.784302 -0.913696 -4.000000 -0.576500 -1.382982 -6.330103
-0.787842 -0.914673 -4.000000 -0.570803 -1.373013 -6.311590
-0.785156 -0.915039 -4.000000 -0.560835 -1.346194 -6.298299
-0.790405 -0.916748 -4.000000 -0.548019 -1.323884 -6.279075
-0.784058 -0.921021 -4.000000 -0.530456 -1.301337 -6.260799
-0.791138 -0.922485 -4.000000 -0.532117 -1.278077 -6.260562
-0.785156 -0.918945 -4.000000 -0.540424 -1.262888 -6.250831
-0.791626 -0.918579 -4.000000 -0.571278 -1.256954 -6.234692
-0.787720 -0.917969 -4.000000 -0.610439 -1.268821 -6.235404
-0.787720 -0.917480 -4.000000 -0.656246 -1.284960 -6.235404
-0.786011 -0.924438 -4.000000 -0.706087 -1.278077 -6.231369
-0.790405 -0.920654 -4.000000 -0.764236 -1.237730 -6.222350
-0.788452 -0.917114 -4.000000 -0.805296 -1.158458 -6.225910
-0.787231 -0.914917 -4.000000 -0.848966 -1.081560 -6.242050
-0.784180 -0.917847 -4.000000 -0.862969 -1.022699 -6.257239
-0.789429 -0.918823 -4.000000 -0.867953 -1.022462 -6.263885
-0.782104 -0.923218 -4.000000 -0.848017 -1.059724 -6.268869
-0.785156 -0.914551 -4.000000 -0.813840 -1.102920 -6.258189
-0.792480 -0.920654 -4.000000 -0.767558 -1.138284 -6.233031
-0.787598 -0.916748 -4.000000 -0.732432 -1.155373 -6.213094
-0.785400 -0.919434 -4.000000 -0.708698 -1.156559 -6.190784
-0.790771 -0.920044 -4.000000 -0.708461 -1.168426 -6.154233
-0.781616 -0.915405 -4.000000 -0.706799 -1.195958 -6.141892
-0.785889 -0.921997 -4.000000 -0.725075 -1.235831 -6.148063
-0.787231 -0.913208 -4.000000 -0.756641 -1.277128 -6.131212
-0.780518 -0.916626 -4.000000 -0.794378 -1.303710 -6.109613
-0.793457 -0.916992 -4.000000 -0.824995 -1.308932 -6.073538
-0.781860 -0.912720 -4.000000 -0.831403 -1.312254 -6.049567
-0.785278 -0.921509 -4.000000 -0.832115 -1.324121 -6.023459
-0.788086 -0.920166 -4.000000 -0.834251 -1.323409 -5.982162
-0.782715 -0.921509 -4.000000 -0.833064 -1.322697 -5.953207
-0.792114 -0.919678 -4.000000 -0.827131 -1.325308 -5.911672
-0.790039 -0.915649 -4.000000 -0.807432 -1.346669 -5.869663
-0.789063 -0.916382 -4.000000 -0.769220 -1.382982 -5.820533
-0.785156 -0.915039 -4.000000 -0.726973 -1.425466 -5.783033
-0.776367 -0.917725 -4.000000 -0.669774 -1.468424 -5.742685
-0.781738 -0.919312 -4.000000 -0.608303 -1.496193 -5.689047
-0.776978 -0.921021 -4.000000 -0.544459 -1.519927 -5.628525
-0.791260 -0.916626 -4.000000 -0.472070 -1.538202 -5.574886
-0.785278 -0.914917 -4.000000 -0.400156 -1.533218 -5.522671
-0.788330 -0.919800 -4.000000 -0.315663 -1.519927 -5.484934
-0.791992 -0.914673 -4.000000 -0.258226 -1.498329 -5.459776
-0.788818 -0.919067 -4.000000 -0.218353 -1.498567 -5.437703
-0.784058 -0.916016 -4.000000 -0.184651 -1.508060 -5.437703
-0.780273 -0.919922 -4.000000 -0.148812 -1.496668 -5.431770
-0.781738 -0.918091 -4.000000 -0.111550 -1.458219 -5.412308
-0.785034 -0.908447 -4.000000 -0.082594 -1.413599 -5.387387
-0.786499 -0.921875 -4.000000 -0.078085 -1.362571 -5.371723
-0.782349 -0.916016 -4.000000 -0.099920 -1.293979 -5.390235
-0.786011 -0.917847 -4.000000 -0.131724 -1.243188 -5.417055
-0.786377 -0.914795 -4.000000 -0.179192 -1.224913 -5.450994
-0.787964 -0.917847 -4.000000 -0.223100 -1.226100 -5.498225
-0.781372 -0.920654 -4.000000 -0.249207 -1.228236 -5.548304
-0.786255 -0.913574 -4.000000 -0.273653 -1.235831 -5.589127
-0.785156 -0.919312 -4.000000 -0.312102 -1.329343 -5.601706
-0.779419 -0.911377 -4.000000 -0.360995 -1.416209 -5.600993
-0.780151 -0.913940 -4.000000 -0.399918 -1.391051 -5.605503
-0.786133 -0.921021 -4.000000 -0.461627 -1.279501 -5.647038
