-0.781372 -0.914307 -4.000000 0.044145 -1.438757 -5.903365
-0.781738 -0.922729 -4.000000 0.098259 -1.428551 -5.891498
-0.784546 -0.921143 -4.000000 0.169224 -1.415023 -5.851150
-0.782471 -0.915039 -4.000000 0.264397 -1.397697 -5.830976
-0.787354 -0.918945 -4.000000 0.342957 -1.356162 -5.849963
-0.789429 -0.916260 -4.000000 0.392561 -1.314391 -5.869900
-0.785156 -0.916016 -4.000000 0.310916 -1.264549 -5.910485
-0.785278 -0.916748 -4.000000 0.229745 -1.308932 -5.913333
-0.785767 -0.914429 -4.000000 0.086155 -1.391526 -5.918792
-0.782471 -0.917969 -4.000000 -0.047943 -1.429501 -5.937542
-0.784790 -0.914429 -4.000000 -0.177768 -1.493582 -5.967684
-0.786255 -0.927612 -4.000000 -0.295014 -1.535829 -5.969108
-0.786377 -0.917969 -4.000000 -0.351501 -1.524437 -5.970057
-0.785889 -0.920532 -4.000000 -0.376659 -1.482190 -5.960089
-0.785400 -0.921387 -4.000000 -0.346042 -1.436858 -5.921403
-0.786987 -0.918091 -4.000000 -0.298811 -1.372302 -5.892210
-0.794189 -0.919678 -4.000000 -0.222388 -1.296353 -5.848302
-0.785156 -0.914063 -4.000000 -0.154983 -1.239628 -5.804869
-0.794434 -0.911377 -4.000000 -0.131249 -1.216606 -5.728208
-0.780884 -0.914185 -4.000000 -0.121518 -1.233457 -5.664838
-0.786377 -0.919434 -4.000000 -0.133860 -1.263125 -5.620693
-0.785278 -0.922241 -4.000000 -0.161391 -1.285198 -5.566816
-0.789063 -0.922119 -4.000000 -0.211233 -1.294454 -5.521484
-0.785645 -0.922241 -4.000000 -0.293590 -1.280213 -5.434855
-0.781738 -0.918335 -4.000000 -0.402292 -1.256005 -5.359618
-0.791382 -0.922729 -4.000000 -0.531168 -1.244375 -5.279160
-0.788574 -0.915405 -4.000000 -0.678081 -1.278077 -5.179477
-0.786987 -0.916382 -4.000000 -0.780138 -1.392475 -5.063892
-0.780762 -0.914429 -4.000000 -0.837099 -1.550781 -4.926472
-0.788452 -0.914673 -4.000000 -0.834251 -1.692236 -4.787628
-0.781250 -0.919189 -4.000000 -0.775628 -1.816603 -4.654243
-0.785522 -0.923584 -4.000000 -0.684964 -1.921507 -4.552661
-0.785645 -0.921143 -4.000000 -0.785122 -1.924355 -4.438263
-0.781616 -0.918945 -4.000000 -1.040737 -1.931001 -4.333122
-0.786255 -0.921387 -4.000000 -1.217318 -1.857425 -4.309150
-0.790283 -0.922729 -4.000000 -1.201654 -1.654737 -4.352821
-0.787231 -0.919312 -4.000000 -1.073727 -1.372302 -4.440874
-0.786499 -0.919312 -4.000000 -0.959092 -1.118585 -4.512313
-0.785889 -0.917358 -4.000000 -0.847305 -0.971671 -4.604402
-0.790527 -0.918823 -4.000000 -0.816925 -0.899045 -4.688895
-0.782715 -0.918335 -4.000000 -0.837099 -0.839235 -4.776236
-0.792847 -0.918457 -4.000000 -0.831166 -0.813603 -4.875919
-0.781250 -0.920410 -4.000000 -0.752131 -0.769457 -4.968007
-0.789429 -0.919800 -4.000000 -0.645803 -0.669537 -5.058908
-0.776611 -0.919189 -4.000000 -0.524759 -0.545408 -5.140790
-0.785889 -0.918579 -4.000000 -0.416295 -0.443352 -5.216027
-0.783936 -0.912231 -4.000000 -0.339871 -0.408700 -5.298859
-0.777954 -0.917236 -4.000000 -0.329428 -0.484174 -5.392609
-0.788940 -0.923462 -4.000000 -0.410124 -0.662654 -5.489206
-0.784424 -0.925049 -4.000000 -0.467086 -0.862257 -5.567054
-0.784180 -0.914917 -4.000000 -0.463051 -1.036940 -5.665787
-0.783325 -0.917847 -4.000000 -0.403241 -1.190499 -5.747907
-0.787476 -0.923706 -4.000000 -0.348178 -1.336463 -5.808904
-0.787231 -0.918823 -4.000000 -0.321833 -1.408615 -5.844742
-0.782959 -0.919067 -4.000000 -0.332514 -1.383931 -5.906450
-0.788940 -0.921631 -4.000000 -0.329666 -1.311068 -5.981687
-0.782227 -0.917847 -4.000000 -0.360520 -1.266448 -6.083744
-0.788818 -0.917358 -4.000000 -0.435757 -1.268584 -6.197430
-0.790527 -0.908569 -4.000000 -0.514316 -1.306558 -6.310166
-0.787354 -0.915527 -4.000000 -0.593113 -1.369928 -6.421241
-0.786377 -0.919678 -4.000000 -0.667164 -1.416921 -6.507871
-0.787720 -0.917969 -4.000000 -0.737179 -1.430450 -6.561510
-0.787231 -0.914063 -4.000000 -0.780612 -1.425940 -6.612063
-0.792847 -0.921753 -4.000000 -0.793429 -1.412887 -6.662616
-0.785522 -0.918091 -4.000000 -0.787258 -1.372539 -6.674721
-0.778809 -0.920410 -4.000000 -0.755929 -1.311780 -6.699404
-0.785522 -0.924316 -4.000000 -0.724837 -1.269296 -6.712695
-0.782349 -0.914429 -4.000000 -0.721277 -1.253157 -6.725512
-0.789795 -0.916748 -4.000000 -0.710359 -1.272856 -6.706999
-0.791504 -0.915894 -4.000000 -0.701815 -1.290656 -6.695844
-0.794556 -0.914795 -4.000000 -0.682591 -1.256242 -6.653597
-0.787231 -0.917725 -4.000000 -0.646990 -1.167002 -6.602332
-0.789673 -0.915771 -4.000000 -0.596911 -1.078000 -6.577649
-0.792358 -0.917114 -4.000000 -0.549205 -1.007984 -6.568392
-0.785767 -0.923828 -4.000000 -0.493193 -0.961465 -6.563171
-0.784668 -0.912354 -4.000000 -0.426500 -0.946038 -6.543946
-0.783936 -0.917236 -4.000000 -0.384729 -0.950073 -6.529706
-0.779541 -0.912720 -4.000000 -0.375472 -0.970247 -6.515703
-0.787842 -0.917847 -4.000000 -0.388526 -1.021750 -6.502649
-0.779541 -0.916504 -4.000000 -0.435757 -1.119771 -6.471083
-0.784546 -0.913574 -4.000000 -0.493905 -1.252682 -6.427887
-0.781738 -0.916748 -4.000000 -0.553715 -1.369216 -6.381368
-0.789307 -0.921631 -4.000000 -0.600234 -1.425466 -6.342207
-0.785400 -0.918823 -4.000000 -0.611863 -1.422380 -6.291891
-0.780396 -0.912720 -4.000000 -0.606879 -1.388441 -6.231606
-0.790527 -0.921387 -4.000000 -0.583382 -1.336226 -6.174407
-0.789429 -0.914307 -4.000000 -0.541848 -1.288520 -6.118395
-0.784180 -0.918457 -4.000000 -0.478241 -1.262888 -6.077573
-0.787476 -0.913086 -4.000000 -0.408700 -1.268109 -6.031054
-0.783569 -0.925415 -4.000000 -0.356960 -1.286859 -5.993080
-0.786255 -0.918457 -4.000000 -0.336074 -1.310593 -5.952969
-0.782227 -0.920776 -4.000000 -0.345330 -1.321273 -5.931608
-0.787476 -0.921387 -4.000000 -0.386627 -1.325783 -5.908349
-0.788818 -0.919800 -4.000000 -0.433383 -1.335514 -5.878444
-0.778687 -0.922852 -4.000000 -0.496041 -1.356637 -5.853523
-0.782715 -0.916504 -4.000000 -0.538050 -1.386305 -5.823618
-0.781982 -0.922485 -4.000000 -0.572702 -1.423330 -5.793951
-0.781738 -0.915527 -4.000000 -0.601895 -1.456320 -5.754790
-0.781738 -0.922119 -4.000000 -0.604980 -1.490497 -5.718477
-0.788696 -0.920532 -4.000000 -0.586943 -1.537253 -5.673619
-0.782227 -0.918823 -4.000000 -0.550392 -1.574278 -5.628050
-0.781738 -0.920776 -4.000000 -0.493193 -1.593265 -5.563731
-0.783447 -0.914063 -4.000000 -0.449285 -1.600860 -5.502497
-0.795044 -0.916870 -4.000000 -0.394222 -1.615338 -5.438890
-0.785278 -0.916016 -4.000000 -0.346992 -1.612727 -5.358906
-0.783447 -0.917969 -4.000000 -0.295251 -1.589468 -5.278211
-0.791626 -0.916748 -4.000000 -0.242324 -1.552205 -5.182562
-0.791992 -0.914795 -4.000000 -0.227609 -1.502601 -5.127974
-0.777710 -0.915894 -4.000000 -0.294302 -1.414073 -5.116819
-0.780273 -0.914673 -4.000000 -0.396121 -1.267635 -5.103528
-0.788574 -0.908936 -4.000000 -0.509570 -1.137335 -5.101629
-0.786621 -0.917969 -4.000000 -0.651974 -1.087968 -5.091898
-0.786987 -0.916992 -4.000000 -0.807669 -1.121907 -5.084541
-0.788330 -0.914795 -4.000000 -0.915421 -1.187888 -5.065079
-0.781372 -0.914795 -4.000000 -0.935121 -1.236543 -5.032801
-0.787354 -0.915771 -4.000000 -0.866055 -1.264786 -4.990079
-0.781860 -0.920776 -4.000000 -0.787258 -1.278789 -4.954004
-0.779297 -0.914063 -4.000000 -0.740502 -1.273805 -4.936915
-0.785034 -0.923950 -4.000000 -0.674758 -1.321748 -4.916029
-0.782837 -0.918579 -4.000000 -0.692559 -1.242002 -4.923624
-0.790527 -0.920654 -4.000000 -0.819299 -1.133775 -4.948308
-0.784424 -0.921021 -4.000000 -0.820248 -1.052842 -4.931694
-0.784302 -0.918335 -4.000000 -0.768033 -1.009171 -4.909384
-0.788940 -0.921387 -4.000000 -0.736230 -1.057114 -4.911045
-0.781128 -0.919189 -4.000000 -0.692322 -1.162255 -4.932643
-0.793091 -0.912720 -4.000000 -0.636309 -1.252207 -4.969905
-0.781494 -0.916504 -4.000000 -0.575313 -1.310593 -5.018085
-0.786987 -0.920044 -4.000000 -0.546832 -1.318425 -5.054399
-0.791870 -0.916504 -4.000000 -0.513130 -1.261938 -5.094035
-0.786255 -0.915405 -4.000000 -0.482750 -1.182429 -5.150522
-0.796021 -0.915894 -4.000000 -0.425551 -1.149439 -5.214128
-0.791992 -0.919067 -4.000000 -0.400868 -1.047620 -5.216977
-0.783081 -0.918945 -4.000000 -0.429349 -1.061148 -5.266106
-0.785400 -0.915527 -4.000000 -0.502212 -1.154423 -5.300046
-0.782471 -0.922363 -4.000000 -0.543035 -1.188363 -5.343479
-0.781860 -0.918945 -4.000000 -0.606879 -1.186464 -5.375757
-0.787231 -0.917725 -4.000000 -0.623968 -1.195720 -5.402577
-0.786499 -0.914185 -4.000000 -0.581484 -1.237018 -5.455504
-0.787720 -0.919678 -4.000000 -0.536152 -1.274992 -5.519823
-0.789307 -0.923340 -4.000000 -0.487022 -1.294929 -5.560883
-0.781006 -0.922485 -4.000000 -0.402292 -1.270957 -5.596484
-0.787231 -0.923096 -4.000000 -0.303321 -1.204502 -5.619981
-0.789063 -0.915405 -4.000000 -0.237815 -1.162967 -5.662939
-0.781372 -0.916138 -4.000000 -0.152135 -1.181005 -5.691183
-0.780151 -0.914673 -4.000000 -0.128638 -1.215894 -5.726784
-0.784912 -0.913574 -4.000000 -0.143116 -1.241052 -5.772116
-0.778198 -0.919312 -4.000000 -0.146676 -1.230847 -5.820770
-0.781494 -0.918701 -4.000000 -0.194144 -1.185040 -5.873223
-0.784790 -0.916260 -4.000000 -0.295014 -1.126892 -5.950121
-0.792969 -0.912598 -4.000000 -0.410599 -1.062335 -6.044108
