-0.786377 -0.914429 -4.000000 -0.460440 -1.407903 -5.839283
-0.785278 -0.915161 -4.000000 -0.367640 -1.361621 -5.798935
-0.784668 -0.917358 -4.000000 -0.282198 -1.295403 -5.826229
-0.784668 -0.916382 -4.000000 -0.235679 -1.250783 -5.842606
-0.778687 -0.921753 -4.000000 -0.216217 -1.243900 -5.868001
-0.783569 -0.918701 -4.000000 -0.228321 -1.255767 -5.873460
-0.785889 -0.910034 -4.000000 -0.261786 -1.282587 -5.879868
-0.777832 -0.912476 -4.000000 -0.306169 -1.328156 -5.889836
-0.782593 -0.915283 -4.000000 -0.355536 -1.398884 -5.905976
-0.788452 -0.917114 -4.000000 -0.410124 -1.494769 -5.924014
-0.783081 -0.915894 -4.000000 -0.457592 -1.607506 -5.937779
-0.787598 -0.918457 -4.000000 -0.482750 -1.695322 -5.927336
-0.779053 -0.917114 -4.000000 -0.487022 -1.727600 -5.901229
-0.787231 -0.921631 -4.000000 -0.461864 -1.729736 -5.849251
-0.786377 -0.913818 -4.000000 -0.418906 -1.702917 -5.791815
-0.784180 -0.912842 -4.000000 -0.360757 -1.652600 -5.724173
-0.780273 -0.918823 -4.000000 -0.280536 -1.588756 -5.689759
-0.781616 -0.923584 -4.000000 -0.236154 -1.530133 -5.643714
-0.783081 -0.912231 -4.000000 -0.249919 -1.504025 -5.614759
-0.784790 -0.916504 -4.000000 -0.353400 -1.503313 -5.601706
-0.789063 -0.914551 -4.000000 -0.536864 -1.522301 -5.593636
-0.782104 -0.919678 -4.000000 -0.783223 -1.557190 -5.582243
-0.787354 -0.917358 -4.000000 -1.053316 -1.607031 -5.544269
-0.782837 -0.917114 -4.000000 -1.275467 -1.650227 -5.492291
-0.782715 -0.920898 -4.000000 -1.363520 -1.656873 -5.454080
-0.781494 -0.916138 -4.000000 -1.293742 -1.725464 -5.392134
-0.790283 -0.916748 -4.000000 -1.122145 -1.710986 -5.245932
-0.788574 -0.923584 -4.000000 -0.833064 -1.686540 -5.049415
-0.785278 -0.922485 -4.000000 -0.469934 -1.693898 -4.888498
-0.780273 -0.919434 -4.000000 -0.156882 -1.691050 -4.751553
-0.782593 -0.915039 -4.000000 0.054351 -1.684404 -4.639528
-0.783447 -0.913574 -4.000000 0.129113 -1.646667 -4.551950
-0.784668 -0.915649 -4.000000 0.080933 -1.588756 -4.503294
-0.786499 -0.920776 -4.000000 -0.104667 -1.550544 -4.519197
-0.788208 -0.920532 -4.000000 -0.404191 -1.598724 -4.571886
-0.784180 -0.922607 -4.000000 -0.673572 -1.644531 -4.633357
-0.784302 -0.921875 -4.000000 -0.802210 -1.641208 -4.691505
-0.779297 -0.919312 -4.000000 -0.785359 -1.587332 -4.754875
-0.781860 -0.917969 -4.000000 -0.686863 -1.497380 -4.810650
-0.793701 -0.922119 -4.000000 -0.481563 -1.379896 -4.843878
-0.787231 -0.922974 -4.000000 -0.264160 -1.176021 -4.879953
-0.785767 -0.916626 -4.000000 -0.115347 -0.906877 -4.925286
-0.786255 -0.921509 -4.000000 -0.079984 -0.715818 -5.029241
-0.776489 -0.915161 -4.000000 -0.176819 -0.677132 -5.176154
-0.788330 -0.916016 -4.000000 -0.338685 -0.819061 -5.333036
-0.791748 -0.913452 -4.000000 -0.473969 -1.083696 -5.483984
-0.776733 -0.925415 -4.000000 -0.562259 -1.306796 -5.601943
-0.776733 -0.910156 -4.000000 -0.588604 -1.413124 -5.690708
-0.792969 -0.921021 -4.000000 -0.545645 -1.408140 -5.748857
-0.784790 -0.917847 -4.000000 -0.460440 -1.333852 -5.780660
-0.785522 -0.912354 -4.000000 -0.409412 -1.251495 -5.774014
-0.785400 -0.916870 -4.000000 -0.354824 -1.204977 -5.760724
-0.787720 -0.921265 -4.000000 -0.310916 -1.180293 -5.772116
-0.783691 -0.912109 -4.000000 -0.288131 -1.188600 -5.791578
-0.784790 -0.915527 -4.000000 -0.294065 -1.233220 -5.831925
-0.789063 -0.912476 -4.000000 -0.344143 -1.289470 -5.879868
-0.785889 -0.919189 -4.000000 -0.409412 -1.323647 -5.920928
-0.782837 -0.919434 -4.000000 -0.470171 -1.353077 -5.966497
-0.780640 -0.919312 -4.000000 -0.508383 -1.377048 -6.014203
-0.784668 -0.914185 -4.000000 -0.512180 -1.392950 -6.047668
-0.785156 -0.917725 -4.000000 -0.482275 -1.394849 -6.054313
-0.790039 -0.920776 -4.000000 -0.446437 -1.387491 -6.055500
-0.791016 -0.913818 -4.000000 -0.404903 -1.378710 -6.049329
-0.784546 -0.913208 -4.000000 -0.347704 -1.362808 -6.043633
-0.784058 -0.915405 -4.000000 -0.306406 -1.347618 -6.050041
-0.789795 -0.919922 -4.000000 -0.302372 -1.334564 -6.074725
-0.791016 -0.912476 -4.000000 -0.362656 -1.335751 -6.129550
-0.789307 -0.921021 -4.000000 -0.510756 -1.345245 -6.185088
-0.785400 -0.919678 -4.000000 -0.702053 -1.376099 -6.265309
-0.784546 -0.917725 -4.000000 -0.901418 -1.376811 -6.337461
-0.784058 -0.920288 -4.000000 -1.059487 -1.321748 -6.378995
-0.782349 -0.912598 -4.000000 -1.157983 -1.219692 -6.409612
-0.780884 -0.917603 -4.000000 -1.190499 -1.124993 -6.442127
-0.787354 -0.922485 -4.000000 -1.183141 -1.074202 -6.470608
-0.787109 -0.917480 -4.000000 -1.178395 -1.071117 -6.486510
-0.785400 -0.917236 -4.000000 -1.188838 -1.080136 -6.508345
-0.784546 -0.915649 -4.000000 -1.216606 -1.078712 -6.509295
-0.785645 -0.910889 -4.000000 -1.239628 -1.078474 -6.530180
-0.790649 -0.920288 -4.000000 -1.265024 -1.102683 -6.547506
-0.782227 -0.918945 -4.000000 -1.270957 -1.145642 -6.553915
-0.784912 -0.921997 -4.000000 -1.222065 -1.152999 -6.531842
-0.783691 -0.914917 -4.000000 -1.127366 -1.123332 -6.508820
-0.781372 -0.917603 -4.000000 -1.009646 -1.072541 -6.491732
-0.783325 -0.919434 -4.000000 -0.877684 -1.039313 -6.483425
-0.781494 -0.916382 -4.000000 -0.759964 -1.031481 -6.449722
-0.789185 -0.917603 -4.000000 -0.662417 -1.094851 -6.404153
-0.782471 -0.916260 -4.000000 -0.612338 -1.225625 -6.385403
-0.780762 -0.913208 -4.000000 -0.620408 -1.373013 -6.384928
-0.786255 -0.907959 -4.000000 -0.629901 -1.525149 -6.378757
-0.789551 -0.919922 -4.000000 -0.636309 -1.624594 -6.362618
-0.785278 -0.919922 -4.000000 -0.628477 -1.639309 -6.337461
-0.789063 -0.923462 -4.000000 -0.616847 -1.609404 -6.314201
-0.787231 -0.915649 -4.000000 -0.602370 -1.535829 -6.288568
-0.786011 -0.923096 -4.000000 -0.571041 -1.462491 -6.257714
-0.783691 -0.915649 -4.000000 -0.528319 -1.408140 -6.226385
-0.787354 -0.923462 -4.000000 -0.485361 -1.368029 -6.208822
-0.779053 -0.913940 -4.000000 -0.454507 -1.349754 -6.185800
-0.789673 -0.917847 -4.000000 -0.425551 -1.332191 -6.147825
-0.785400 -0.916748 -4.000000 -0.420567 -1.304897 -6.112936
-0.792114 -0.915527 -4.000000 -0.432434 -1.271432 -6.077573
-0.786255 -0.926270 -4.000000 -0.453320 -1.289707 -6.085167
-0.785767 -0.916504 -4.000000 -0.447386 -1.287808 -6.074487
-0.782593 -0.922729 -4.000000 -0.492244 -1.277365 -6.018712
-0.787842 -0.920044 -4.000000 -0.510519 -1.304185 -5.994978
-0.785400 -0.917358 -4.000000 -0.550629 -1.318188 -5.966497
-0.793457 -0.918091 -4.000000 -0.583145 -1.331004 -5.948222
-0.785889 -0.917603 -4.000000 -0.568905 -1.310830 -5.893634
-0.783203 -0.916382 -4.000000 -0.539000 -1.309406 -5.897906
-0.792480 -0.918213 -4.000000 -0.508620 -1.297777 -5.858982
-0.783936 -0.921143 -4.000000 -0.470646 -1.267635 -5.795375
-0.784302 -0.915039 -4.000000 -0.436943 -1.228948 -5.752179
-0.782959 -0.919556 -4.000000 -0.429823 -1.229185 -5.727496
-0.780273 -0.916504 -4.000000 -0.432197 -1.267160 -5.689521
-0.795898 -0.913940 -4.000000 -0.426500 -1.322460 -5.651784
-0.785156 -0.912842 -4.000000 -0.428874 -1.374675 -5.611199
-0.784912 -0.911621 -4.000000 -0.426738 -1.419770 -5.558984
-0.779907 -0.915527 -4.000000 -0.414159 -1.451098 -5.485883
-0.786011 -0.916382 -4.000000 -0.378320 -1.481241 -5.404950
-0.785889 -0.917969 -4.000000 -0.317324 -1.500940 -5.335172
-0.791748 -0.910522 -4.000000 -0.258226 -1.468662 -5.247594
-0.787231 -0.918579 -4.000000 -0.209334 -1.411225 -5.178528
-0.786133 -0.919434 -4.000000 -0.199841 -1.371827 -5.145775
-0.786377 -0.920166 -4.000000 -0.260837 -1.328631 -5.070538
-0.788086 -0.921265 -4.000000 -0.330615 -1.347381 -5.006931
-0.784180 -0.920288 -4.000000 -0.380931 -1.413836 -4.994826
-0.780396 -0.917480 -4.000000 -0.389950 -1.508298 -5.006218
-0.781372 -0.919556 -4.000000 -0.346042 -1.627917 -5.033513
-0.783691 -0.916138 -4.000000 -0.231169 -1.699594 -5.024019
-0.788452 -0.917847 -4.000000 -0.010918 -1.692711 -4.976551
-0.781982 -0.914307 -4.000000 0.297387 -1.649752 -4.958276
-0.786377 -0.916748 -4.000000 0.595012 -1.626493 -4.903687
-0.780396 -0.918823 -4.000000 0.857036 -1.651176 -4.842691
-0.781860 -0.916870 -4.000000 1.039313 -1.714309 -4.784543
-0.787720 -0.921021 -4.000000 1.064471 -1.807109 -4.779559
-0.786987 -0.916382 -4.000000 0.892399 -1.935035 -4.813261
-0.783203 -0.919678 -4.000000 0.509095 -2.051332 -4.898466
-0.781982 -0.916138 -4.000000 0.012342 -2.149828 -5.026155
-0.782471 -0.914307 -4.000000 -0.445725 -2.213910 -5.149335
-0.789063 -0.920410 -4.000000 -0.696356 -2.182819 -5.254002
-0.780029 -0.911499 -4.000000 -0.721514 -2.041601 -5.334460
-0.784302 -0.914795 -4.000000 -0.607116 -1.856476 -5.438890
-0.782104 -0.916138 -4.000000 -0.486310 -1.671588 -5.516026
-0.784790 -0.919312 -4.000000 -0.439317 -1.521589 -5.572750
-0.790283 -0.918823 -4.000000 -0.473019 -1.279501 -5.619268
-0.788208 -0.916504 -4.000000 -0.395172 -1.174122 -5.679078
-0.784790 -0.908936 -4.000000 -0.581484 -1.230135 -5.680027
-0.784668 -0.918457 -4.000000 -0.693034 -1.326970 -5.624727
-0.781494 -0.916504 -4.000000 -0.710834 -1.339786 -5.675044
-0.785278 -0.920654 -4.000000 -0.743112 -1.301337 -5.750992
-0.784180 -0.923462 -4.000000 -0.687575 -1.208537 -5.799884
