-0.784546 -0.917480 -4.000000 -0.276976 -1.416209 -5.933270
-0.786743 -0.911011 -4.000000 -0.256090 -1.475545 -5.907400
-0.787842 -0.914429 -4.000000 -0.299049 -1.521114 -5.914995
-0.787720 -0.917725 -4.000000 -0.361469 -1.568582 -5.887463
-0.790771 -0.918823 -4.000000 -0.388526 -1.572142 -5.881767
-0.787720 -0.919922 -4.000000 -0.399918 -1.544373 -5.863729
-0.780884 -0.919189 -4.000000 -0.398257 -1.524437 -5.846878
-0.782837 -0.916382 -4.000000 -0.358621 -1.496668 -5.843318
-0.786255 -0.918823 -4.000000 -0.310441 -1.482427 -5.824331
-0.789551 -0.914429 -4.000000 -0.287182 -1.505924 -5.788255
-0.786621 -0.916504 -4.000000 -0.291929 -1.529895 -5.740550
-0.790527 -0.918823 -4.000000 -0.310441 -1.485750 -5.703762
-0.782471 -0.915649 -4.000000 -0.322545 -1.412412 -5.676467
-0.777588 -0.921143 -4.000000 -0.351264 -1.352365 -5.653208
-0.782471 -0.918457 -4.000000 -0.385203 -1.296590 -5.629949
-0.780518 -0.915771 -4.000000 -0.404428 -1.232745 -5.593873
-0.790527 -0.919067 -4.000000 -0.416295 -1.175546 -5.537386
-0.782349 -0.922363 -4.000000 -0.454269 -1.153474 -5.488257
-0.784180 -0.913818 -4.000000 -0.554190 -1.199281 -5.425836
-0.785645 -0.917236 -4.000000 -0.674046 -1.306796 -5.357008
-0.788696 -0.917969 -4.000000 -0.765185 -1.448725 -5.263733
-0.784058 -0.914673 -4.000000 -0.845643 -1.627680 -5.155980
-0.786987 -0.915894 -4.000000 -0.895960 -1.820163 -5.033513
-0.793579 -0.922852 -4.000000 -0.923491 -1.929102 -4.892770
-0.785034 -0.921021 -4.000000 -0.942953 -1.945953 -4.753214
-0.784790 -0.916870 -4.000000 -0.896909 -1.831555 -4.629322
-0.782593 -0.917603 -4.000000 -0.801023 -1.654974 -4.572123
-0.783569 -0.920410 -4.000000 -0.690898 -1.405529 -4.558595
-0.782471 -0.920654 -4.000000 -0.683777 -1.209486 -4.543880
-0.781738 -0.919800 -4.000000 -0.850865 -1.212334 -4.547677
-0.781006 -0.915405 -4.000000 -1.022699 -1.375862 -4.565952
-0.776001 -0.919678 -4.000000 -1.161543 -1.632664 -4.601791
-0.779663 -0.917847 -4.000000 -1.246749 -1.855764 -4.652344
-0.787720 -0.922607 -4.000000 -1.249122 -1.905368 -4.698863
-0.791748 -0.920044 -4.000000 -1.157271 -1.786460 -4.728530
-0.787231 -0.919189 -4.000000 -1.020801 -1.542475 -4.775287
-0.784424 -0.917114 -4.000000 -0.801498 -1.209486 -4.837945
-0.785278 -0.912964 -4.000000 -0.586943 -0.908064 -4.907011
-0.781006 -0.926392 -4.000000 -0.468510 -0.736467 -4.995776
-0.780396 -0.916382 -4.000000 -0.468984 -0.703002 -5.090000
-0.789063 -0.914185 -4.000000 -0.528794 -0.767321 -5.197278
-0.788330 -0.922119 -4.000000 -0.617559 -0.873412 -5.305979
-0.789673 -0.920288 -4.000000 -0.676657 -0.952447 -5.399966
-0.779541 -0.912964 -4.000000 -0.609727 -0.968111 -5.480662
-0.786743 -0.916504 -4.000000 -0.474206 -0.942716 -5.532640
-0.790405 -0.918457 -4.000000 -0.353874 -0.936782 -5.584617
-0.786377 -0.917236 -4.000000 -0.264397 -0.947225 -5.614285
-0.788696 -0.920288 -4.000000 -0.229983 -0.962890 -5.657006
-0.788330 -0.913086 -4.000000 -0.260125 -0.982589 -5.691658
-0.785645 -0.919800 -4.000000 -0.308305 -1.034092 -5.733429
-0.782715 -0.918457 -4.000000 -0.365029 -1.140657 -5.747670
-0.785645 -0.912964 -4.000000 -0.420092 -1.276653 -5.766894
-0.786133 -0.917480 -4.000000 -0.464000 -1.404817 -5.781372
-0.781616 -0.919189 -4.000000 -0.482987 -1.489785 -5.789204
-0.793945 -0.925049 -4.000000 -0.482987 -1.526335 -5.802970
-0.785034 -0.920410 -4.000000 -0.490820 -1.510671 -5.819821
-0.785767 -0.919189 -4.000000 -0.472070 -1.438282 -5.854236
-0.782837 -0.915894 -4.000000 -0.434095 -1.377286 -5.915944
-0.782471 -0.919067 -4.000000 -0.436469 -1.346669 -5.961039
-0.784424 -0.919556 -4.000000 -0.470646 -1.342397 -6.004947
-0.781372 -0.919189 -4.000000 -0.520250 -1.377286 -6.062620
-0.786133 -0.917358 -4.000000 -0.566769 -1.424991 -6.116022
-0.783203 -0.923218 -4.000000 -0.606404 -1.454421 -6.150436
-0.782349 -0.921265 -4.000000 -0.627528 -1.423804 -6.185088
-0.787354 -0.920288 -4.000000 -0.640107 -1.393899 -6.217129
-0.783325 -0.916016 -4.000000 -0.600708 -1.325071 -6.245135
-0.783691 -0.917480 -4.000000 -0.516215 -1.237018 -6.282872
-0.784790 -0.918823 -4.000000 -0.451896 -1.160357 -6.313251
-0.788696 -0.922729 -4.000000 -0.446200 -1.100547 -6.359533
-0.784424 -0.911133 -4.000000 -0.461864 -1.055927 -6.419343
-0.781372 -0.911987 -4.000000 -0.496991 -1.064946 -6.482000
-0.788696 -0.916748 -4.000000 -0.569379 -1.134724 -6.541098
-0.786133 -0.921143 -4.000000 -0.677607 -1.219454 -6.607553
-0.785034 -0.918945 -4.000000 -0.765422 -1.278315 -6.657395
-0.781006 -0.915405 -4.000000 -0.785596 -1.277603 -6.673534
-0.783325 -0.921509 -4.000000 -0.771831 -1.266922 -6.674009
-0.789429 -0.916382 -4.000000 -0.754742 -1.272144 -6.673059
-0.777832 -0.920410 -4.000000 -0.702053 -1.280926 -6.660955
-0.787231 -0.918091 -4.000000 -0.610202 -1.296590 -6.682790
-0.788330 -0.914551 -4.000000 -0.507434 -1.325071 -6.712695
-0.789307 -0.920410 -4.000000 -0.462339 -1.330767 -6.726461
-0.790771 -0.922363 -4.000000 -0.497940 -1.303710 -6.640306
-0.778931 -0.922729 -4.000000 -0.549443 -1.242239 -6.557000
-0.787598 -0.921875 -4.000000 -0.582433 -1.143980 -6.504548
-0.783325 -0.917969 -4.000000 -0.590265 -1.089155 -6.452096
-0.783936 -0.914429 -4.000000 -0.604268 -1.071117 -6.411748
-0.784180 -0.912964 -4.000000 -0.609490 -1.073965 -6.369739
-0.790649 -0.918091 -4.000000 -0.595249 -1.095563 -6.316575
-0.790039 -0.914185 -4.000000 -0.558936 -1.119059 -6.255578
-0.783813 -0.912598 -4.000000 -0.515503 -1.140183 -6.208822
-0.777100 -0.920044 -4.000000 -0.501500 -1.158933 -6.154708
-0.781738 -0.920776 -4.000000 -0.484886 -1.172224 -6.111750
-0.785645 -0.918457 -4.000000 -0.480139 -1.195958 -6.066418
-0.787231 -0.913208 -4.000000 -0.482750 -1.231321 -6.011829
-0.788208 -0.914429 -4.000000 -0.501975 -1.249597 -5.955817
-0.785645 -0.915894 -4.000000 -0.522386 -1.258141 -5.921640
-0.781738 -0.912720 -4.000000 -0.539000 -1.278077 -5.877020
-0.782959 -0.924683 -4.000000 -0.553715 -1.295641 -5.823381
-0.786133 -0.917480 -4.000000 -0.559886 -1.298489 -5.765945
-0.780029 -0.914551 -4.000000 -0.569142 -1.285435 -5.699964
-0.786499 -0.916626 -4.000000 -0.571515 -1.272144 -5.643952
-0.783936 -0.914185 -4.000000 -0.574601 -1.274280 -5.590075
-0.780762 -0.920288 -4.000000 -0.586468 -1.275941 -5.523146
-0.780273 -0.919312 -4.000000 -0.585518 -1.281638 -5.461912
-0.785522 -0.918091 -4.000000 -0.587417 -1.327207 -5.409460
-0.785645 -0.925171 -4.000000 -0.590977 -1.423804 -5.365077
-0.786865 -0.914429 -4.000000 -0.590028 -1.529184 -5.305505
-0.788208 -0.919556 -4.000000 -0.587892 -1.597775 -5.242372
-0.786011 -0.914795 -4.000000 -0.569142 -1.571430 -5.155506
-0.785645 -0.920044 -4.000000 -0.548493 -1.473646 -5.088576
-0.785645 -0.919678 -4.000000 -0.531642 -1.315577 -5.041820
-0.786499 -0.918823 -4.000000 -0.519301 -1.165815 -5.001946
-0.785278 -0.922485 -4.000000 -0.533304 -1.104344 -4.969905
-0.788452 -0.914673 -4.000000 -0.580297 -1.154423 -4.977263
-0.787842 -0.921753 -4.000000 -0.650550 -1.291606 -4.979874
-0.780151 -0.916748 -4.000000 -0.742875 -1.457744 -4.960886
-0.783936 -0.919922 -4.000000 -0.793666 -1.571430 -4.955428
-0.779541 -0.911377 -4.000000 -0.808144 -1.616287 -4.948070
-0.778687 -0.921753 -4.000000 -0.794378 -1.671825 -4.925523
-0.783691 -0.917114 -4.000000 -0.845643 -1.670876 -4.931931
-0.786499 -0.911377 -4.000000 -0.908776 -1.680132 -4.982010
-0.783203 -0.918335 -4.000000 -0.894536 -1.658297 -4.966108
-0.789917 -0.914063 -4.000000 -0.808381 -1.546747 -4.944510
-0.783691 -0.917969 -4.000000 -0.689948 -1.428314 -4.931694
-0.780273 -0.916504 -4.000000 -0.584094 -1.374675 -4.965633
-0.789185 -0.916504 -4.000000 -0.484412 -1.338362 -5.028529
-0.779297 -0.920410 -4.000000 -0.441216 -1.293267 -5.079557
-0.780884 -0.915771 -4.000000 -0.388763 -1.312017 -5.164762
-0.785034 -0.918335 -4.000000 -0.286944 -1.231084 -5.225521
-0.782471 -0.913208 -4.000000 -0.291454 -1.115737 -5.328052
-0.788208 -0.914673 -4.000000 -0.400393 -0.923491 -5.348464
-0.782837 -0.923096 -4.000000 -0.495804 -0.816688 -5.409697
-0.781982 -0.913818 -4.000000 -0.579110 -0.825707 -5.444349
-0.781372 -0.915161 -4.000000 -0.638208 -0.915421 -5.518399
-0.786133 -0.912354 -4.000000 -0.659331 -1.027921 -5.602655
-0.783936 -0.910400 -4.000000 -0.666452 -1.179819 -5.675518
-0.781250 -0.911865 -4.000000 -0.693983 -1.325071 -5.716341
-0.779541 -0.915405 -4.000000 -0.695407 -1.413124 -5.706135
-0.785278 -0.916992 -4.000000 -0.687812 -1.450624 -5.671484
-0.791626 -0.921387 -4.000000 -0.618271 -1.407903 -5.610487
-0.791992 -0.916626 -4.000000 -0.466611 -1.288520 -5.572513
-0.789185 -0.915283 -4.000000 -0.340583 -1.151812 -5.579395
-0.783325 -0.913574 -4.000000 -0.281011 -1.060674 -5.618082
-0.778809 -0.907837 -4.000000 -0.309017 -1.023411 -5.639205
-0.790894 -0.916016 -4.000000 -0.371200 -1.004187 -5.665075
-0.791748 -0.911133 -4.000000 -0.437893 -1.006086 -5.715629
-0.790283 -0.907837 -4.000000 -0.509332 -1.019851 -5.767606
-0.792969 -0.911133 -4.000000 -0.576737 -1.019377 -5.843792
-0.786255 -0.913208 -4.000000 -0.616135 -0.992557 -5.925912
-0.789673 -0.914795 -4.000000 -0.629664 -0.963364 -5.994029
