-0.783325 -0.920654 -4.000000 -0.513130 -1.281163 -5.797749
-0.781616 -0.920654 -4.000000 -0.473494 -1.389390 -5.766657
-0.785278 -0.921387 -4.000000 -0.449760 -1.382270 -5.780660
-0.789795 -0.918213 -4.000000 -0.422703 -1.331479 -5.783033
-0.786499 -0.911377 -4.000000 -0.393273 -1.301099 -5.799410
-0.786255 -0.913574 -4.000000 -0.366453 -1.293267 -5.810090
-0.788452 -0.914673 -4.000000 -0.348416 -1.274517 -5.807954
-0.781250 -0.916382 -4.000000 -0.346279 -1.242476 -5.813176
-0.786987 -0.927002 -4.000000 -0.349365 -1.219454 -5.802970
-0.785278 -0.923584 -4.000000 -0.310678 -1.202603 -5.796324
-0.791382 -0.917725 -4.000000 -0.250631 -1.187651 -5.784220
-0.781860 -0.915649 -4.000000 -0.187499 -1.153711 -5.767132
-0.784424 -0.923828 -4.000000 -0.076186 -1.016766 -5.719901
-0.780640 -0.915894 -4.000000 -0.030617 -0.841609 -5.686673
-0.780518 -0.923462 -4.000000 0.012579 -0.667876 -5.695455
-0.786011 -0.929688 -4.000000 0.060047 -0.596199 -5.751705
-0.786133 -0.921753 -4.000000 0.044620 -0.675470 -5.886989
-0.791260 -0.915771 -4.000000 0.043433 -0.817163 -6.080658
-0.787964 -0.921631 -4.000000 -0.016139 -1.016291 -6.297587
-0.779541 -0.911987 -4.000000 -0.098259 -1.285672 -6.515940
-0.784058 -0.917725 -4.000000 -0.244935 -1.611303 -6.729784
-0.783936 -0.916992 -4.000000 -0.407276 -1.886618 -6.908738
-0.786621 -0.920044 -4.000000 -0.576500 -2.076253 -7.040225
-0.782104 -0.916992 -4.000000 -0.722938 -2.202281 -7.115462
-0.788452 -0.912842 -4.000000 -0.840897 -2.254258 -7.146079
-0.785522 -0.917480 -4.000000 -0.920406 -2.210113 -7.122819
-0.788696 -0.918335 -4.000000 -0.947462 -2.083848 -7.068231
-0.781250 -0.910522 -4.000000 -0.944852 -1.962092 -6.993231
-0.787964 -0.922607 -4.000000 -0.932510 -1.888279 -6.901618
-0.783325 -0.917725 -4.000000 -0.916371 -1.826808 -6.798613
-0.782837 -0.916382 -4.000000 -0.908301 -1.718818 -6.683740
-0.788086 -0.912964 -4.000000 -0.898808 -1.577838 -6.590465
-0.781738 -0.917969 -4.000000 -0.901181 -1.464152 -6.504311
-0.783691 -0.917236 -4.000000 -0.907115 -1.419295 -6.444026
-0.782349 -0.913696 -4.000000 -0.925152 -1.424279 -6.378520
-0.787231 -0.918579 -4.000000 -0.948174 -1.445877 -6.308268
-0.791016 -0.916992 -4.000000 -0.993269 -1.473883 -6.231844
-0.783203 -0.922485 -4.000000 -1.043823 -1.455608 -6.157319
-0.778442 -0.921021 -4.000000 -1.092477 -1.403393 -6.097272
-0.772095 -0.914673 -4.000000 -1.159170 -1.355688 -6.062383
-0.780151 -0.920776 -4.000000 -1.227049 -1.356400 -6.032003
-0.790039 -0.916748 -4.000000 -1.305609 -1.401969 -6.007320
-0.787109 -0.917114 -4.000000 -1.376574 -1.471510 -5.991418
-0.784302 -0.919434 -4.000000 -1.442792 -1.545560 -5.940627
-0.785034 -0.916870 -4.000000 -1.487174 -1.586145 -5.874647
-0.789307 -0.920898 -4.000000 -1.547221 -1.527759 -5.776388
-0.783325 -0.918823 -4.000000 -1.523250 -1.545797 -5.740312
-0.793335 -0.920044 -4.000000 -1.461779 -1.596825 -5.658905
-0.787842 -0.916382 -4.000000 -1.368504 -1.663281 -5.567291
-0.782349 -0.915771 -4.000000 -1.246749 -1.696034 -5.472355
-0.780640 -0.917603 -4.000000 -1.127841 -1.668977 -5.385726
-0.785400 -0.921387 -4.000000 -1.048095 -1.587806 -5.300758
-0.786499 -0.920898 -4.000000 -0.996117 -1.494532 -5.239049
-0.788452 -0.918701 -4.000000 -1.001339 -1.413361 -5.194429
-0.783081 -0.923584 -4.000000 -1.046433 -1.344770 -5.197752
-0.786621 -0.918823 -4.000000 -1.123094 -1.291368 -5.219113
-0.789307 -0.917480 -4.000000 -1.177208 -1.250783 -5.224809
-0.795044 -0.916992 -4.000000 -1.241527 -1.194534 -5.241660
-0.785278 -0.921265 -4.000000 -1.263600 -1.141132 -5.269904
-0.781128 -0.914551 -4.000000 -1.190261 -1.149202 -5.306929
-0.780518 -0.915283 -4.000000 -0.978079 -1.270008 -5.311913
-0.785034 -0.917969 -4.000000 -0.654110 -1.408140 -5.277024
-0.786621 -0.915771 -4.000000 -0.231881 -1.461067 -5.228132
-0.778320 -0.916992 -4.000000 0.215980 -1.421668 -5.138180
-0.786743 -0.916626 -4.000000 0.640344 -1.545085 -5.163813
-0.783203 -0.913818 -4.000000 0.908776 -1.537965 -5.033750
-0.784912 -0.919189 -4.000000 1.152999 -1.695796 -5.005269
-0.788574 -0.913086 -4.000000 1.387966 -1.817552 -5.033988
-0.782349 -0.917480 -4.000000 1.490260 -1.822299 -5.118006
-0.785400 -0.916870 -4.000000 1.525149 -1.741603 -5.196328
-0.787354 -0.925781 -4.000000 1.534642 -1.715733 -5.272989
-0.784424 -0.917236 -4.000000 1.490972 -1.858137 -5.328526
-0.789551 -0.920898 -4.000000 1.399121 -2.165967 -5.340631
-0.785645 -0.920044 -4.000000 1.307508 -2.440333 -5.349412
-0.784058 -0.922729 -4.000000 1.274043 -2.519367 -5.432244
-0.787964 -0.917847 -4.000000 1.030057 -2.494209 -5.528367
-0.786987 -0.915039 -4.000000 0.953871 -2.249748 -5.638256
-0.785522 -0.912842 -4.000000 1.016528 -1.928627 -5.779711
-0.783936 -0.914673 -4.000000 0.870327 -1.696983 -5.873223
-0.785034 -0.910889 -4.000000 0.702053 -1.539626 -5.966497
-0.784424 -0.918213 -4.000000 0.536152 -1.500465 -6.030579
-0.790771 -0.920166 -4.000000 0.435282 -1.559088 -6.054313
-0.782837 -0.918579 -4.000000 0.337973 -1.635987 -6.093474
-0.782471 -0.914429 -4.000000 0.231169 -1.680132 -6.156132
-0.789063 -0.917236 -4.000000 0.168037 -1.721666 -6.163490
-0.794189 -0.921875 -4.000000 0.135521 -1.746587 -6.137620
-0.781006 -0.921509 -4.000000 0.140268 -1.642157 -6.066892
-0.784912 -0.923950 -4.000000 0.178717 -1.507586 -5.969583
-0.786133 -0.921631 -4.000000 0.202926 -1.398172 -5.918555
-0.787842 -0.917480 -4.000000 0.157119 -1.380371 -5.892922
-0.787598 -0.919922 -4.000000 0.055063 -1.434722 -5.898381
-0.786621 -0.924072 -4.000000 -0.062420 -1.525149 -5.910960
-0.787720 -0.921265 -4.000000 -0.170885 -1.580686 -5.907400
-0.787598 -0.917969 -4.000000 -0.227609 -1.593977 -5.920454
-0.786987 -0.919189 -4.000000 -0.251581 -1.589943 -5.943713
-0.782471 -0.915649 -4.000000 -0.256565 -1.580449 -5.953681
-0.790894 -0.918945 -4.000000 -0.271517 -1.574041 -5.935406
-0.789673 -0.920532 -4.000000 -0.300473 -1.549120 -5.899568
-0.783569 -0.920044 -4.000000 -0.339159 -1.497143 -5.840707
-0.779297 -0.916626 -4.000000 -0.391374 -1.451098 -5.808666
-0.785156 -0.911987 -4.000000 -0.456880 -1.418108 -5.775438
-0.784424 -0.920654 -4.000000 -0.517639 -1.404817 -5.745771
-0.794434 -0.917358 -4.000000 -0.563209 -1.419532 -5.721799
-0.785034 -0.916748 -4.000000 -0.602844 -1.460829 -5.674332
-0.786865 -0.917969 -4.000000 -0.644616 -1.496431 -5.610250
-0.786865 -0.919189 -4.000000 -0.668350 -1.462253 -5.540946
-0.782959 -0.924194 -4.000000 -0.703002 -1.455133 -5.473542
-0.793701 -0.921753 -4.000000 -0.780375 -1.476969 -5.404001
-0.783203 -0.919922 -4.000000 -0.883381 -1.480054 -5.341343
-0.787476 -0.918945 -4.000000 -1.031481 -1.469611 -5.282245
-0.786987 -0.919189 -4.000000 -1.224201 -1.463915 -5.204635
-0.792725 -0.915161 -4.000000 -1.383931 -1.472934 -5.140553
-0.782227 -0.911011 -4.000000 -1.433061 -1.432823 -5.068164
-0.786621 -0.912231 -4.000000 -1.397222 -1.366368 -4.989842
-0.781494 -0.918579 -4.000000 -1.287096 -1.347618 -4.947121
-0.785034 -0.916504 -4.000000 -1.115974 -1.415023 -4.963260
-0.783691 -0.914673 -4.000000 -0.931323 -1.532744 -5.025918
-0.796875 -0.915405 -4.000000 -0.834963 -1.665417 -5.138180
-0.790894 -0.920654 -4.000000 -0.874362 -1.844846 -5.311438
-0.784790 -0.916626 -4.000000 -1.036702 -2.003152 -5.472830
-0.787964 -0.917847 -4.000000 -1.180531 -1.996269 -5.529316
-0.786743 -0.919434 -4.000000 -1.245324 -1.757980 -5.536911
-0.792236 -0.919189 -4.000000 -1.252445 -1.438757 -5.540709
-0.786133 -0.923706 -4.000000 -1.191923 -1.286384 -5.552576
-0.777344 -0.915771 -4.000000 -1.101496 -1.394374 -5.560646
-0.779297 -0.918091 -4.000000 -1.042873 -1.565971 -5.600281
-0.784790 -0.915527 -4.000000 -0.984725 -1.674910 -5.601943
-0.779785 -0.920410 -4.000000 -0.908301 -1.620559 -5.583193
-0.785034 -0.921753 -4.000000 -0.850390 -1.378235 -5.518162
-0.787842 -0.922363 -4.000000 -0.735992 -1.133062 -5.544032
-0.791138 -0.916504 -4.000000 -0.673572 -1.115737 -5.618556
-0.788696 -0.923340 -4.000000 -0.662891 -1.278552 -5.665075
-0.788574 -0.920288 -4.000000 -0.709410 -1.652600 -5.660566
-0.784302 -0.922119 -4.000000 -0.703477 -1.702679 -5.646563
-0.780273 -0.920776 -4.000000 -0.659094 -1.731635 -5.658192
-0.778442 -0.916870 -4.000000 -0.535677 -1.669689 -5.654158
-0.785034 -0.916626 -4.000000 -0.426263 -1.410988 -5.653446
-0.789551 -0.913208 -4.000000 -0.295251 -1.187413 -5.705186
-0.785400 -0.914185 -4.000000 -0.203163 -1.106006 -5.718477
-0.792358 -0.916016 -4.000000 -0.166138 -1.121196 -5.686436
-0.787354 -0.915405 -4.000000 -0.147626 -1.134961 -5.724885
-0.786255 -0.918701 -4.000000 -0.183701 -1.192635 -5.770217
-0.780518 -0.921875 -4.000000 -0.237578 -1.203553 -5.800597
-0.786133 -0.915039 -4.000000 -0.283859 -1.256717 -5.767132
-0.791138 -0.914551 -4.000000 -0.320172 -1.276653 -5.769742
-0.788086 -0.918335 -4.000000 -0.340821 -1.228711 -5.833587
-0.787598 -0.915771 -4.000000 -0.323257 -1.212809 -5.827178
-0.786377 -0.921875 -4.000000 -0.297387 -1.237492 -5.810090
-0.783936 -0.916748 -4.000000 -0.289318 -1.293742 -5.798935
-0.780273 -0.919067 -4.000000 -0.310204 -1.279739 -5.743398
