-0.787964 -0.911865 -4.000000 -0.712021 -1.378710 -5.455978
-0.780640 -0.919067 -4.000000 -0.668350 -1.443029 -5.492766
-0.793579 -0.917603 -4.000000 -0.658382 -1.519215 -5.592687
-0.786377 -0.918579 -4.000000 -0.649363 -1.640733 -5.667212
-0.786377 -0.913330 -4.000000 -0.645328 -1.754182 -5.712306
-0.787354 -0.919067 -4.000000 -0.634411 -1.801887 -5.729394
-0.789185 -0.925293 -4.000000 -0.587655 -1.776017 -5.754078
-0.789185 -0.914063 -4.000000 -0.505060 -1.686777 -5.762385
-0.782349 -0.920166 -4.000000 -0.418431 -1.588519 -5.764284
-0.781616 -0.912964 -4.000000 -0.388763 -1.499991 -5.797274
-0.786011 -0.921875 -4.000000 -0.401342 -1.425228 -5.861356
-0.781494 -0.924683 -4.000000 -0.420092 -1.419532 -5.977890
-0.789795 -0.917847 -4.000000 -0.457829 -1.469848 -6.136908
-0.791992 -0.917969 -4.000000 -0.534016 -1.584246 -6.349802
-0.786133 -0.915039 -4.000000 -0.643192 -1.713834 -6.563171
-0.786499 -0.911255 -4.000000 -0.742875 -1.821112 -6.771081
-0.790039 -0.920410 -4.000000 -0.779188 -1.889466 -6.948137
-0.787842 -0.915283 -4.000000 -0.764948 -1.899434 -7.092440
-0.779907 -0.911987 -4.000000 -0.721989 -1.865969 -7.177882
-0.789795 -0.910889 -4.000000 -0.615186 -1.804261 -7.215620
-0.785400 -0.911499 -4.000000 -0.486310 -1.735907 -7.231521
-0.782959 -0.917725 -4.000000 -0.362893 -1.715258 -7.251220
-0.792847 -0.920166 -4.000000 -0.290267 -1.720242 -7.205651
-0.782104 -0.923462 -4.000000 -0.254903 -1.695559 -7.148452
-0.778687 -0.920776 -4.000000 -0.203875 -1.635749 -7.065145
-0.788452 -0.921265 -4.000000 -0.145015 -1.561936 -6.973058
-0.785034 -0.916626 -4.000000 -0.158069 -1.502127 -6.891413
-0.787598 -0.924805 -4.000000 -0.216929 -1.452285 -6.796002
-0.791016 -0.916260 -4.000000 -0.298574 -1.400070 -6.671873
-0.787354 -0.908325 -4.000000 -0.378083 -1.364707 -6.585244
-0.788330 -0.918579 -4.000000 -0.433858 -1.363757 -6.529943
-0.783813 -0.915649 -4.000000 -0.479665 -1.386542 -6.482238
-0.787476 -0.925049 -4.000000 -0.523098 -1.415260 -6.435719
-0.785522 -0.917725 -4.000000 -0.536389 -1.430687 -6.400355
-0.783325 -0.918335 -4.000000 -0.570566 -1.461304 -6.347191
-0.788208 -0.919556 -4.000000 -0.663841 -1.449912 -6.254629
-0.795532 -0.913818 -4.000000 -0.796514 -1.405292 -6.151623
-0.788696 -0.916992 -4.000000 -0.874124 -1.335989 -6.053839
-0.785156 -0.929321 -4.000000 -0.920643 -1.274280 -5.979314
-0.787720 -0.912354 -4.000000 -0.960516 -1.269296 -5.908349
-0.783081 -0.918701 -4.000000 -0.957668 -1.264074 -5.857796
-0.788330 -0.919434 -4.000000 -0.966212 -1.284960 -5.839046
-0.784058 -0.917847 -4.000000 -0.961465 -1.321985 -5.824568
-0.781860 -0.918457 -4.000000 -0.956956 -1.356162 -5.796799
-0.785522 -0.917603 -4.000000 -0.961703 -1.371352 -5.779711
-0.785889 -0.918945 -4.000000 -0.956481 -1.380846 -5.761673
-0.779297 -0.911377 -4.000000 -0.946513 -1.391289 -5.750518
-0.794189 -0.920532 -4.000000 -0.924915 -1.406716 -5.739363
-0.790405 -0.917725 -4.000000 -0.906877 -1.430925 -5.710645
-0.782227 -0.921021 -4.000000 -0.886941 -1.437333 -5.663414
-0.781128 -0.924194 -4.000000 -0.851340 -1.408852 -5.627813
-0.782959 -0.917725 -4.000000 -0.814315 -1.348567 -5.607876
-0.792236 -0.920776 -4.000000 -0.784884 -1.274992 -5.581532
-0.792725 -0.920532 -4.000000 -0.764948 -1.207825 -5.570376
-0.775269 -0.915283 -4.000000 -0.756404 -1.167477 -5.570376
-0.782349 -0.918213 -4.000000 -0.769457 -1.203553 -5.599807
-0.782349 -0.917725 -4.000000 -0.815027 -1.334090 -5.640154
-0.786621 -0.917236 -4.000000 -0.885754 -1.493345 -5.633034
-0.782715 -0.916504 -4.000000 -0.946276 -1.630290 -5.625914
-0.784668 -0.917847 -4.000000 -0.989946 -1.709087 -5.585329
-0.784180 -0.919312 -4.000000 -0.981165 -1.705290 -5.538810
-0.785400 -0.926880 -4.000000 -0.896909 -1.611541 -5.489206
-0.780518 -0.911621 -4.000000 -0.746198 -1.483139 -5.432007
-0.785645 -0.918579 -4.000000 -0.539949 -1.308932 -5.376232
-0.781494 -0.915527 -4.000000 -0.306169 -1.171512 -5.337071
-0.788208 -0.919189 -4.000000 -0.097784 -1.126180 -5.321169
-0.789307 -0.923340 -4.000000 0.029193 -1.148490 -5.302419
-0.784668 -0.913452 -4.000000 0.103243 -1.181480 -5.291739
-0.786255 -0.918335 -4.000000 0.129113 -1.192872 -5.290315
-0.789551 -0.917480 -4.000000 0.125078 -1.154423 -5.278448
-0.794556 -0.919312 -4.000000 0.128401 -1.098411 -5.250205
-0.793091 -0.913818 -4.000000 0.137183 -1.073015 -5.215315
-0.780884 -0.920776 -4.000000 0.120094 -1.098173 -5.198939
-0.789429 -0.923340 -4.000000 0.087104 -1.146116 -5.210568
-0.786377 -0.921143 -4.000000 0.097310 -1.189550 -5.224572
-0.787354 -0.917358 -4.000000 0.172309 -1.216844 -5.239287
-0.788330 -0.922607 -4.000000 0.309966 -1.222302 -5.230742
-0.790283 -0.915527 -4.000000 0.450947 -1.236306 -5.231454
-0.782715 -0.917236 -4.000000 0.557987 -1.216606 -5.277736
-0.784546 -0.921265 -4.000000 0.575076 -1.222540 -5.327815
-0.785034 -0.915405 -4.000000 0.619221 -1.339074 -5.352736
-0.776733 -0.916382 -4.000000 0.622306 -1.420719 -5.402577
-0.785400 -0.916016 -4.000000 0.594775 -1.492396 -5.446959
-0.779907 -0.915649 -4.000000 0.606642 -1.583297 -5.489206
-0.781738 -0.915283 -4.000000 0.621119 -1.659721 -5.530029
-0.786621 -0.909790 -4.000000 0.618983 -1.702917 -5.564680
-0.784546 -0.922241 -4.000000 0.618034 -1.715496 -5.601468
-0.790283 -0.917725 -4.000000 0.623730 -1.713122 -5.658192
-0.777344 -0.915039 -4.000000 0.609490 -1.717632 -5.713018
-0.781982 -0.914795 -4.000000 0.566057 -1.771983 -5.755265
-0.788452 -0.916504 -4.000000 0.538288 -1.829182 -5.785644
-0.791504 -0.915405 -4.000000 0.522861 -1.837489 -5.825992
-0.785522 -0.906006 -4.000000 0.482513 -1.772220 -5.840707
-0.787109 -0.910767 -4.000000 0.446437 -1.786935 -5.872273
-0.783813 -0.920410 -4.000000 0.423415 -1.707189 -5.915469
-0.784424 -0.913574 -4.000000 0.331090 -1.540576 -5.929947
-0.789063 -0.917358 -4.000000 0.257514 -1.432349 -5.978602
-0.788574 -0.917358 -4.000000 0.270331 -1.470323 -6.014440
-0.790894 -0.919434 -4.000000 0.323969 -1.603471 -6.047193
-0.784668 -0.915894 -4.000000 0.328004 -1.676572 -6.063807
-0.791260 -0.918457 -4.000000 0.311153 -1.677046 -6.058823
-0.799438 -0.916016 -4.000000 0.314713 -1.637411 -6.066892
-0.785522 -0.921265 -4.000000 0.290979 -1.555291 -6.064519
-0.785767 -0.919189 -4.000000 0.239476 -1.448488 -6.053839
-0.786743 -0.916504 -4.000000 0.196518 -1.359485 -6.039835
-0.787842 -0.912354 -4.000000 0.155695 -1.307033 -6.038886
-0.784912 -0.911011 -4.000000 0.083069 -1.315814 -6.045532
-0.785522 -0.922241 -4.000000 -0.036313 -1.352128 -6.053127
-0.785767 -0.919922 -4.000000 -0.201265 -1.426652 -6.012304
-0.786987 -0.918091 -4.000000 -0.355773 -1.509247 -5.987621
-0.783569 -0.918213 -4.000000 -0.489633 -1.640971 -5.962700
-0.784668 -0.919434 -4.000000 -0.611626 -1.743739 -5.938254
-0.785400 -0.919800 -4.000000 -0.697306 -1.798565 -5.908349
-0.790405 -0.915161 -4.000000 -0.724837 -1.790733 -5.859931
-0.787109 -0.908569 -4.000000 -0.687337 -1.729973 -5.796087
-0.782471 -0.915283 -4.000000 -0.631800 -1.648803 -5.732717
-0.779541 -0.919067 -4.000000 -0.580534 -1.570718 -5.687385
-0.781494 -0.913574 -4.000000 -0.544221 -1.517554 -5.642291
-0.781006 -0.919189 -4.000000 -0.548019 -1.495006 -5.600993
-0.794434 -0.918457 -4.000000 -0.585993 -1.523487 -5.571801
-0.793945 -0.920654 -4.000000 -0.649126 -1.577601 -5.571801
-0.780518 -0.918945 -4.000000 -0.744299 -1.632189 -5.554712
-0.785034 -0.915405 -4.000000 -0.860121 -1.678945 -5.503921
-0.790649 -0.918091 -4.000000 -0.939630 -1.699831 -5.477102
-0.788208 -0.923340 -4.000000 -1.009171 -1.683692 -5.441738
-0.790161 -0.912354 -4.000000 -1.034566 -1.659246 -5.405425
-0.784180 -0.924805 -4.000000 -1.015816 -1.612015 -5.355821
-0.780029 -0.921387 -4.000000 -0.944852 -1.533218 -5.315948
-0.785522 -0.922852 -4.000000 -0.841371 -1.456795 -5.300046
-0.785522 -0.925415 -4.000000 -0.734093 -1.388203 -5.295537
-0.788452 -0.916992 -4.000000 -0.668588 -1.352840 -5.310252
-0.780151 -0.916260 -4.000000 -0.678556 -1.367792 -5.354634
-0.785889 -0.910400 -4.000000 -0.734093 -1.409089 -5.400916
-0.778931 -0.913940 -4.000000 -0.748571 -1.420244 -5.431295
-0.782837 -0.912842 -4.000000 -0.726499 -1.432111 -5.431770
-0.785278 -0.913086 -4.000000 -0.708223 -1.486937 -5.439364
-0.782349 -0.912598 -4.000000 -0.729584 -1.530845 -5.443874
-0.779785 -0.911011 -4.000000 -0.796039 -1.528709 -5.428210
-0.792236 -0.909058 -4.000000 -0.866767 -1.474595 -5.428922
-0.780640 -0.919434 -4.000000 -0.931798 -1.416921 -5.460013
-0.785767 -0.925415 -4.000000 -0.978317 -1.376336 -5.469270
-0.787354 -0.919067 -4.000000 -0.994456 -1.360197 -5.425599
-0.774902 -0.920776 -4.000000 -0.939630 -1.382507 -5.395931
-0.777588 -0.921509 -4.000000 -0.854900 -1.445402 -5.393795
-0.784668 -0.919434 -4.000000 -0.777527 -1.500228 -5.396881
-0.786499 -0.917236 -4.000000 -0.658382 -1.440418 -5.463099
-0.783447 -0.915649 -4.000000 -0.629426 -1.316527 -5.575598
-0.788330 -0.911743 -4.000000 -0.739078 -1.118585 -5.619981
-0.784668 -0.916626 -4.000000 -0.837574 -0.989709 -5.675756
-0.789551 -0.920776 -4.000000 -0.834963 -0.919931 -5.701151
