-0.795410 -0.918823 -4.000000 -0.413921 -1.340498 -5.768793
-0.784668 -0.913574 -4.000000 -0.417007 -1.386779 -5.793477
-0.788208 -0.915771 -4.000000 -0.394222 -1.400545 -5.820058
-0.788940 -0.916260 -4.000000 -0.349840 -1.394849 -5.813413
-0.790405 -0.919556 -4.000000 -0.306881 -1.351416 -5.811277
-0.789185 -0.914795 -4.000000 -0.302372 -1.311542 -5.802732
-0.785156 -0.910522 -4.000000 -0.330378 -1.297065 -5.808904
-0.781982 -0.910767 -4.000000 -0.367640 -1.314153 -5.808904
-0.785522 -0.920654 -4.000000 -0.400393 -1.329818 -5.806767
-0.784546 -0.916748 -4.000000 -0.385915 -1.318188 -5.804394
-0.782471 -0.917114 -4.000000 -0.347466 -1.291131 -5.794900
-0.785034 -0.914551 -4.000000 -0.304508 -1.269058 -5.789916
-0.790283 -0.917969 -4.000000 -0.264397 -1.241290 -5.800359
-0.782837 -0.919800 -4.000000 -0.239951 -1.209249 -5.803207
-0.784424 -0.921875 -4.000000 -0.227609 -1.180531 -5.801309
-0.785645 -0.921875 -4.000000 -0.220252 -1.142556 -5.799172
-0.787598 -0.921143 -4.000000 -0.196518 -1.125230 -5.800122
-0.776245 -0.922974 -4.000000 -0.166613 -1.138759 -5.811751
-0.783813 -0.915405 -4.000000 -0.118433 -1.163917 -5.832875
-0.789063 -0.917358 -4.000000 -0.040823 -1.210198 -5.840470
-0.790649 -0.920532 -4.000000 0.048180 -1.252919 -5.837622
-0.792114 -0.921387 -4.000000 0.131487 -1.265261 -5.826941
-0.784424 -0.915405 -4.000000 0.222863 -1.294217 -5.820770
-0.777222 -0.915894 -4.000000 0.273179 -1.359722 -5.828128
-0.792480 -0.918579 -4.000000 0.304745 -1.421194 -5.823618
-0.792236 -0.913818 -4.000000 0.350077 -1.470323 -5.811989
-0.790283 -0.920654 -4.000000 0.378795 -1.530845 -5.803919
-0.786987 -0.919434 -4.000000 0.421279 -1.588519 -5.788967
-0.783813 -0.914795 -4.000000 0.487972 -1.614389 -5.779711
-0.782959 -0.922852 -4.000000 0.567006 -1.602522 -5.767606
-0.790039 -0.915039 -4.000000 0.616135 -1.570955 -5.740787
-0.791260 -0.924438 -4.000000 0.639632 -1.541288 -5.729394
-0.787231 -0.914673 -4.000000 0.640581 -1.553155 -5.733192
-0.789917 -0.916016 -4.000000 0.601420 -1.577601 -5.727496
-0.779907 -0.924561 -4.000000 0.551341 -1.570006 -5.724648
-0.783569 -0.914307 -4.000000 0.527845 -1.551968 -5.725597
-0.788452 -0.921143 -4.000000 0.494380 -1.547221 -5.723936
-0.784302 -0.918945 -4.000000 0.450709 -1.584721 -5.725122
-0.789673 -0.913574 -4.000000 0.426738 -1.612253 -5.709220
-0.786499 -0.913086 -4.000000 0.423652 -1.618423 -5.689047
-0.784912 -0.916992 -4.000000 0.429586 -1.606794 -5.668635
-0.793823 -0.917358 -4.000000 0.454032 -1.591129 -5.632560
-0.790894 -0.916992 -4.000000 0.496041 -1.574753 -5.590313
-0.780518 -0.916870 -4.000000 0.531642 -1.534405 -5.562307
-0.787231 -0.920532 -4.000000 0.541373 -1.508060 -5.547117
-0.784424 -0.914673 -4.000000 0.511943 -1.514943 -5.549253
-0.786499 -0.916382 -4.000000 0.457829 -1.568819 -5.557086
-0.792969 -0.921875 -4.000000 0.395646 -1.623882 -5.589601
-0.788330 -0.921143 -4.000000 0.288131 -1.694135 -5.610250
-0.787964 -0.906250 -4.000000 0.238764 -1.725701 -5.639442
-0.784424 -0.918701 -4.000000 0.215742 -1.675148 -5.619031
-0.782837 -0.914307 -4.000000 0.175632 -1.610591 -5.587228
-0.788696 -0.915894 -4.000000 0.127689 -1.548645 -5.554475
-0.785156 -0.911987 -4.000000 0.046756 -1.524911 -5.534063
-0.779297 -0.914673 -4.000000 -0.039398 -1.477681 -5.517687
-0.786987 -0.926514 -4.000000 -0.127926 -1.422143 -5.521247
-0.789795 -0.920898 -4.000000 -0.241138 -1.397222 -5.540234
-0.782349 -0.920044 -4.000000 -0.379507 -1.412175 -5.561595
-0.782959 -0.915405 -4.000000 -0.504348 -1.422618 -5.588889
-0.781006 -0.916382 -4.000000 -0.591689 -1.414548 -5.626863
-0.784302 -0.913208 -4.000000 -0.643667 -1.377048 -5.634459
-0.784058 -0.919556 -4.000000 -0.683303 -1.292081 -5.636832
-0.789917 -0.916016 -4.000000 -0.735755 -1.203078 -5.607876
-0.788696 -0.912476 -4.000000 -0.796989 -1.147066 -5.604791
-0.786133 -0.922729 -4.000000 -0.872938 -1.144455 -5.612623
-0.789673 -0.923950 -4.000000 -0.960516 -1.175309 -5.604554
-0.789795 -0.914673 -4.000000 -1.052842 -1.191686 -5.595297
-0.787354 -0.917114 -4.000000 -1.157034 -1.177445 -5.595534
-0.788696 -0.920532 -4.000000 -1.243426 -1.171037 -5.595534
-0.784424 -0.918335 -4.000000 -1.312729 -1.157034 -5.600281
-0.775879 -0.921997 -4.000000 -1.355213 -1.135199 -5.599095
-0.783691 -0.918335 -4.000000 -1.392950 -1.108616 -5.585092
-0.790283 -0.917969 -4.000000 -1.477681 -1.132350 -5.605978
-0.787842 -0.924683 -4.000000 -1.615338 -1.241527 -5.658192
-0.791748 -0.914307 -4.000000 -1.805922 -1.386305 -5.729157
-0.787842 -0.917725 -4.000000 -2.005051 -1.509484 -5.757401
-0.779785 -0.919800 -4.000000 -2.141284 -1.548883 -5.761910
-0.785889 -0.917847 -4.000000 -2.151964 -1.465576 -5.716815
-0.779419 -0.915161 -4.000000 -2.057503 -1.301574 -5.657006
-0.786987 -0.912964 -4.000000 -1.926016 -1.158221 -5.602655
-0.787354 -0.918335 -4.000000 -1.836776 -1.082746 -5.574648
-0.783691 -0.917603 -4.000000 -1.834166 -1.082984 -5.589364
-0.785522 -0.914673 -4.000000 -1.868580 -1.131639 -5.623303
-0.785889 -0.919678 -4.000000 -1.920083 -1.177920 -5.652971
-0.781372 -0.917114 -4.000000 -1.960905 -1.169850 -5.675044
-0.785400 -0.912842 -4.000000 -1.957583 -1.099360 -5.690945
-0.783325 -0.918823 -4.000000 -1.916286 -0.996829 -5.683825
-0.783447 -0.921753 -4.000000 -1.853390 -0.928713 -5.687385
-0.786987 -0.918579 -4.000000 -1.785511 -0.938443 -5.716341
-0.788574 -0.916382 -4.000000 -1.718344 -1.007035 -5.748382
-0.784424 -0.916870 -4.000000 -1.663043 -1.071117 -5.782084
-0.782227 -0.921753 -4.000000 -1.598487 -1.113838 -5.807005
-0.786621 -0.924072 -4.000000 -1.549832 -1.120009 -5.828840
-0.785400 -0.923218 -4.000000 -1.497855 -1.112414 -5.848777
-0.781616 -0.922974 -4.000000 -1.416209 -1.074440 -5.863966
-0.784790 -0.918823 -4.000000 -1.289944 -1.018902 -5.883191
-0.781860 -0.911499 -4.000000 -1.147303 -1.009171 -5.915469
-0.787476 -0.919556 -4.000000 -1.027921 -1.070879 -5.964124
-0.786499 -0.916504 -4.000000 -0.959329 -1.173173 -6.028443
-0.791382 -0.913818 -4.000000 -0.910200 -1.266685 -6.082082
-0.792969 -0.919312 -4.000000 -0.922542 -1.372539 -6.181528
-0.789551 -0.913818 -4.000000 -0.982589 -1.497855 -6.262936
-0.789795 -0.915894 -4.000000 -1.021513 -1.590180 -6.357160
-0.789917 -0.922363 -4.000000 -0.930137 -1.596351 -6.415308
-0.778931 -0.917480 -4.000000 -0.711309 -1.544136 -6.454469
-0.784790 -0.919922 -4.000000 -0.474443 -1.513044 -6.482950
-0.791504 -0.921753 -4.000000 -0.282910 -1.513044 -6.517364
-0.787109 -0.917603 -4.000000 -0.181565 -1.524199 -6.540149
-0.785767 -0.928833 -4.000000 -0.136233 -1.546747 -6.573377
-0.780273 -0.915161 -4.000000 -0.131012 -1.598961 -6.624167
-0.788452 -0.918091 -4.000000 -0.119857 -1.649990 -6.646952
-0.794556 -0.917358 -4.000000 -0.073813 -1.659958 -6.660955
-0.782959 -0.920776 -4.000000 -0.014240 -1.631714 -6.668787
-0.786377 -0.924194 -4.000000 0.042959 -1.577838 -6.632237
-0.784058 -0.914429 -4.000000 0.129113 -1.511620 -6.603044
-0.784424 -0.914795 -4.000000 0.205774 -1.475307 -6.572665
-0.776611 -0.921875 -4.000000 0.265109 -1.481003 -6.550829
-0.785767 -0.919189 -4.000000 0.308068 -1.496668 -6.525197
-0.786011 -0.915283 -4.000000 0.330140 -1.497855 -6.497427
-0.786987 -0.916260 -4.000000 0.351501 -1.485038 -6.464200
-0.775757 -0.914551 -4.000000 0.359333 -1.474595 -6.431921
-0.782227 -0.917114 -4.000000 0.349128 -1.475545 -6.415782
-0.780762 -0.918945 -4.000000 0.352925 -1.475545 -6.385403
-0.786499 -0.919678 -4.000000 0.383779 -1.471510 -6.347429
-0.781128 -0.912598 -4.000000 0.425076 -1.466288 -6.322745
-0.784058 -0.922485 -4.000000 0.463526 -1.480291 -6.290230
-0.782959 -0.917969 -4.000000 0.475393 -1.511146 -6.247509
-0.784546 -0.921509 -4.000000 0.475867 -1.538440 -6.207398
-0.781738 -0.920654 -4.000000 0.476105 -1.541762 -6.173933
-0.791992 -0.916504 -4.000000 0.474443 -1.513756 -6.118158
-0.785400 -0.913696 -4.000000 0.449522 -1.471985 -6.088253
-0.789795 -0.915771 -4.000000 0.398969 -1.441368 -6.063095
-0.784912 -0.917114 -4.000000 0.315900 -1.439706 -6.046481
-0.789429 -0.915039 -4.000000 0.212657 -1.473883 -6.036750
-0.781860 -0.917725 -4.000000 0.128638 -1.493345 -6.025120
-0.787109 -0.914429 -4.000000 0.082832 -1.471747 -5.988570
-0.790161 -0.915161 -4.000000 0.087341 -1.416921 -5.928761
-0.781860 -0.910767 -4.000000 0.104667 -1.324596 -5.869425
-0.784668 -0.919189 -4.000000 0.102056 -1.223727 -5.818160
-0.788696 -0.926392 -4.000000 0.046756 -1.153948 -5.778761
-0.781982 -0.922485 -4.000000 -0.053876 -1.132113 -5.743635
-0.784302 -0.919556 -4.000000 -0.162103 -1.140183 -5.721087
-0.788574 -0.918213 -4.000000 -0.281486 -1.171274 -5.703525
-0.787720 -0.920288 -4.000000 -0.375947 -1.213758 -5.672670
-0.793213 -0.920654 -4.000000 -0.405615 -1.266448 -5.634221
-0.794312 -0.918579 -4.000000 -0.381643 -1.340973 -5.586515
-0.784546 -0.918823 -4.000000 -0.296913 -1.414785 -5.493241
-0.787354 -0.916870 -4.000000 -0.151423 -1.454659 -5.385726
-0.779175 -0.927856 -4.000000 0.033228 -1.429501 -5.286280
-0.783569 -0.921265 -4.000000 0.160679 -1.378235 -5.185885
