-0.788696 -0.921387 -4.000000 -0.418431 -1.401257 -5.979788
-0.788208 -0.916748 -4.000000 -0.388763 -1.377998 -6.028918
-0.788940 -0.909668 -4.000000 -0.381406 -1.360197 -6.038174
-0.790039 -0.914795 -4.000000 -0.365741 -1.336938 -6.024408
-0.785400 -0.920898 -4.000000 -0.351738 -1.303473 -6.019187
-0.782715 -0.921509 -4.000000 -0.363131 -1.266922 -5.998064
-0.784790 -0.913940 -4.000000 -0.370251 -1.231084 -5.970532
-0.785889 -0.915649 -4.000000 -0.375947 -1.222302 -5.934694
-0.788086 -0.923584 -4.000000 -0.352688 -1.234644 -5.921165
-0.780396 -0.919800 -4.000000 -0.342719 -1.252445 -5.874647
-0.788940 -0.919800 -4.000000 -0.332276 -1.293267 -5.858508
-0.785278 -0.911865 -4.000000 -0.329666 -1.338362 -5.821720
-0.786987 -0.912598 -4.000000 -0.328004 -1.405529 -5.779236
-0.793579 -0.923096 -4.000000 -0.311865 -1.464390 -5.733429
-0.784790 -0.917969 -4.000000 -0.283384 -1.489785 -5.667212
-0.788696 -0.924072 -4.000000 -0.262736 -1.458456 -5.610724
-0.783447 -0.914551 -4.000000 -0.301897 -1.375387 -5.538573
-0.785889 -0.917480 -4.000000 -0.428399 -1.267397 -5.442213
-0.782837 -0.915405 -4.000000 -0.630613 -1.193584 -5.343005
-0.779785 -0.917358 -4.000000 -0.859409 -1.195720 -5.225284
-0.785767 -0.916504 -4.000000 -1.075863 -1.280926 -5.114921
-0.783569 -0.915283 -4.000000 -1.145167 -1.433535 -4.987469
-0.784668 -0.913940 -4.000000 -1.014630 -1.595401 -4.864289
-0.785400 -0.915527 -4.000000 -0.736704 -1.771983 -4.744195
-0.787231 -0.920166 -4.000000 -0.381168 -1.935273 -4.621253
-0.790649 -0.918335 -4.000000 0.017089 -2.025937 -4.530114
-0.784790 -0.918701 -4.000000 0.338685 -2.064623 -4.454640
-0.782349 -0.920410 -4.000000 0.485361 -1.961855 -4.331460
-0.779907 -0.923950 -4.000000 0.489158 -1.708375 -4.208755
-0.783936 -0.921387 -4.000000 0.346042 -1.362571 -4.198550
-0.784668 -0.912598 -4.000000 0.129113 -0.994693 -4.310100
-0.780762 -0.922119 -4.000000 -0.097310 -0.643667 -4.465795
-0.788330 -0.916260 -4.000000 -0.335124 -0.393273 -4.605114
-0.788574 -0.912354 -4.000000 -0.565582 -0.335124 -4.768878
-0.790405 -0.907593 -4.000000 -0.749521 -0.473731 -4.920064
-0.779053 -0.915283 -4.000000 -0.818112 -0.686388 -5.040870
-0.781982 -0.913330 -4.000000 -0.753081 -0.852526 -5.108987
-0.784546 -0.916138 -4.000000 -0.567006 -0.914235 -5.206059
-0.784546 -0.915161 -4.000000 -0.346992 -0.884567 -5.298385
-0.786011 -0.920654 -4.000000 -0.142167 -0.870089 -5.387150
-0.786987 -0.917358 -4.000000 -0.045807 -0.938206 -5.467608
-0.784546 -0.918701 -4.000000 -0.057436 -1.063285 -5.541183
-0.785522 -0.919067 -4.000000 -0.133623 -1.148252 -5.605028
-0.782837 -0.919922 -4.000000 -0.236154 -1.175546 -5.673619
-0.779541 -0.917114 -4.000000 -0.324207 -1.191448 -5.747907
-0.786377 -0.919800 -4.000000 -0.374523 -1.246511 -5.808904
-0.775513 -0.917969 -4.000000 -0.383779 -1.326970 -5.879156
-0.782349 -0.923096 -4.000000 -0.332276 -1.358061 -5.925912
-0.791260 -0.924805 -4.000000 -0.280774 -1.340735 -5.938016
-0.785034 -0.919189 -4.000000 -0.217166 -1.335276 -5.929947
-0.788208 -0.913574 -4.000000 -0.224999 -1.302049 -5.957479
-0.785522 -0.921143 -4.000000 -0.260362 -1.322697 -5.980738
-0.782227 -0.923950 -4.000000 -0.310441 -1.379422 -6.000200
-0.787354 -0.918701 -4.000000 -0.390899 -1.463440 -6.034377
-0.785400 -0.918335 -4.000000 -0.458067 -1.522063 -6.059298
-0.786255 -0.915283 -4.000000 -0.491769 -1.516130 -6.093474
-0.792358 -0.921631 -4.000000 -0.512180 -1.466763 -6.131449
-0.784302 -0.922607 -4.000000 -0.520250 -1.398409 -6.156370
-0.786377 -0.913696 -4.000000 -0.527370 -1.380134 -6.196243
-0.786499 -0.917480 -4.000000 -0.515978 -1.459405 -6.233031
-0.788330 -0.913452 -4.000000 -0.493430 -1.574515 -6.249407
-0.785767 -0.918945 -4.000000 -0.463526 -1.611303 -6.266021
-0.788818 -0.918945 -4.000000 -0.462102 -1.503313 -6.296401
-0.780151 -0.914429 -4.000000 -0.504111 -1.305609 -6.340783
-0.783447 -0.921265 -4.000000 -0.577212 -1.083221 -6.418631
-0.782104 -0.914185 -4.000000 -0.695644 -0.860833 -6.498614
-0.779175 -0.916016 -4.000000 -0.874836 -0.673572 -6.580259
-0.783203 -0.913208 -4.000000 -1.068506 -0.594537 -6.670686
-0.787598 -0.916260 -4.000000 -1.237730 -0.616610 -6.754467
-0.779175 -0.914551 -4.000000 -1.355688 -0.717717 -6.825669
-0.779907 -0.919189 -4.000000 -1.435671 -0.815501 -6.863881
-0.778564 -0.914185 -4.000000 -1.501177 -0.924440 -6.883106
-0.779419 -0.918579 -4.000000 -1.525149 -1.029107 -6.880970
-0.782227 -0.916870 -4.000000 -1.493108 -1.081322 -6.853438
-0.783081 -0.916870 -4.000000 -1.393425 -1.082746 -6.805495
-0.779785 -0.916016 -4.000000 -1.234407 -1.086306 -6.757553
-0.781006 -0.916382 -4.000000 -1.059487 -1.114787 -6.702252
-0.783325 -0.913208 -4.000000 -0.930849 -1.163917 -6.637933
-0.787598 -0.915039 -4.000000 -0.851577 -1.175784 -6.551779
-0.783813 -0.909912 -4.000000 -0.797701 -1.190024 -6.458504
-0.787231 -0.915649 -4.000000 -0.792005 -1.243188 -6.382792
-0.782349 -0.919434 -4.000000 -0.813840 -1.314153 -6.330340
-0.784180 -0.916504 -4.000000 -0.829504 -1.374200 -6.293790
-0.784058 -0.915771 -4.000000 -0.792479 -1.414785 -6.259138
-0.784546 -0.919556 -4.000000 -0.723888 -1.424754 -6.200040
-0.780762 -0.919678 -4.000000 -0.628714 -1.428077 -6.132873
-0.784668 -0.918945 -4.000000 -0.528794 -1.408615 -6.068791
-0.784058 -0.923706 -4.000000 -0.421754 -1.360435 -6.015152
-0.790405 -0.920166 -4.000000 -0.357909 -1.304897 -5.984773
-0.784180 -0.913330 -4.000000 -0.357197 -1.262176 -5.974092
-0.782471 -0.910156 -4.000000 -0.393748 -1.275229 -5.989994
-0.790771 -0.915405 -4.000000 -0.457592 -1.348567 -6.007082
-0.785522 -0.916870 -4.000000 -0.542323 -1.415260 -6.019899
-0.781982 -0.917236 -4.000000 -0.611863 -1.435197 -6.022985
-0.779785 -0.916504 -4.000000 -0.634173 -1.423092 -6.024883
-0.780640 -0.916870 -4.000000 -0.606879 -1.411937 -6.020136
-0.782837 -0.916626 -4.000000 -0.562971 -1.405054 -5.999013
-0.784302 -0.916626 -4.000000 -0.503399 -1.386542 -5.976940
-0.783203 -0.921021 -4.000000 -0.455219 -1.374675 -5.928048
-0.780396 -0.917969 -4.000000 -0.441928 -1.391289 -5.888887
-0.792114 -0.921265 -4.000000 -0.421042 -1.429501 -5.832875
-0.788574 -0.911987 -4.000000 -0.408937 -1.448488 -5.766894
-0.785767 -0.920044 -4.000000 -0.412735 -1.434722 -5.697116
-0.791992 -0.916016 -4.000000 -0.368589 -1.570006 -5.686673
-0.785278 -0.912231 -4.000000 -0.371200 -1.604420 -5.584142
-0.786377 -0.916382 -4.000000 -0.344381 -1.657585 -5.451231
-0.780640 -0.921875 -4.000000 -0.252055 -1.661857 -5.322119
-0.781494 -0.919556 -4.000000 -0.157594 -1.627442 -5.251866
-0.780640 -0.916382 -4.000000 -0.136945 -1.537253 -5.185173
-0.783447 -0.914551 -4.000000 -0.196992 -1.454184 -5.159303
-0.783325 -0.918091 -4.000000 -0.333938 -1.405054 -5.155268
-0.784302 -0.916992 -4.000000 -0.487734 -1.393899 -5.137705
-0.781006 -0.915161 -4.000000 -0.561547 -1.392001 -5.119667
-0.783936 -0.915283 -4.000000 -0.546595 -1.382033 -5.088338
-0.787476 -0.913818 -4.000000 -0.491057 -1.374438 -5.050127
-0.790405 -0.914795 -4.000000 -0.404903 -1.387017 -5.023544
-0.781982 -0.918945 -4.000000 -0.357197 -1.435434 -4.995064
-0.787354 -0.916260 -4.000000 -0.336549 -1.525861 -4.949732
-0.781372 -0.919067 -4.000000 -0.288843 -1.647616 -4.918165
-0.782471 -0.915894 -4.000000 -0.258701 -1.806160 -4.945934
-0.785767 -0.913086 -4.000000 -0.271992 -1.885906 -4.813024
-0.779419 -0.911987 -4.000000 -0.232593 -1.851729 -4.715477
-0.779541 -0.916260 -4.000000 -0.178717 -1.646667 -4.749654
-0.792725 -0.922119 -4.000000 -0.119145 -1.330530 -4.852422
-0.781982 -0.914429 -4.000000 -0.038924 -0.980927 -4.961361
-0.779663 -0.921875 -4.000000 -0.056724 -0.711784 -5.106139
-0.789673 -0.914429 -4.000000 -0.231169 -0.637021 -5.259698
-0.792847 -0.919556 -4.000000 -0.500551 -0.770169 -5.387862
-0.787964 -0.918945 -4.000000 -0.759489 -1.022937 -5.492054
-0.790161 -0.916748 -4.000000 -0.918270 -1.286147 -5.576310
-0.791870 -0.921997 -4.000000 -0.932747 -1.449912 -5.602892
-0.790283 -0.920288 -4.000000 -0.843033 -1.465102 -5.611199
-0.784180 -0.918091 -4.000000 -0.716056 -1.398172 -5.612860
-0.778564 -0.921143 -4.000000 -0.612101 -1.335276 -5.645139
-0.782593 -0.917114 -4.000000 -0.558699 -1.352602 -5.697116
-0.784180 -0.913452 -4.000000 -0.529269 -1.443504 -5.734141
-0.786377 -0.916870 -4.000000 -0.534965 -1.528709 -5.757164
-0.784546 -0.916870 -4.000000 -0.558699 -1.555291 -5.773540
-0.776245 -0.919312 -4.000000 -0.628952 -1.462253 -5.816024
-0.780273 -0.920654 -4.000000 -0.534490 -1.205451 -5.824093
-0.777222 -0.917603 -4.000000 -0.423178 -1.109329 -5.826467
-0.780518 -0.919922 -4.000000 -0.340346 -1.251021 -5.808429
-0.785156 -0.913208 -4.000000 -0.236154 -1.331716 -5.812938
-0.785400 -0.917603 -4.000000 -0.172309 -1.256480 -5.821720
-0.785889 -0.909912 -4.000000 -0.173258 -1.186939 -5.827891
-0.784302 -0.911499 -4.000000 -0.204350 -1.154660 -5.823144
-0.786377 -0.914063 -4.000000 -0.254903 -1.194296 -5.818160
-0.789185 -0.915161 -4.000000 -0.327767 -1.298014 -5.822669
-0.788574 -0.917480 -4.000000 -0.387339 -1.399596 -5.827891
-0.785400 -0.918701 -4.000000 -0.380931 -1.409801 -5.823144
