-0.787109 -0.918823 -4.000000 -0.520013 -1.439232 -5.885564
-0.788208 -0.918701 -4.000000 -0.580772 -1.448962 -5.881530
-0.786133 -0.918579 -4.000000 -0.633224 -1.457032 -5.906450
-0.791748 -0.915527 -4.000000 -0.671673 -1.462016 -5.895058
-0.777954 -0.917603 -4.000000 -0.665265 -1.423567 -5.863729
-0.787354 -0.919800 -4.000000 -0.668825 -1.416447 -5.854236
-0.790039 -0.913940 -4.000000 -0.651499 -1.420007 -5.829315
-0.782471 -0.914917 -4.000000 -0.636784 -1.398884 -5.865153
-0.787231 -0.909180 -4.000000 -0.612338 -1.405292 -5.847353
-0.786499 -0.912598 -4.000000 -0.604980 -1.407903 -5.843555
-0.788574 -0.922119 -4.000000 -0.593825 -1.366131 -5.821957
-0.787842 -0.918701 -4.000000 -0.557987 -1.347855 -5.796562
-0.784424 -0.915405 -4.000000 -0.498652 -1.340498 -5.773540
-0.793457 -0.914063 -4.000000 -0.445250 -1.318188 -5.798935
-0.783813 -0.911743 -4.000000 -0.405615 -1.303236 -5.800359
-0.785522 -0.918579 -4.000000 -0.368115 -1.332191 -5.802258
-0.783325 -0.913208 -4.000000 -0.309492 -1.411225 -5.810328
-0.787598 -0.917358 -4.000000 -0.243036 -1.529421 -5.807005
-0.779907 -0.910278 -4.000000 -0.148575 -1.678470 -5.756214
-0.790405 -0.920166 -4.000000 0.023497 -1.825147 -5.697591
-0.781982 -0.912231 -4.000000 0.232831 -1.925067 -5.647512
-0.791016 -0.924683 -4.000000 0.440266 -1.941681 -5.608826
-0.786865 -0.917603 -4.000000 0.671673 -1.924830 -5.565629
-0.788208 -0.918701 -4.000000 0.875311 -1.876650 -5.520061
-0.784058 -0.916260 -4.000000 1.011307 -1.794530 -5.491817
-0.783813 -0.925537 -4.000000 1.065183 -1.693660 -5.468557
-0.787964 -0.917969 -4.000000 1.042873 -1.625069 -5.476152
-0.780396 -0.920288 -4.000000 0.966212 -1.604420 -5.533351
-0.789185 -0.919556 -4.000000 0.877684 -1.635512 -5.557323
-0.788208 -0.920532 -4.000000 0.718192 -1.725464 -5.551389
-0.786133 -0.921021 -4.000000 0.520725 -1.821587 -5.542370
-0.784546 -0.916748 -4.000000 0.333700 -1.882820 -5.538573
-0.785889 -0.916382 -4.000000 0.223575 -1.886618 -5.523621
-0.785156 -0.916748 -4.000000 0.173021 -1.816603 -5.501073
-0.780273 -0.911377 -4.000000 0.056724 -1.718581 -5.493241
-0.782593 -0.915771 -4.000000 -0.083069 -1.612965 -5.489443
-0.789795 -0.915649 -4.000000 -0.263448 -1.531319 -5.482798
-0.784302 -0.913696 -4.000000 -0.478953 -1.460592 -5.510329
-0.788208 -0.919800 -4.000000 -0.697306 -1.417871 -5.540234
-0.793335 -0.920532 -4.000000 -0.931086 -1.418820 -5.557797
-0.792236 -0.921509 -4.000000 -1.139471 -1.431874 -5.566342
-0.783447 -0.916626 -4.000000 -1.308457 -1.435197 -5.543082
-0.785522 -0.915894 -4.000000 -1.448013 -1.407665 -5.511279
-0.783691 -0.921753 -4.000000 -1.543424 -1.359248 -5.453843
-0.784302 -0.921997 -4.000000 -1.626968 -1.340735 -5.423463
-0.784912 -0.912476 -4.000000 -1.755843 -1.322460 -5.378131
-0.781738 -0.916260 -4.000000 -1.884482 -1.295166 -5.345615
-0.780029 -0.909790 -4.000000 -1.970399 -1.289470 -5.330425
-0.783081 -0.913818 -4.000000 -2.074117 -1.283299 -5.322119
-0.782471 -0.915405 -4.000000 -2.189939 -1.222302 -5.332561
-0.778809 -0.917969 -4.000000 -2.316679 -1.107904 -5.345140
-0.780518 -0.917358 -4.000000 -2.442706 -0.959092 -5.377656
-0.781982 -0.911987 -4.000000 -2.542389 -0.825232 -5.435804
-0.793457 -0.912720 -4.000000 -2.596740 -0.745961 -5.526469
-0.785034 -0.912964 -4.000000 -2.627594 -0.771119 -5.633272
-0.782104 -0.917603 -4.000000 -2.652990 -0.876498 -5.738413
-0.786987 -0.911133 -4.000000 -2.666755 -0.988048 -5.851150
-0.785645 -0.913940 -4.000000 -2.660347 -1.106718 -5.924488
-0.777222 -0.912598 -4.000000 -2.622848 -1.198568 -5.974804
-0.790039 -0.919434 -4.000000 -2.509399 -1.201416 -6.002573
-0.787720 -0.919556 -4.000000 -2.318340 -1.089155 -6.010168
-0.785034 -0.912109 -4.000000 -2.105446 -0.945564 -6.028443
-0.791992 -0.918213 -4.000000 -1.921744 -0.851814 -6.078522
-0.787231 -0.913696 -4.000000 -1.753470 -0.874836 -6.148538
-0.785400 -0.920654 -4.000000 -1.565022 -0.947937 -6.215942
-0.784180 -0.920044 -4.000000 -1.348567 -1.032193 -6.247746
-0.787476 -0.923706 -4.000000 -1.075389 -1.124993 -6.273853
-0.790161 -0.924927 -4.000000 -0.799599 -1.186464 -6.293077
-0.786743 -0.920166 -4.000000 -0.531642 -1.184328 -6.299961
-0.784424 -0.919312 -4.000000 -0.256328 -1.158221 -6.325356
-0.781860 -0.918701 -4.000000 -0.016851 -1.167952 -6.375197
-0.787231 -0.919067 -4.000000 0.169936 -1.248173 -6.414596
-0.784180 -0.908569 -4.000000 0.295963 -1.368267 -6.416969
-0.783081 -0.907959 -4.000000 0.420092 -1.452760 -6.421479
-0.787598 -0.918213 -4.000000 0.547781 -1.522538 -6.439991
-0.792236 -0.921509 -4.000000 0.657433 -1.574278 -6.455893
-0.779785 -0.920654 -4.000000 0.747622 -1.603708 -6.466099
-0.787109 -0.918213 -4.000000 0.805533 -1.629578 -6.483662
-0.782471 -0.917847 -4.000000 0.827368 -1.644531 -6.494342
-0.784912 -0.923828 -4.000000 0.830454 -1.636699 -6.488646
-0.780884 -0.919922 -4.000000 0.805770 -1.620085 -6.480814
-0.784668 -0.916138 -4.000000 0.728160 -1.623170 -6.482713
-0.789307 -0.915527 -4.000000 0.618509 -1.673961 -6.472744
-0.785278 -0.913818 -4.000000 0.546120 -1.701493 -6.458741
-0.783325 -0.923706 -4.000000 0.516452 -1.675860 -6.422666
-0.784058 -0.917969 -4.000000 0.527845 -1.618423 -6.378995
-0.778809 -0.921387 -4.000000 0.558936 -1.523962 -6.333426
-0.783203 -0.921631 -4.000000 0.598335 -1.419295 -6.278837
-0.785889 -0.919678 -4.000000 0.622069 -1.331242 -6.220689
-0.788452 -0.914063 -4.000000 0.612575 -1.289232 -6.156370
-0.789429 -0.917480 -4.000000 0.569142 -1.297065 -6.109139
-0.787476 -0.913330 -4.000000 0.515266 -1.304422 -6.046244
-0.780884 -0.919922 -4.000000 0.436706 -1.299438 -5.974567
-0.790649 -0.911011 -4.000000 0.346517 -1.300150 -5.903840
-0.786743 -0.912598 -4.000000 0.232356 -1.312729 -5.829077
-0.789673 -0.914795 -4.000000 0.093275 -1.363995 -5.723698
-0.786865 -0.916260 -4.000000 -0.047231 -1.440418 -5.641579
-0.777344 -0.913574 -4.000000 -0.170410 -1.518028 -5.549253
-0.784790 -0.916870 -4.000000 -0.237103 -1.557902 -5.433906
-0.778564 -0.922485 -4.000000 -0.236866 -1.518978 -5.292688
-0.786987 -0.917114 -4.000000 -0.194619 -1.443266 -5.132009
-0.781006 -0.918945 -4.000000 -0.168512 -1.348330 -4.961836
-0.783325 -0.920898 -4.000000 -0.156882 -1.279976 -4.776473
-0.785156 -0.915161 -4.000000 -0.216929 -1.285198 -4.614844
-0.781982 -0.912231 -4.000000 -0.324444 -1.439232 -4.507092
-0.792114 -0.911987 -4.000000 -0.449997 -1.787410 -4.435890
-0.791992 -0.912720 -4.000000 -0.606642 -2.198008 -4.392694
-0.781372 -0.918091 -4.000000 -0.687812 -2.431077 -4.354245
-0.782104 -0.916016 -4.000000 -0.648176 -2.428466 -4.278770
-0.787964 -0.920288 -4.000000 -0.499364 -2.197296 -4.111683
-0.781250 -0.912476 -4.000000 -0.090189 -1.683929 -4.021019
-0.791016 -0.918335 -4.000000 0.399681 -1.058538 -4.032649
-0.785645 -0.918457 -4.000000 0.796514 -0.528319 -4.131857
-0.783081 -0.924316 -4.000000 0.870089 -0.251818 -4.322916
-0.788574 -0.916870 -4.000000 0.628714 -0.325631 -4.616031
-0.781128 -0.918335 -4.000000 0.044383 -0.484649 -5.067452
-0.789063 -0.914307 -4.000000 -0.671198 -0.854188 -5.338258
-0.789307 -0.914795 -4.000000 -0.916134 -1.117873 -5.371723
-0.784912 -0.915405 -4.000000 -0.680217 -1.243663 -5.629474
-0.790771 -0.916382 -4.000000 -0.636309 -1.285198 -5.643003
-0.785156 -0.921143 -4.000000 -0.676420 -1.332666 -5.665787
-0.784546 -0.914673 -4.000000 -0.631800 -1.296827 -5.631847
-0.786377 -0.920654 -4.000000 -0.577686 -1.310356 -5.634933
-0.780518 -0.911133 -4.000000 -0.538288 -1.328868 -5.597433
-0.785645 -0.915527 -4.000000 -0.429586 -1.256242 -5.583430
-0.788696 -0.922363 -4.000000 -0.320884 -1.183379 -5.581769
-0.793701 -0.918213 -4.000000 -0.270331 -1.201654 -5.597671
-0.785156 -0.918335 -4.000000 -0.247546 -1.267397 -5.650598
-0.792603 -0.916748 -4.000000 -0.232593 -1.339786 -5.724885
-0.784546 -0.922363 -4.000000 -0.281960 -1.451336 -5.775201
-0.782104 -0.912231 -4.000000 -0.362656 -1.547696 -5.788492
-0.782104 -0.916626 -4.000000 -0.407276 -1.588044 -5.791815
-0.785156 -0.918457 -4.000000 -0.386153 -1.565259 -5.805106
-0.781738 -0.914795 -4.000000 -0.360283 -1.495006 -5.797986
-0.782104 -0.912109 -4.000000 -0.336549 -1.398172 -5.770692
-0.781494 -0.919189 -4.000000 -0.282198 -1.295878 -5.724885
-0.776978 -0.913208 -4.000000 -0.228796 -1.229423 -5.712306
-0.789307 -0.917114 -4.000000 -0.226660 -1.209961 -5.740075
-0.789063 -0.914307 -4.000000 -0.250869 -1.221353 -5.758112
-0.786743 -0.916016 -4.000000 -0.285283 -1.254581 -5.784932
-0.788452 -0.921143 -4.000000 -0.335599 -1.307745 -5.814600
-0.786255 -0.911499 -4.000000 -0.382830 -1.376574 -5.848064
-0.773560 -0.915161 -4.000000 -0.416058 -1.452760 -5.872036
-0.782593 -0.911621 -4.000000 -0.448098 -1.527997 -5.881767
-0.789307 -0.916260 -4.000000 -0.458067 -1.584958 -5.877257
-0.781494 -0.914185 -4.000000 -0.445725 -1.615813 -5.867527
-0.786621 -0.916992 -4.000000 -0.420804 -1.608455 -5.852811
-0.784912 -0.913330 -4.000000 -0.383542 -1.581873 -5.835248
-0.785889 -0.922974 -4.000000 -0.357434 -1.546984 -5.821720
-0.782715 -0.920288 -4.000000 -0.351976 -1.511146 -5.815549
