-0.775391 -0.915771 -4.000000 -0.273179 -1.280688 -5.764996
-0.781128 -0.913696 -4.000000 -0.304033 -1.337887 -5.755502
-0.786377 -0.913696 -4.000000 -0.303796 -1.354501 -5.822669
-0.779175 -0.919189 -4.000000 -0.264634 -1.298251 -5.835960
-0.780762 -0.917603 -4.000000 -0.226660 -1.201416 -5.819821
-0.782837 -0.908813 -4.000000 -0.167800 -1.162018 -5.805581
-0.785645 -0.908447 -4.000000 -0.153084 -1.203790 -5.790154
-0.784546 -0.912964 -4.000000 -0.179192 -1.273805 -5.803207
-0.781128 -0.914307 -4.000000 -0.183939 -1.308457 -5.820770
-0.789429 -0.922607 -4.000000 -0.131249 -1.311542 -5.845929
-0.782349 -0.921753 -4.000000 -0.038686 -1.324596 -5.841656
-0.781982 -0.911987 -4.000000 0.077136 -1.297302 -5.834062
-0.782104 -0.921631 -4.000000 0.239476 -1.222065 -5.814363
-0.777344 -0.912231 -4.000000 0.407988 -1.178632 -5.766419
-0.787476 -0.919556 -4.000000 0.528557 -1.263125 -5.706135
-0.785767 -0.919556 -4.000000 0.520487 -1.434959 -5.652496
-0.790894 -0.921021 -4.000000 0.484886 -1.599199 -5.640392
-0.789307 -0.918701 -4.000000 0.520962 -1.689863 -5.659616
-0.790405 -0.913818 -4.000000 0.555376 -1.764150 -5.667686
-0.782959 -0.916382 -4.000000 0.593113 -1.799989 -5.654395
-0.783569 -0.916626 -4.000000 0.626816 -1.767710 -5.627813
-0.788574 -0.917480 -4.000000 0.695170 -1.697695 -5.594110
-0.790527 -0.924927 -4.000000 0.759014 -1.630053 -5.560883
-0.786255 -0.917236 -4.000000 0.803634 -1.564072 -5.501548
-0.781372 -0.911865 -4.000000 0.784410 -1.544611 -5.441738
-0.784790 -0.916626 -4.000000 0.687337 -1.591129 -5.399729
-0.786133 -0.917725 -4.000000 0.578161 -1.626256 -5.401390
-0.782837 -0.919678 -4.000000 0.487972 -1.649040 -5.396169
-0.781860 -0.911011 -4.000000 0.404665 -1.723090 -5.393321
-0.784790 -0.919434 -4.000000 0.278637 -1.847694 -5.422513
-0.782227 -0.912720 -4.000000 0.140743 -1.929814 -5.441501
-0.779663 -0.914063 -4.000000 0.024683 -1.909877 -5.451944
-0.786621 -0.911133 -4.000000 -0.062420 -1.769609 -5.432482
-0.784424 -0.918091 -4.000000 -0.181328 -1.519927 -5.427972
-0.792725 -0.914063 -4.000000 -0.340346 -1.342871 -5.399966
-0.786377 -0.918091 -4.000000 -0.441216 -1.257903 -5.363653
-0.783691 -0.912598 -4.000000 -0.624205 -1.270008 -5.361279
-0.788940 -0.916748 -4.000000 -0.823571 -1.285435 -5.387862
-0.786377 -0.927124 -4.000000 -1.002051 -1.327444 -5.426074
-0.784912 -0.923706 -4.000000 -1.216132 -1.395798 -5.462624
-0.782715 -0.920898 -4.000000 -1.374912 -1.409564 -5.473304
-0.783325 -0.920166 -4.000000 -1.446589 -1.332666 -5.448146
-0.789429 -0.917725 -4.000000 -1.524199 -1.239628 -5.412783
-0.788330 -0.916260 -4.000000 -1.634800 -1.165103 -5.361754
-0.788208 -0.915161 -4.000000 -1.795005 -1.130214 -5.335884
-0.779907 -0.922852 -4.000000 -1.957583 -1.140420 -5.338020
-0.787964 -0.915039 -4.000000 -2.094528 -1.143980 -5.348701
-0.788086 -0.912720 -4.000000 -2.142946 -1.126180 -5.369586
-0.782593 -0.916382 -4.000000 -2.133452 -1.113363 -5.367925
-0.785400 -0.914795 -4.000000 -2.068895 -1.101022 -5.378368
-0.781860 -0.916870 -4.000000 -1.995794 -1.071829 -5.393795
-0.787231 -0.914185 -4.000000 -1.950462 -1.026259 -5.393321
-0.784180 -0.917236 -4.000000 -1.945953 -0.992320 -5.418478
-0.785400 -0.922363 -4.000000 -1.991997 -0.996829 -5.464285
-0.785034 -0.910034 -4.000000 -2.054655 -1.007509 -5.532876
-0.788086 -0.913208 -4.000000 -2.081949 -1.010358 -5.620693
-0.785645 -0.914429 -4.000000 -2.075778 -1.040025 -5.700676
-0.785645 -0.916626 -4.000000 -2.030921 -1.049993 -5.746720
-0.785767 -0.915771 -4.000000 -1.968026 -0.979029 -5.776151
-0.781250 -0.914429 -4.000000 -1.841286 -0.842083 -5.762147
-0.785278 -0.918213 -4.000000 -1.694372 -0.688287 -5.745296
-0.779907 -0.918701 -4.000000 -1.510671 -0.585756 -5.744584
-0.784546 -0.915039 -4.000000 -1.285910 -0.532117 -5.752654
-0.784668 -0.916382 -4.000000 -1.055927 -0.533066 -5.785170
-0.785034 -0.911255 -4.000000 -0.882431 -0.632987 -5.839283
-0.786377 -0.919189 -4.000000 -0.773967 -0.786783 -5.896482
-0.786987 -0.921021 -4.000000 -0.719616 -0.937257 -5.986909
-0.775757 -0.917114 -4.000000 -0.696119 -1.078712 -6.084218
-0.790283 -0.914551 -4.000000 -0.686388 -1.193347 -6.195056
-0.783569 -0.917358 -4.000000 -0.640819 -1.293742 -6.277413
-0.783813 -0.917480 -4.000000 -0.554664 -1.375862 -6.328916
-0.786743 -0.911987 -4.000000 -0.426500 -1.393899 -6.360008
-0.792725 -0.913940 -4.000000 -0.259176 -1.362571 -6.375909
-0.791504 -0.913940 -4.000000 -0.085205 -1.334564 -6.363093
-0.792114 -0.921143 -4.000000 0.076898 -1.353552 -6.341970
-0.789917 -0.911011 -4.000000 0.194382 -1.402918 -6.341258
-0.784424 -0.916016 -4.000000 0.298099 -1.446352 -6.344106
-0.785278 -0.923096 -4.000000 0.378083 -1.501889 -6.353837
-0.784180 -0.916992 -4.000000 0.430535 -1.564072 -6.364992
-0.775391 -0.914917 -4.000000 0.470408 -1.607980 -6.363805
-0.778320 -0.912964 -4.000000 0.509570 -1.603946 -6.363805
-0.783447 -0.914307 -4.000000 0.552766 -1.585433 -6.354786
-0.785889 -0.917236 -4.000000 0.580534 -1.618661 -6.381843
-0.785034 -0.910034 -4.000000 0.591689 -1.715021 -6.422666
-0.793213 -0.912231 -4.000000 0.611626 -1.819213 -6.467760
-0.783203 -0.912842 -4.000000 0.633224 -1.884007 -6.505972
-0.787231 -0.916992 -4.000000 0.660281 -1.900384 -6.507633
-0.787964 -0.912842 -4.000000 0.649363 -1.869055 -6.495766
-0.781006 -0.911621 -4.000000 0.614711 -1.796666 -6.491257
-0.785645 -0.911743 -4.000000 0.558224 -1.721429 -6.472032
-0.785034 -0.914673 -4.000000 0.504585 -1.683455 -6.453520
-0.791260 -0.911865 -4.000000 0.449997 -1.695322 -6.420292
-0.785278 -0.916870 -4.000000 0.401342 -1.690575 -6.393947
-0.785889 -0.916016 -4.000000 0.374286 -1.644768 -6.332239
-0.787354 -0.912964 -4.000000 0.358858 -1.568107 -6.269581
-0.787964 -0.911865 -4.000000 0.327055 -1.498329 -6.224011
-0.782104 -0.913452 -4.000000 0.293590 -1.469374 -6.190547
-0.783203 -0.906860 -4.000000 0.248258 -1.470323 -6.165151
-0.783936 -0.915405 -4.000000 0.186787 -1.501652 -6.137620
-0.787354 -0.914063 -4.000000 0.113686 -1.505924 -6.103205
-0.780762 -0.917358 -4.000000 0.057674 -1.477918 -6.064756
-0.781006 -0.913574 -4.000000 -0.004035 -1.433298 -6.045057
-0.788330 -0.916260 -4.000000 -0.035601 -1.387017 -6.005896
-0.779663 -0.912720 -4.000000 -0.058860 -1.325071 -5.964599
-0.775635 -0.917725 -4.000000 -0.069303 -1.250783 -5.919504
-0.777832 -0.917725 -4.000000 -0.067405 -1.201416 -5.878444
-0.784302 -0.911865 -4.000000 -0.097310 -1.209011 -5.847353
-0.782104 -0.910156 -4.000000 -0.166376 -1.254581 -5.823618
-0.786133 -0.912720 -4.000000 -0.217641 -1.302049 -5.795375
-0.788818 -0.918091 -4.000000 -0.262261 -1.329818 -5.741261
-0.787109 -0.916260 -4.000000 -0.273179 -1.335751 -5.657006
-0.790039 -0.910767 -4.000000 -0.225948 -1.311068 -5.552814
-0.784790 -0.917358 -4.000000 -0.162103 -1.259565 -5.436754
-0.792358 -0.918335 -4.000000 -0.112025 -1.224676 -5.319271
-0.784058 -0.917358 -4.000000 -0.101107 -1.213758 -5.210568
-0.786621 -0.921265 -4.000000 -0.178480 -1.288046 -5.141265
-0.784424 -0.918213 -4.000000 -0.364317 -1.519215 -5.111835
-0.785767 -0.915283 -4.000000 -0.528082 -1.850780 -5.102816
-0.792480 -0.913086 -4.000000 -0.563209 -2.130366 -5.072199
-0.793213 -0.916748 -4.000000 -0.470883 -2.264701 -5.016424
-0.785522 -0.920532 -4.000000 -0.277451 -2.191125 -4.893482
-0.788818 -0.910278 -4.000000 -0.011392 -1.967314 -4.700287
-0.785889 -0.915283 -4.000000 0.248495 -1.651176 -4.520383
-0.784180 -0.918457 -4.000000 0.386627 -1.366843 -4.404561
-0.789429 -0.914917 -4.000000 0.346992 -1.218980 -4.365400
-0.787842 -0.915405 -4.000000 0.139793 -1.222065 -4.408833
-0.783936 -0.920288 -4.000000 -0.169461 -1.385830 -4.557883
-0.787720 -0.920410 -4.000000 -0.416295 -1.668265 -4.759860
-0.786133 -0.917603 -4.000000 -0.583857 -1.806872 -4.909146
-0.784424 -0.921143 -4.000000 -0.432671 -1.723565 -4.998149
-0.786865 -0.923950 -4.000000 -0.121044 -1.537965 -5.002421
-0.786865 -0.917358 -4.000000 0.096835 -1.347381 -4.987231
-0.790039 -0.918091 -4.000000 0.154983 -1.187413 -5.021171
-0.786377 -0.920532 -4.000000 0.104430 -1.060911 -5.115158
-0.783081 -0.909790 -4.000000 -0.076186 -1.035990 -5.233591
-0.781616 -0.914673 -4.000000 -0.324207 -1.144455 -5.360805
-0.785889 -0.917603 -4.000000 -0.571990 -1.273331 -5.475915
-0.789795 -0.920288 -4.000000 -0.770169 -1.343346 -5.572750
-0.787842 -0.911621 -4.000000 -0.846593 -1.303236 -5.610487
-0.786255 -0.918701 -4.000000 -0.765897 -1.173410 -5.575835
-0.783936 -0.918457 -4.000000 -0.599284 -1.026022 -5.523146
-0.791504 -0.913574 -4.000000 -0.412023 -0.884330 -5.474966
-0.786255 -0.915894 -4.000000 -0.269144 -0.790581 -5.443399
-0.787109 -0.914185 -4.000000 -0.218353 -0.812178 -5.446010
-0.779175 -0.919922 -4.000000 -0.271043 -0.949361 -5.498462
-0.783081 -0.922485 -4.000000 -0.377608 -1.131876 -5.574886
-0.780396 -0.916016 -4.000000 -0.479902 -1.303473 -5.639680
-0.782593 -0.915649 -4.000000 -0.524759 -1.417634 -5.694743
-0.788696 -0.912476 -4.000000 -0.514791 -1.451573 -5.698066
-0.783447 -0.916016 -4.000000 -0.455931 -1.424042 -5.678366
