-0.781372 -0.917358 -4.000000 -0.400868 -1.324834 -5.886039
-0.786255 -0.917358 -4.000000 -0.442640 -1.252682 -5.908824
-0.782471 -0.915527 -4.000000 -0.448810 -1.242476 -5.933507
-0.780396 -0.926636 -4.000000 -0.443114 -1.283536 -5.935168
-0.784546 -0.916016 -4.000000 -0.421516 -1.340973 -5.924251
-0.770752 -0.917236 -4.000000 -0.379507 -1.368504 -5.903840
-0.794800 -0.914185 -4.000000 -0.338922 -1.359485 -5.882004
-0.792480 -0.919312 -4.000000 -0.311628 -1.335039 -5.858745
-0.787231 -0.920410 -4.000000 -0.294302 -1.319137 -5.820533
-0.780762 -0.917114 -4.000000 -0.297150 -1.328868 -5.802021
-0.783203 -0.922852 -4.000000 -0.320647 -1.358773 -5.777337
-0.789185 -0.915405 -4.000000 -0.356248 -1.399833 -5.761198
-0.782837 -0.913940 -4.000000 -0.403241 -1.421668 -5.740550
-0.787598 -0.920898 -4.000000 -0.444064 -1.426652 -5.718714
-0.785645 -0.921997 -4.000000 -0.484649 -1.445402 -5.695930
-0.788330 -0.919922 -4.000000 -0.487022 -1.459168 -5.646563
-0.789185 -0.919312 -4.000000 -0.445962 -1.453472 -5.577260
-0.782593 -0.915405 -4.000000 -0.389950 -1.462728 -5.519348
-0.780640 -0.912354 -4.000000 -0.351264 -1.486462 -5.471168
-0.784302 -0.916748 -4.000000 -0.333938 -1.481953 -5.417529
-0.786499 -0.920654 -4.000000 -0.322545 -1.481241 -5.364365
-0.780151 -0.921387 -4.000000 -0.342482 -1.477443 -5.335647
-0.781372 -0.920532 -4.000000 -0.404665 -1.500703 -5.310726
-0.776978 -0.916626 -4.000000 -0.443114 -1.533456 -5.288653
-0.778931 -0.920166 -4.000000 -0.453557 -1.576414 -5.261359
-0.785889 -0.916992 -4.000000 -0.443589 -1.611066 -5.250205
-0.788818 -0.915527 -4.000000 -0.416058 -1.640021 -5.220300
-0.782837 -0.920044 -4.000000 -0.367165 -1.648566 -5.206059
-0.780762 -0.916504 -4.000000 -0.310441 -1.619610 -5.176154
-0.784790 -0.917480 -4.000000 -0.263210 -1.545797 -5.139367
-0.782349 -0.916138 -4.000000 -0.212420 -1.444216 -5.115158
-0.788086 -0.918457 -4.000000 -0.215505 -1.318663 -5.101392
-0.790039 -0.919067 -4.000000 -0.236154 -1.246037 -5.012864
-0.783813 -0.915649 -4.000000 -0.238290 -1.209723 -4.998624
-0.784668 -0.917725 -4.000000 -0.301422 -1.170562 -5.065791
-0.784302 -0.915161 -4.000000 -0.345805 -1.169138 -5.141028
-0.789307 -0.913818 -4.000000 -0.387577 -1.220404 -5.185648
-0.781860 -0.922852 -4.000000 -0.399444 -1.263362 -5.202974
-0.782227 -0.917358 -4.000000 -0.364555 -1.268346 -5.201787
-0.781372 -0.912476 -4.000000 -0.308068 -1.244850 -5.193243
-0.782471 -0.920654 -4.000000 -0.257752 -1.191448 -5.184936
-0.782715 -0.917358 -4.000000 -0.204587 -1.134012 -5.190632
-0.788940 -0.930542 -4.000000 -0.173496 -1.095563 -5.196803
-0.780762 -0.928101 -4.000000 -0.195094 -1.096987 -5.226708
-0.778931 -0.924561 -4.000000 -0.242562 -1.114550 -5.274888
-0.786743 -0.916626 -4.000000 -0.284334 -1.143268 -5.326628
-0.785156 -0.914063 -4.000000 -0.305932 -1.194059 -5.379318
-0.784790 -0.924927 -4.000000 -0.305220 -1.254581 -5.415631
-0.784180 -0.921265 -4.000000 -0.300235 -1.309406 -5.453843
-0.780884 -0.920898 -4.000000 -0.297150 -1.344295 -5.488494
-0.788574 -0.918335 -4.000000 -0.290979 -1.355688 -5.529079
-0.783569 -0.914917 -4.000000 -0.277925 -1.339786 -5.559459
-0.790161 -0.912109 -4.000000 -0.255615 -1.321511 -5.565392
-0.785889 -0.916626 -4.000000 -0.237340 -1.320561 -5.588652
-0.781372 -0.914795 -4.000000 -0.240426 -1.341447 -5.620218
-0.783813 -0.919189 -4.000000 -0.243748 -1.365419 -5.638256
-0.785767 -0.919067 -4.000000 -0.247783 -1.374912 -5.661990
-0.784180 -0.917847 -4.000000 -0.247309 -1.374200 -5.686673
-0.787842 -0.920532 -4.000000 -0.252293 -1.371827 -5.716104
-0.784424 -0.921631 -4.000000 -0.266296 -1.387966 -5.755027
-0.780762 -0.918091 -4.000000 -0.276976 -1.405292 -5.794900
-0.780884 -0.920898 -4.000000 -0.290030 -1.421668 -5.835011
-0.793213 -0.911499 -4.000000 -0.299761 -1.422380 -5.887463
-0.784302 -0.919556 -4.000000 -0.294777 -1.415023 -5.923539
-0.789429 -0.916260 -4.000000 -0.303084 -1.416209 -5.964361
-0.787109 -0.915283 -4.000000 -0.312577 -1.422380 -5.999725
-0.783936 -0.915527 -4.000000 -0.323969 -1.427839 -6.026307
-0.790649 -0.916016 -4.000000 -0.333938 -1.431399 -6.057399
-0.784546 -0.917480 -4.000000 -0.323732 -1.421668 -6.103918
-0.783447 -0.916382 -4.000000 -0.324444 -1.422143 -6.131449
-0.783569 -0.919678 -4.000000 -0.332276 -1.440418 -6.150436
-0.780396 -0.922363 -4.000000 -0.345805 -1.479579 -6.164677
-0.783203 -0.916870 -4.000000 -0.364555 -1.490022 -6.172509
-0.778809 -0.920044 -4.000000 -0.374048 -1.468662 -6.195531
-0.787720 -0.926880 -4.000000 -0.383305 -1.438282 -6.215230
-0.791626 -0.917358 -4.000000 -0.407988 -1.416684 -6.252018
-0.783081 -0.918091 -4.000000 -0.426975 -1.394611 -6.282160
-0.790771 -0.927979 -4.000000 -0.451659 -1.373251 -6.306369
-0.789429 -0.921509 -4.000000 -0.457355 -1.369216 -6.333188
-0.788696 -0.921631 -4.000000 -0.472307 -1.394137 -6.352650
-0.786987 -0.917236 -4.000000 -0.496516 -1.427602 -6.360482
-0.790894 -0.918579 -4.000000 -0.512892 -1.460117 -6.374485
-0.791016 -0.922852 -4.000000 -0.522861 -1.484326 -6.383267
-0.782593 -0.911377 -4.000000 -0.530693 -1.501177 -6.389913
-0.784790 -0.915771 -4.000000 -0.541848 -1.505924 -6.388251
-0.776367 -0.913086 -4.000000 -0.560835 -1.497855 -6.379469
-0.779419 -0.923218 -4.000000 -0.583145 -1.477443 -6.360482
-0.783936 -0.913452 -4.000000 -0.599996 -1.444690 -6.346716
-0.788086 -0.921509 -4.000000 -0.617797 -1.401969 -6.330577
-0.783569 -0.914185 -4.000000 -0.620408 -1.365419 -6.319185
-0.783203 -0.923462 -4.000000 -0.619695 -1.351416 -6.302334
-0.775879 -0.916260 -4.000000 -0.612813 -1.364944 -6.279312
-0.794067 -0.916382 -4.000000 -0.609965 -1.364232 -6.265309
-0.786987 -0.919922 -4.000000 -0.614237 -1.357586 -6.246084
-0.788696 -0.920044 -4.000000 -0.628240 -1.351178 -6.218790
-0.794556 -0.925171 -4.000000 -0.650312 -1.351416 -6.197904
-0.787720 -0.914673 -4.000000 -0.677844 -1.342634 -6.184376
-0.784668 -0.925415 -4.000000 -0.697543 -1.327919 -6.167762
-0.785034 -0.916016 -4.000000 -0.714157 -1.314865 -6.157319
-0.782471 -0.919434 -4.000000 -0.728635 -1.295641 -6.136908
-0.784790 -0.917480 -4.000000 -0.734093 -1.287096 -6.130499
-0.780029 -0.918335 -4.000000 -0.736704 -1.295166 -6.100358
-0.784546 -0.919678 -4.000000 -0.742638 -1.311068 -6.083981
-0.786621 -0.917847 -4.000000 -0.748097 -1.326970 -6.057161
-0.781860 -0.921753 -4.000000 -0.765660 -1.326970 -6.038412
-0.786499 -0.910889 -4.000000 -0.800786 -1.302049 -6.007082
-0.781738 -0.917480 -4.000000 -0.826656 -1.252207 -5.974567
-0.781982 -0.917236 -4.000000 -0.845643 -1.209486 -5.959852
-0.783691 -0.924927 -4.000000 -0.845643 -1.191448 -5.946323
-0.778687 -0.923706 -4.000000 -0.844931 -1.201179 -5.914520
-0.788818 -0.913696 -4.000000 -0.829504 -1.211859 -5.893159
-0.789673 -0.915649 -4.000000 -0.813128 -1.207113 -5.882004
-0.780884 -0.919067 -4.000000 -0.795802 -1.186227 -5.865865
-0.774780 -0.918579 -4.000000 -0.776103 -1.164391 -5.840944
-0.786499 -0.913574 -4.000000 -0.775628 -1.156322 -5.825992
-0.783081 -0.914673 -4.000000 -0.791767 -1.162967 -5.811751
-0.788086 -0.917236 -4.000000 -0.814315 -1.176258 -5.809378
-0.782104 -0.916138 -4.000000 -0.840659 -1.205689 -5.806530
-0.781616 -0.916626 -4.000000 -0.866055 -1.267635 -5.787780
-0.774048 -0.916626 -4.000000 -0.885991 -1.355688 -5.796799
-0.787231 -0.917969 -4.000000 -0.898808 -1.419532 -5.739838
-0.783691 -0.910156 -4.000000 -0.868191 -1.484563 -5.684062
-0.792603 -0.922485 -4.000000 -0.822859 -1.516604 -5.664600
-0.787720 -0.914063 -4.000000 -0.751419 -1.524911 -5.625202
-0.783813 -0.915649 -4.000000 -0.668588 -1.542475 -5.582718
-0.786133 -0.917114 -4.000000 -0.576025 -1.562886 -5.527181
-0.789795 -0.915283 -4.000000 -0.482275 -1.582348 -5.479950
-0.784790 -0.914429 -4.000000 -0.391374 -1.597537 -5.453843
-0.787720 -0.919189 -4.000000 -0.333700 -1.590655 -5.448384
-0.789185 -0.913208 -4.000000 -0.312577 -1.610116 -5.402339
-0.776978 -0.920532 -4.000000 -0.310204 -1.618898 -5.372435
-0.783325 -0.911987 -4.000000 -0.349365 -1.569769 -5.342767
-0.787964 -0.915649 -4.000000 -0.396833 -1.466051 -5.341580
-0.781738 -0.923584 -4.000000 -0.424127 -1.380846 -5.369586
-0.785400 -0.919678 -4.000000 -0.467560 -1.357112 -5.357245
-0.779541 -0.918701 -4.000000 -0.502924 -1.362333 -5.361992
-0.783081 -0.918213 -4.000000 -0.526421 -1.360909 -5.397118
-0.786377 -0.920898 -4.000000 -0.510282 -1.360435 -5.428210
-0.786987 -0.920044 -4.000000 -0.475867 -1.352602 -5.465235
-0.783447 -0.914795 -4.000000 -0.439317 -1.318188 -5.485409
-0.784546 -0.917725 -4.000000 -0.405377 -1.297539 -5.494190
-0.792236 -0.919922 -4.000000 -0.407751 -1.372539 -5.483273
-0.782837 -0.918213 -4.000000 -0.410124 -1.441130 -5.464048
-0.785889 -0.916626 -4.000000 -0.403241 -1.428077 -5.475441
-0.785278 -0.917725 -4.000000 -0.392323 -1.392238 -5.502260
-0.784302 -0.912598 -4.000000 -0.415583 -1.374200 -5.526231
-0.783203 -0.909180 -4.000000 -0.447386 -1.365656 -5.539285
-0.784302 -0.912842 -4.000000 -0.479190 -1.354501 -5.569664
-0.785645 -0.923340 -4.000000 -0.479190 -1.365656 -5.601468
-0.789917 -0.915405 -4.000000 -0.456405 -1.391051 -5.626863
