-0.785522 -0.912109 -4.000000 -0.425314 -1.394137 -5.873460
-0.788818 -0.922607 -4.000000 -0.406801 -1.398409 -5.877969
-0.778687 -0.921631 -4.000000 -0.412023 -1.386305 -5.882716
-0.785767 -0.918335 -4.000000 -0.430298 -1.364944 -5.880105
-0.785522 -0.918457 -4.000000 -0.456643 -1.349042 -5.884140
-0.791138 -0.924316 -4.000000 -0.476579 -1.332666 -5.892922
-0.788818 -0.921875 -4.000000 -0.489396 -1.336226 -5.893634
-0.784790 -0.913940 -4.000000 -0.502212 -1.377286 -5.892210
-0.781738 -0.919067 -4.000000 -0.530930 -1.425940 -5.883903
-0.785278 -0.926392 -4.000000 -0.567481 -1.461541 -5.878682
-0.782227 -0.919800 -4.000000 -0.585044 -1.484801 -5.860644
-0.776489 -0.916260 -4.000000 -0.583857 -1.502839 -5.843081
-0.783691 -0.917358 -4.000000 -0.570091 -1.515892 -5.812226
-0.783691 -0.912231 -4.000000 -0.539000 -1.479105 -5.759537
-0.783569 -0.925781 -4.000000 -0.506009 -1.453235 -5.700676
-0.782349 -0.922974 -4.000000 -0.473731 -1.390102 -5.628050
-0.783081 -0.919067 -4.000000 -0.464238 -1.307270 -5.571563
-0.786499 -0.911377 -4.000000 -0.513604 -1.233932 -5.526231
-0.780273 -0.920044 -4.000000 -0.640581 -1.219692 -5.459064
-0.780029 -0.920532 -4.000000 -0.803634 -1.277365 -5.394745
-0.787354 -0.917847 -4.000000 -0.987098 -1.361859 -5.333511
-0.774414 -0.920654 -4.000000 -1.129028 -1.468662 -5.272277
-0.781616 -0.914551 -4.000000 -1.145879 -1.645480 -5.202262
-0.782593 -0.915405 -4.000000 -1.043585 -1.879023 -5.147674
-0.784058 -0.914185 -4.000000 -0.858460 -2.054418 -5.025206
-0.786865 -0.916504 -4.000000 -0.609965 -2.201094 -4.879953
-0.782593 -0.926025 -4.000000 -0.306406 -2.138436 -4.708356
-0.782837 -0.922363 -4.000000 -0.003323 -1.846033 -4.508753
-0.780640 -0.919189 -4.000000 0.225236 -1.481715 -4.403849
-0.784790 -0.917847 -4.000000 0.289080 -1.148490 -4.381302
-0.787598 -0.921021 -4.000000 0.195331 -0.953871 -4.451080
-0.785278 -0.922607 -4.000000 -0.042247 -0.939156 -4.554323
-0.789063 -0.917847 -4.000000 -0.350552 -1.021038 -4.682012
-0.783691 -0.918701 -4.000000 -0.622069 -1.115974 -4.831061
-0.785034 -0.912720 -4.000000 -0.798413 -1.199281 -4.982959
-0.782104 -0.922241 -4.000000 -0.831640 -1.274517 -5.115158
-0.784424 -0.921143 -4.000000 -0.732669 -1.312017 -5.220300
-0.784912 -0.915527 -4.000000 -0.524997 -1.281875 -5.295062
-0.790283 -0.915161 -4.000000 -0.333700 -1.176733 -5.352736
-0.786133 -0.923218 -4.000000 -0.228559 -1.046671 -5.397593
-0.780884 -0.922119 -4.000000 -0.212420 -0.961940 -5.444586
-0.781860 -0.917358 -4.000000 -0.272467 -0.945564 -5.512228
-0.784180 -0.914673 -4.000000 -0.381881 -1.004899 -5.584854
-0.785889 -0.916626 -4.000000 -0.503399 -1.129028 -5.666974
-0.786743 -0.915283 -4.000000 -0.586468 -1.271432 -5.734379
-0.783813 -0.916504 -4.000000 -0.614237 -1.452048 -5.774964
-0.776855 -0.913940 -4.000000 -0.562022 -1.395561 -5.726546
-0.785156 -0.918579 -4.000000 -0.464950 -1.399121 -5.706135
-0.783447 -0.912231 -4.000000 -0.344381 -1.287334 -5.713255
-0.777100 -0.925293 -4.000000 -0.241612 -1.175309 -5.720850
-0.785034 -0.914429 -4.000000 -0.164477 -1.039550 -5.731056
-0.787842 -0.917236 -4.000000 -0.183939 -0.986861 -5.761198
-0.780273 -0.917114 -4.000000 -0.255378 -0.965026 -5.788730
-0.792603 -0.923706 -4.000000 -0.340821 -0.955532 -5.806056
-0.778442 -0.919189 -4.000000 -0.393748 -0.980215 -5.800359
-0.777344 -0.916138 -4.000000 -0.413209 -1.029819 -5.808904
-0.784912 -0.915649 -4.000000 -0.417956 -1.072541 -5.800834
-0.788696 -0.916382 -4.000000 -0.396121 -1.072066 -5.797986
-0.790771 -0.916382 -4.000000 -0.329666 -1.024361 -5.789916
-0.783691 -0.915039 -4.000000 -0.248495 -0.966212 -5.766657
-0.786133 -0.920288 -4.000000 -0.185363 -0.896197 -5.761436
-0.785889 -0.921631 -4.000000 -0.142404 -0.846118 -5.751705
-0.788086 -0.919678 -4.000000 -0.126740 -0.828555 -5.741736
-0.783447 -0.912109 -4.000000 -0.144303 -0.846830 -5.733666
-0.781128 -0.919800 -4.000000 -0.224287 -0.911387 -5.759299
-0.794434 -0.919189 -4.000000 -0.344618 -1.029819 -5.811751
-0.788086 -0.918823 -4.000000 -0.462339 -1.147778 -5.847115
-0.783691 -0.913574 -4.000000 -0.503873 -1.249834 -5.914282
-0.791016 -0.920166 -4.000000 -0.438605 -1.205926 -5.968396
-0.783325 -0.916260 -4.000000 -0.329666 -1.126654 -6.022273
-0.784058 -0.916626 -4.000000 -0.199128 -1.069693 -6.041972
-0.778442 -0.923706 -4.000000 -0.067879 -1.032668 -6.056449
-0.786255 -0.914795 -4.000000 0.035601 -0.972858 -6.134297
-0.791260 -0.916260 -4.000000 0.071914 -0.924678 -6.285245
-0.782837 -0.922485 -4.000000 0.005934 -0.958143 -6.466811
-0.787231 -0.921021 -4.000000 -0.134097 -1.049044 -6.616098
-0.778076 -0.914795 -4.000000 -0.328954 -1.101496 -6.704388
-0.786133 -0.917603 -4.000000 -0.527607 -1.020089 -6.799087
-0.788208 -0.913696 -4.000000 -0.656958 -0.850390 -6.891175
-0.785400 -0.913208 -4.000000 -0.735280 -0.723413 -6.975668
-0.786377 -0.909546 -4.000000 -0.828080 -0.679743 -7.022187
-0.785645 -0.913452 -4.000000 -0.899045 -0.688049 -7.036902
-0.788574 -0.911743 -4.000000 -0.968823 -0.729109 -7.008184
-0.784790 -0.919434 -4.000000 -1.042161 -0.855374 -6.956206
-0.781128 -0.914917 -4.000000 -1.040974 -1.178395 -6.914197
-0.793091 -0.917480 -4.000000 -1.039788 -1.444690 -6.850115
-0.778076 -0.916504 -4.000000 -0.995880 -1.610591 -6.744499
-0.786133 -0.920044 -4.000000 -0.840659 -1.634562 -6.623456
-0.785522 -0.921265 -4.000000 -0.613762 -1.543899 -6.503124
-0.784424 -0.916016 -4.000000 -0.403004 -1.423804 -6.382080
-0.775024 -0.909302 -4.000000 -0.234730 -1.322935 -6.289755
-0.780762 -0.911377 -4.000000 -0.117246 -1.246511 -6.229945
-0.782715 -0.918945 -4.000000 -0.055063 -1.172936 -6.200278
-0.783691 -0.921387 -4.000000 -0.060759 -1.091291 -6.200278
-0.788940 -0.919678 -4.000000 -0.139793 -1.021987 -6.220451
-0.789063 -0.917480 -4.000000 -0.282435 -1.031244 -6.252018
-0.785522 -0.912231 -4.000000 -0.461627 -1.167714 -6.311116
-0.785889 -0.912842 -4.000000 -0.625629 -1.379896 -6.345293
-0.781616 -0.921387 -4.000000 -0.721277 -1.557664 -6.341495
-0.784180 -0.915894 -4.000000 -0.740502 -1.642632 -6.308980
-0.784302 -0.918823 -4.000000 -0.682828 -1.627680 -6.255103
-0.775879 -0.917969 -4.000000 -0.583382 -1.575940 -6.208347
-0.782593 -0.919067 -4.000000 -0.467798 -1.519690 -6.131686
-0.784912 -0.917847 -4.000000 -0.355298 -1.480054 -6.072114
-0.785278 -0.920654 -4.000000 -0.290979 -1.467950 -6.022273
-0.787842 -0.921387 -4.000000 -0.267957 -1.469374 -5.975991
-0.784058 -0.919922 -4.000000 -0.273891 -1.477681 -5.950358
-0.786743 -0.918457 -4.000000 -0.303321 -1.480054 -5.924014
-0.783447 -0.917725 -4.000000 -0.348178 -1.488836 -5.890786
-0.777222 -0.912476 -4.000000 -0.397070 -1.496431 -5.864678
-0.782471 -0.922852 -4.000000 -0.441453 -1.498329 -5.847590
-0.790527 -0.915771 -4.000000 -0.470408 -1.487412 -5.827416
-0.774536 -0.920532 -4.000000 -0.482275 -1.463915 -5.795850
-0.775879 -0.917969 -4.000000 -0.473494 -1.431399 -5.748857
-0.783447 -0.915161 -4.000000 -0.449285 -1.376336 -5.717527
-0.781616 -0.917114 -4.000000 -0.388051 -1.352128 -5.664600
-0.787720 -0.919312 -4.000000 -0.324207 -1.346669 -5.637069
-0.781982 -0.918701 -4.000000 -0.323969 -1.252207 -5.519111
-0.784546 -0.919312 -4.000000 -0.386865 -1.148490 -5.366976
-0.779175 -0.912598 -4.000000 -0.518589 -1.136385 -5.233591
-0.783325 -0.915527 -4.000000 -0.670249 -1.162018 -5.109699
-0.778076 -0.920044 -4.000000 -0.800311 -1.232508 -5.012627
-0.778442 -0.915649 -4.000000 -0.841371 -1.352365 -4.922675
-0.787109 -0.919678 -4.000000 -0.787732 -1.476731 -4.884226
-0.781982 -0.914185 -4.000000 -0.654822 -1.561224 -4.858593
-0.783203 -0.920410 -4.000000 -0.443114 -1.548645 -4.820144
-0.785278 -0.913452 -4.000000 -0.206249 -1.433773 -4.783831
-0.786865 -0.917969 -4.000000 -0.062895 -1.251258 -4.766505
-0.782471 -0.913818 -4.000000 -0.075949 -1.062572 -4.829875
-0.788452 -0.923828 -4.000000 -0.241138 -0.975469 -4.947833
-0.783813 -0.915161 -4.000000 -0.463526 -1.024835 -5.047278
-0.783936 -0.919556 -4.000000 -0.684964 -1.137572 -5.108987
-0.781128 -0.916016 -4.000000 -0.851102 -1.213284 -5.096408
-0.786255 -0.921509 -4.000000 -0.906403 -1.238204 -5.056772
-0.787598 -0.912720 -4.000000 -0.838523 -1.228236 -5.055585
-0.793457 -0.919556 -4.000000 -0.715818 -1.213996 -5.137230
-0.783936 -0.918213 -4.000000 -0.532354 -1.186939 -5.321169
-0.787476 -0.913940 -4.000000 -0.359808 -1.139945 -5.410884
-0.789063 -0.912964 -4.000000 -0.270331 -1.091291 -5.522434
-0.784912 -0.912964 -4.000000 -0.265584 -1.014867 -5.661990
-0.791016 -0.915894 -4.000000 -0.348416 -0.973095 -5.740550
-0.787720 -0.916748 -4.000000 -0.397545 -0.896197 -5.763334
-0.779541 -0.912964 -4.000000 -0.472307 -0.926576 -5.788018
-0.783325 -0.920532 -4.000000 -0.575313 -1.050231 -5.819821
-0.786743 -0.917847 -4.000000 -0.669062 -1.203315 -5.865153
-0.780640 -0.919556 -4.000000 -0.766134 -1.387966 -5.879394
-0.786621 -0.915405 -4.000000 -0.787495 -1.469374 -5.857796
-0.785522 -0.915283 -4.000000 -0.716293 -1.419058 -5.853998
-0.785645 -0.917236 -4.000000 -0.593113 -1.288283 -5.881292
-0.786133 -0.908081 -4.000000 -0.445488 -1.173173 -5.900991
