-0.784546 -0.923828 -4.000000 -0.490345 -1.451336 -5.671009
-0.784302 -0.918945 -4.000000 -0.318985 -1.474120 -5.702812
-0.782959 -0.913940 -4.000000 -0.180141 -1.530845 -5.738176
-0.784302 -0.917114 -4.000000 -0.103718 -1.563835 -5.709695
-0.790405 -0.915039 -4.000000 -0.052927 -1.578076 -5.682876
-0.783447 -0.920288 -4.000000 -0.037737 -1.574278 -5.715154
-0.787476 -0.915039 -4.000000 -0.096123 -1.604183 -5.703050
-0.784668 -0.913818 -4.000000 -0.139319 -1.612727 -5.719426
-0.781250 -0.919922 -4.000000 -0.125316 -1.623645 -5.736515
-0.784546 -0.914307 -4.000000 -0.051266 -1.618661 -5.764521
-0.784058 -0.924072 -4.000000 0.036076 -1.610591 -5.786356
-0.788208 -0.923584 -4.000000 0.144540 -1.617237 -5.791815
-0.787720 -0.917969 -4.000000 0.270093 -1.638123 -5.760249
-0.783081 -0.920654 -4.000000 0.386627 -1.674910 -5.711357
-0.787964 -0.916748 -4.000000 0.518826 -1.718106 -5.682876
-0.782837 -0.915161 -4.000000 0.641768 -1.752521 -5.662227
-0.786743 -0.918823 -4.000000 0.732432 -1.788596 -5.628525
-0.789307 -0.918945 -4.000000 0.804346 -1.813280 -5.622828
-0.780273 -0.912964 -4.000000 0.878871 -1.822536 -5.600281
-0.779785 -0.909180 -4.000000 0.908064 -1.824197 -5.552101
-0.789063 -0.914429 -4.000000 0.851577 -1.837489 -5.494428
-0.789795 -0.918945 -4.000000 0.728160 -1.860036 -5.441738
-0.787354 -0.917358 -4.000000 0.578398 -1.877362 -5.413495
-0.792725 -0.922485 -4.000000 0.460678 -1.846507 -5.414207
-0.782715 -0.908936 -4.000000 0.374523 -1.784324 -5.411596
-0.785278 -0.922119 -4.000000 0.292641 -1.732821 -5.410409
-0.785278 -0.916138 -4.000000 0.206249 -1.704103 -5.384539
-0.786255 -0.920166 -4.000000 0.100632 -1.701018 -5.364365
-0.784058 -0.922241 -4.000000 -0.044857 -1.731160 -5.380030
-0.793091 -0.913330 -4.000000 -0.220726 -1.778391 -5.387387
-0.784180 -0.915039 -4.000000 -0.416058 -1.813280 -5.376470
-0.782593 -0.915894 -4.000000 -0.601895 -1.807584 -5.372435
-0.781006 -0.924316 -4.000000 -0.733144 -1.762964 -5.362229
-0.780762 -0.914673 -4.000000 -0.863207 -1.677996 -5.328526
-0.786255 -0.919189 -4.000000 -0.989234 -1.559326 -5.285568
-0.783203 -0.916504 -4.000000 -1.103395 -1.419295 -5.254002
-0.788452 -0.920044 -4.000000 -1.209486 -1.235356 -5.232167
-0.783569 -0.920532 -4.000000 -1.299675 -1.085120 -5.221486
-0.782104 -0.926392 -4.000000 -1.386779 -1.049756 -5.249255
-0.784424 -0.915649 -4.000000 -1.563360 -1.187413 -5.280347
-0.792725 -0.914429 -4.000000 -1.806397 -1.442080 -5.287230
-0.791382 -0.922119 -4.000000 -2.081000 -1.733533 -5.280109
-0.784790 -0.918213 -4.000000 -2.357026 -1.990573 -5.279872
-0.786133 -0.917603 -4.000000 -2.554256 -2.086458 -5.244983
-0.786987 -0.916626 -4.000000 -2.636851 -1.978943 -5.187072
-0.780396 -0.913574 -4.000000 -2.595079 -1.755369 -5.163338
-0.785767 -0.915161 -4.000000 -2.444605 -1.512332 -5.177815
-0.783569 -0.918701 -4.000000 -2.255682 -1.308457 -5.192531
-0.783447 -0.919067 -4.000000 -2.074354 -1.144217 -5.223385
-0.784790 -0.921387 -4.000000 -1.941206 -1.002288 -5.261834
-0.784302 -0.915161 -4.000000 -1.850067 -0.876023 -5.296011
-0.782959 -0.921509 -4.000000 -1.802362 -0.797226 -5.364128
-0.781982 -0.912964 -4.000000 -1.780527 -0.773017 -5.469507
-0.789307 -0.913696 -4.000000 -1.799989 -0.802922 -5.558747
-0.788452 -0.916504 -4.000000 -1.822773 -0.848254 -5.653446
-0.786621 -0.914673 -4.000000 -1.859561 -0.873412 -5.731531
-0.774414 -0.918213 -4.000000 -1.863596 -0.883381 -5.783745
-0.789551 -0.922119 -4.000000 -1.846745 -0.860121 -5.853998
-0.784424 -0.913818 -4.000000 -1.791207 -0.807432 -5.918792
-0.777222 -0.917725 -4.000000 -1.670876 -0.798413 -5.973855
-0.786499 -0.916382 -4.000000 -1.506873 -0.853001 -6.029867
-0.784424 -0.914307 -4.000000 -1.337412 -0.955057 -6.090152
-0.786133 -0.916016 -4.000000 -1.183141 -1.045247 -6.144265
-0.784912 -0.923096 -4.000000 -1.050231 -1.079898 -6.194819
-0.776733 -0.918213 -4.000000 -0.923254 -1.048807 -6.249407
-0.784058 -0.912720 -4.000000 -0.794141 -0.998728 -6.291891
-0.781860 -0.918213 -4.000000 -0.646990 -0.969772 -6.352650
-0.782959 -0.915161 -4.000000 -0.502687 -1.008696 -6.407238
-0.784424 -0.919434 -4.000000 -0.354349 -1.073965 -6.444263
-0.786499 -0.921021 -4.000000 -0.203875 -1.136385 -6.477254
-0.786987 -0.916870 -4.000000 -0.057674 -1.195958 -6.484137
-0.787476 -0.918579 -4.000000 0.078322 -1.234644 -6.494579
-0.779785 -0.914307 -4.000000 0.199841 -1.263362 -6.491494
-0.782471 -0.919556 -4.000000 0.312102 -1.293030 -6.499801
-0.782837 -0.920166 -4.000000 0.399444 -1.318188 -6.489833
-0.783569 -0.919678 -4.000000 0.454032 -1.332903 -6.492918
-0.790283 -0.919922 -4.000000 0.473969 -1.338362 -6.474168
-0.788574 -0.916748 -4.000000 0.459491 -1.377998 -6.468472
-0.789673 -0.918213 -4.000000 0.396121 -1.511620 -6.460402
-0.779053 -0.920654 -4.000000 0.295251 -1.710749 -6.478678
-0.777100 -0.915894 -4.000000 0.197704 -1.939782 -6.494342
-0.784912 -0.915527 -4.000000 0.128876 -2.141759 -6.519026
-0.790649 -0.916260 -4.000000 0.099683 -2.239543 -6.526383
-0.786621 -0.908691 -4.000000 0.129113 -2.241679 -6.492681
-0.785400 -0.912231 -4.000000 0.195331 -2.178784 -6.428836
-0.788696 -0.915649 -4.000000 0.294302 -2.048247 -6.345293
-0.788940 -0.920654 -4.000000 0.429823 -1.873090 -6.257239
-0.784058 -0.922974 -4.000000 0.577449 -1.711223 -6.181765
-0.780640 -0.914917 -4.000000 0.684964 -1.590417 -6.131686
-0.784546 -0.913574 -4.000000 0.721277 -1.532506 -6.079709
-0.781494 -0.920044 -4.000000 0.724363 -1.515180 -6.017051
-0.778564 -0.920898 -4.000000 0.679980 -1.509722 -5.991181
-0.786743 -0.921387 -4.000000 0.613287 -1.515180 -5.979551
-0.786133 -0.917114 -4.000000 0.527370 -1.530133 -5.976940
-0.788208 -0.910400 -4.000000 0.426500 -1.537728 -5.974329
-0.780762 -0.912476 -4.000000 0.339634 -1.547933 -5.957716
-0.784546 -0.911987 -4.000000 0.241612 -1.534642 -5.933033
-0.789063 -0.911865 -4.000000 0.161391 -1.512807 -5.886514
-0.781616 -0.917480 -4.000000 0.093275 -1.466288 -5.860644
-0.783203 -0.919067 -4.000000 0.031092 -1.413361 -5.823381
-0.789795 -0.914429 -4.000000 -0.033465 -1.371352 -5.784457
-0.784668 -0.927612 -4.000000 -0.103480 -1.327207 -5.760961
-0.785034 -0.916748 -4.000000 -0.166138 -1.277603 -5.725597
-0.779907 -0.916748 -4.000000 -0.231644 -1.241290 -5.681689
-0.787109 -0.917114 -4.000000 -0.310204 -1.232745 -5.649411
-0.781372 -0.923584 -4.000000 -0.390425 -1.242239 -5.600519
-0.789429 -0.918213 -4.000000 -0.426975 -1.238916 -5.555899
-0.786865 -0.919556 -4.000000 -0.449285 -1.224676 -5.516975
-0.786377 -0.919922 -4.000000 -0.453320 -1.156322 -5.472830
-0.789307 -0.919556 -4.000000 -0.432434 -1.037889 -5.413020
-0.781006 -0.916260 -4.000000 -0.390425 -0.951972 -5.369112
-0.792236 -0.924927 -4.000000 -0.335836 -0.971196 -5.331612
-0.779785 -0.911499 -4.000000 -0.277451 -1.077050 -5.292688
-0.783569 -0.919067 -4.000000 -0.197230 -1.222302 -5.261122
-0.779907 -0.922363 -4.000000 -0.103718 -1.335751 -5.240948
-0.780029 -0.917603 -4.000000 -0.012816 -1.369216 -5.227420
-0.787842 -0.923340 -4.000000 0.084018 -1.333615 -5.188733
-0.784058 -0.913086 -4.000000 0.172546 -1.336226 -5.164525
-0.780518 -0.922974 -4.000000 0.325868 -1.282112 -5.118481
-0.780762 -0.919189 -4.000000 0.459253 -1.112651 -5.052263
-0.780396 -0.923096 -4.000000 0.551341 -0.978791 -4.968482
-0.777710 -0.917358 -4.000000 0.560835 -0.918982 -4.889922
-0.788818 -0.918213 -4.000000 0.464950 -0.904741 -4.844827
-0.779907 -0.911621 -4.000000 0.243511 -0.983775 -4.848387
-0.782837 -0.911133 -4.000000 -0.097072 -1.094851 -4.984383
-0.783203 -0.908081 -4.000000 -0.324919 -1.283062 -5.047990
-0.773926 -0.922852 -4.000000 -0.437893 -1.418820 -5.089525
-0.790527 -0.918213 -4.000000 -0.535440 -1.513044 -5.127737
-0.782715 -0.918091 -4.000000 -0.563920 -1.513044 -5.159303
-0.786011 -0.925659 -4.000000 -0.508620 -1.390339 -5.201075
-0.790894 -0.912476 -4.000000 -0.383542 -1.218742 -5.179477
-0.792725 -0.915405 -4.000000 -0.216692 -1.087256 -5.137942
-0.782471 -0.912598 -4.000000 -0.115822 -1.047383 -5.162388
-0.781250 -0.922485 -4.000000 -0.116297 -1.037889 -5.207246
-0.781250 -0.916748 -4.000000 -0.215980 -1.122620 -5.271802
-0.792358 -0.916504 -4.000000 -0.347941 -1.283062 -5.342292
-0.784546 -0.914551 -4.000000 -0.413447 -1.402681 -5.406612
-0.784668 -0.915039 -4.000000 -0.404191 -1.404342 -5.465235
-0.781982 -0.919434 -4.000000 -0.378083 -1.321036 -5.502022
-0.791016 -0.921143 -4.000000 -0.369064 -1.197382 -5.528605
-0.781006 -0.921753 -4.000000 -0.387102 -1.128078 -5.579395
-0.781494 -0.917603 -4.000000 -0.475155 -1.169613 -5.644664
-0.786987 -0.915405 -4.000000 -0.594063 -1.267397 -5.694505
-0.785645 -0.917480 -4.000000 -0.673334 -1.333852 -5.730581
-0.780518 -0.911133 -4.000000 -0.711546 -1.360435 -5.738651
-0.786133 -0.917480 -4.000000 -0.704426 -1.355688 -5.739125
-0.786499 -0.917480 -4.000000 -0.659094 -1.328868 -5.750043
-0.787842 -0.922119 -4.000000 -0.614711 -1.294217 -5.763334
-0.785400 -0.929321 -4.000000 -0.559886 -1.262650 -5.746958
-0.779785 -0.918579 -4.000000 -0.482275 -1.204977 -5.742211
