-0.782349 -0.917725 -4.000000 -0.809093 -1.680132 -5.821720
-0.788818 -0.921021 -4.000000 -0.771593 -1.630290 -5.835011
-0.777710 -0.912109 -4.000000 -0.619933 -1.536304 -5.834062
-0.782104 -0.921387 -4.000000 -0.528319 -1.481953 -5.811039
-0.787720 -0.918091 -4.000000 -0.467560 -1.461067 -5.819584
-0.780273 -0.915527 -4.000000 -0.435757 -1.459643 -5.817210
-0.782593 -0.910767 -4.000000 -0.424839 -1.462728 -5.821957
-0.779785 -0.910522 -4.000000 -0.418194 -1.432823 -5.808429
-0.782471 -0.914917 -4.000000 -0.401817 -1.380846 -5.794663
-0.783813 -0.917114 -4.000000 -0.376422 -1.344770 -5.793477
-0.785034 -0.917236 -4.000000 -0.375947 -1.347381 -5.797749
-0.788208 -0.914551 -4.000000 -0.379032 -1.362096 -5.812226
-0.792358 -0.921753 -4.000000 -0.370963 -1.365419 -5.809616
-0.782227 -0.912598 -4.000000 -0.355536 -1.363757 -5.818397
-0.786621 -0.915894 -4.000000 -0.337973 -1.368267 -5.807479
-0.785400 -0.919067 -4.000000 -0.319935 -1.370878 -5.819346
-0.790161 -0.924194 -4.000000 -0.297387 -1.369216 -5.830976
-0.785767 -0.921265 -4.000000 -0.265584 -1.341685 -5.823618
-0.784180 -0.917236 -4.000000 -0.238764 -1.315577 -5.815311
-0.790894 -0.920898 -4.000000 -0.206723 -1.289707 -5.802258
-0.782715 -0.915405 -4.000000 -0.181803 -1.274280 -5.807005
-0.786621 -0.915405 -4.000000 -0.168512 -1.289944 -5.816973
-0.779297 -0.925049 -4.000000 -0.163765 -1.328156 -5.832875
-0.781128 -0.915161 -4.000000 -0.146914 -1.368741 -5.842843
-0.790039 -0.920654 -4.000000 -0.117958 -1.390339 -5.840232
-0.785034 -0.913696 -4.000000 -0.067167 -1.392001 -5.831213
-0.780151 -0.914795 -4.000000 -0.003085 -1.395798 -5.818160
-0.780884 -0.916992 -4.000000 0.038212 -1.418108 -5.809378
-0.782593 -0.916016 -4.000000 0.079272 -1.434959 -5.802495
-0.784546 -0.913086 -4.000000 0.108702 -1.440655 -5.803919
-0.786865 -0.914063 -4.000000 0.133623 -1.419532 -5.795138
-0.783325 -0.917358 -4.000000 0.170885 -1.408140 -5.787068
-0.785400 -0.914185 -4.000000 0.187261 -1.431162 -5.786119
-0.784546 -0.915771 -4.000000 0.189872 -1.497143 -5.792527
-0.782104 -0.919678 -4.000000 0.184651 -1.539152 -5.789679
-0.785400 -0.911011 -4.000000 0.191771 -1.532269 -5.767606
-0.776978 -0.915771 -4.000000 0.232593 -1.509009 -5.739125
-0.781006 -0.915894 -4.000000 0.262973 -1.472222 -5.711119
-0.788574 -0.916260 -4.000000 0.276501 -1.432823 -5.666737
-0.792480 -0.925171 -4.000000 0.297862 -1.413836 -5.615708
-0.784912 -0.918823 -4.000000 0.328004 -1.407903 -5.578209
-0.787109 -0.918823 -4.000000 0.349602 -1.434722 -5.547117
-0.786011 -0.912354 -4.000000 0.361944 -1.480291 -5.508668
-0.788208 -0.918701 -4.000000 0.359096 -1.527522 -5.490156
-0.785400 -0.921387 -4.000000 0.342245 -1.552443 -5.469032
-0.783691 -0.919067 -4.000000 0.306406 -1.565734 -5.463099
-0.778320 -0.915405 -4.000000 0.240663 -1.567395 -5.451944
-0.786743 -0.911865 -4.000000 0.175869 -1.518978 -5.428447
-0.792480 -0.920044 -4.000000 0.136945 -1.469848 -5.395931
-0.787231 -0.920532 -4.000000 0.108939 -1.450861 -5.389049
-0.781982 -0.918335 -4.000000 0.091851 -1.463440 -5.388099
-0.785400 -0.914917 -4.000000 0.060047 -1.485038 -5.372672
-0.788086 -0.919189 -4.000000 0.007595 -1.501889 -5.360093
-0.786621 -0.913330 -4.000000 -0.079509 -1.521589 -5.363891
-0.779785 -0.912354 -4.000000 -0.201265 -1.569057 -5.359618
-0.783691 -0.923706 -4.000000 -0.305694 -1.623645 -5.373621
-0.784546 -0.921631 -4.000000 -0.386865 -1.657347 -5.391184
-0.781494 -0.926025 -4.000000 -0.445488 -1.653312 -5.382403
-0.784668 -0.921875 -4.000000 -0.487497 -1.611303 -5.371011
-0.781372 -0.919067 -4.000000 -0.559886 -1.575227 -5.349887
-0.784302 -0.920532 -4.000000 -0.639157 -1.547459 -5.361754
-0.787598 -0.925781 -4.000000 -0.713682 -1.525623 -5.378131
-0.789551 -0.918335 -4.000000 -0.792479 -1.486462 -5.391184
-0.788208 -0.917603 -4.000000 -0.878634 -1.448013 -5.385963
-0.785156 -0.907349 -4.000000 -0.964076 -1.404817 -5.386912
-0.781494 -0.917114 -4.000000 -1.083221 -1.360672 -5.416817
-0.784668 -0.916748 -4.000000 -1.203553 -1.320324 -5.455029
-0.785278 -0.919922 -4.000000 -1.292555 -1.347381 -5.484459
-0.781250 -0.915649 -4.000000 -1.363045 -1.411225 -5.519823
-0.777344 -0.915771 -4.000000 -1.393188 -1.487412 -5.554712
-0.781738 -0.915649 -4.000000 -1.440181 -1.540813 -5.558747
-0.784912 -0.921631 -4.000000 -1.496431 -1.533693 -5.549253
-0.773804 -0.911499 -4.000000 -1.582110 -1.426652 -5.505820
-0.784546 -0.918335 -4.000000 -1.679420 -1.338362 -5.490393
-0.778809 -0.915161 -4.000000 -1.769372 -1.279501 -5.501310
-0.783569 -0.918823 -4.000000 -1.870716 -1.244138 -5.535725
-0.779785 -0.924805 -4.000000 -1.973722 -1.213046 -5.562069
-0.780884 -0.920654 -4.000000 -2.052281 -1.176733 -5.593873
-0.780273 -0.910156 -4.000000 -2.099275 -1.139233 -5.625440
-0.784790 -0.915649 -4.000000 -2.101648 -1.086069 -5.642528
-0.791016 -0.914673 -4.000000 -2.059639 -1.019851 -5.643003
-0.790039 -0.921997 -4.000000 -1.979655 -0.982826 -5.656531
-0.787842 -0.922241 -4.000000 -1.916523 -1.000152 -5.692607
-0.784180 -0.911621 -4.000000 -1.845083 -1.053079 -5.724885
-0.787598 -0.912964 -4.000000 -1.769135 -1.109803 -5.744110
-0.791626 -0.914429 -4.000000 -1.732821 -1.159407 -5.779473
-0.785156 -0.916992 -4.000000 -1.713122 -1.168426 -5.812226
-0.787231 -0.918823 -4.000000 -1.687727 -1.138521 -5.855897
-0.787354 -0.921997 -4.000000 -1.634800 -1.053554 -5.864916
-0.777710 -0.914673 -4.000000 -1.599911 -0.962178 -5.883428
-0.790649 -0.920776 -4.000000 -1.533930 -0.901418 -5.936118
-0.787231 -0.915649 -4.000000 -1.437570 -0.902842 -6.002336
-0.783691 -0.907715 -4.000000 -1.311542 -0.998728 -6.097984
-0.787231 -0.919189 -4.000000 -1.223727 -1.187651 -6.189597
-0.786621 -0.918457 -4.000000 -1.109803 -1.335751 -6.264834
-0.786621 -0.917969 -4.000000 -0.969060 -1.351890 -6.285008
-0.787598 -0.922607 -4.000000 -0.793666 -1.302998 -6.285720
-0.789429 -0.907104 -4.000000 -0.569617 -1.221828 -6.267208
-0.785767 -0.921631 -4.000000 -0.376184 -1.253394 -6.290942
-0.785522 -0.920654 -4.000000 -0.209097 -1.254818 -6.285720
-0.781616 -0.919312 -4.000000 -0.069778 -1.282350 -6.307081
-0.789795 -0.922485 -4.000000 0.028006 -1.321511 -6.338172
-0.780762 -0.911133 -4.000000 0.097547 -1.376336 -6.385640
-0.786499 -0.916992 -4.000000 0.141217 -1.414073 -6.416969
-0.785767 -0.914063 -4.000000 0.190347 -1.417159 -6.446162
-0.782471 -0.917969 -4.000000 0.267245 -1.412412 -6.446874
-0.786499 -0.913086 -4.000000 0.347704 -1.393662 -6.416020
-0.786011 -0.916260 -4.000000 0.420804 -1.369928 -6.387302
-0.783569 -0.919189 -4.000000 0.491532 -1.360435 -6.381131
-0.780396 -0.918457 -4.000000 0.533304 -1.363995 -6.381843
-0.785156 -0.918457 -4.000000 0.557275 -1.352602 -6.395371
-0.787964 -0.916626 -4.000000 0.603794 -1.361147 -6.384928
-0.783203 -0.913574 -4.000000 0.606879 -1.424991 -6.373061
-0.788086 -0.919067 -4.000000 0.572939 -1.495244 -6.373299
-0.778931 -0.919922 -4.000000 0.528319 -1.532981 -6.356922
-0.782349 -0.917603 -4.000000 0.504585 -1.527285 -6.375435
-0.788086 -0.919189 -4.000000 0.504585 -1.524911 -6.378520
-0.794556 -0.918823 -4.000000 0.471832 -1.514943 -6.345293
-0.783203 -0.913940 -4.000000 0.495567 -1.419295 -6.272904
-0.782471 -0.917847 -4.000000 0.515978 -1.322935 -6.207398
-0.781738 -0.914185 -4.000000 0.500551 -1.304185 -6.147825
-0.788818 -0.921631 -4.000000 0.427450 -1.365656 -6.118395
-0.789063 -0.920776 -4.000000 0.344381 -1.426890 -6.114123
-0.781982 -0.922119 -4.000000 0.271280 -1.457507 -6.114123
-0.782349 -0.919067 -4.000000 0.221201 -1.470086 -6.094661
-0.787964 -0.924438 -4.000000 0.180853 -1.465814 -6.053364
-0.779419 -0.918701 -4.000000 0.159255 -1.458219 -6.016339
-0.786133 -0.911011 -4.000000 0.141455 -1.467000 -5.990469
-0.776367 -0.922729 -4.000000 0.118907 -1.529658 -5.976703
-0.780518 -0.922607 -4.000000 0.065981 -1.605607 -5.959852
-0.783569 -0.923828 -4.000000 0.016139 -1.624120 -5.933744
-0.780640 -0.915527 -4.000000 -0.000237 -1.581161 -5.912147
-0.780151 -0.921387 -4.000000 -0.011867 -1.532032 -5.891498
-0.787476 -0.915894 -4.000000 -0.035601 -1.493582 -5.855185
-0.790039 -0.914917 -4.000000 -0.044620 -1.445165 -5.834774
-0.779419 -0.917969 -4.000000 -0.045569 -1.388678 -5.808191
-0.780029 -0.921631 -4.000000 -0.048892 -1.340261 -5.801071
-0.782227 -0.921631 -4.000000 -0.068829 -1.310118 -5.796324
-0.784302 -0.918945 -4.000000 -0.096123 -1.281875 -5.778524
-0.785400 -0.916016 -4.000000 -0.113923 -1.254581 -5.739125
-0.785767 -0.911011 -4.000000 -0.133860 -1.226100 -5.686911
-0.781616 -0.918701 -4.000000 -0.145015 -1.221590 -5.631373
-0.782104 -0.924561 -4.000000 -0.152135 -1.278789 -5.579633
-0.783203 -0.915039 -4.000000 -0.171834 -1.337650 -5.506057
-0.780151 -0.921387 -4.000000 -0.196518 -1.385355 -5.408985
-0.779907 -0.918335 -4.000000 -0.157119 -1.425228 -5.298859
-0.785889 -0.908936 -4.000000 -0.088765 -1.475307 -5.198939
-0.781372 -0.923462 -4.000000 -0.050791 -1.523013 -5.090475
-0.786133 -0.923828 -4.000000 -0.065743 -1.544373 -4.967532
-0.779541 -0.908936 -4.000000 -0.096597 -1.491921 -4.876393
