-0.789917 -0.915283 -4.000000 -0.207673 -1.317951 -5.699015
-0.782593 -0.920654 -4.000000 -0.265584 -1.321511 -5.693556
-0.793091 -0.915527 -4.000000 -0.296913 -1.327919 -5.710407
-0.785522 -0.914917 -4.000000 -0.337498 -1.364469 -5.711831
-0.791992 -0.924683 -4.000000 -0.369301 -1.411700 -5.698778
-0.790161 -0.920166 -4.000000 -0.397545 -1.443504 -5.685486
-0.781250 -0.918335 -4.000000 -0.401817 -1.465814 -5.669822
-0.787598 -0.919922 -4.000000 -0.390899 -1.475545 -5.643240
-0.783691 -0.919922 -4.000000 -0.370488 -1.457269 -5.591974
-0.782471 -0.925293 -4.000000 -0.339871 -1.397697 -5.547355
-0.782227 -0.916382 -4.000000 -0.279587 -1.316052 -5.494665
-0.781250 -0.919800 -4.000000 -0.238527 -1.249122 -5.469270
-0.787964 -0.916016 -4.000000 -0.239002 -1.221590 -5.458352
-0.781982 -0.917236 -4.000000 -0.295963 -1.242714 -5.442450
-0.788208 -0.923828 -4.000000 -0.383305 -1.329580 -5.438178
-0.779175 -0.910522 -4.000000 -0.491532 -1.444690 -5.430820
-0.786499 -0.916016 -4.000000 -0.578161 -1.570955 -5.407798
-0.776367 -0.921143 -4.000000 -0.620882 -1.656635 -5.364365
-0.783325 -0.919067 -4.000000 -0.596199 -1.606082 -5.299097
-0.783081 -0.923584 -4.000000 -0.496753 -1.436858 -5.239524
-0.782837 -0.917236 -4.000000 -0.360520 -1.235356 -5.206296
-0.789795 -0.917969 -4.000000 -0.259888 -1.084882 -5.214366
-0.793335 -0.918091 -4.000000 -0.269619 -1.074202 -5.253053
-0.783813 -0.925537 -4.000000 -0.370014 -1.209011 -5.297910
-0.785645 -0.922119 -4.000000 -0.496516 -1.408377 -5.355821
-0.786743 -0.920166 -4.000000 -0.630376 -1.631477 -5.404001
-0.777466 -0.916138 -4.000000 -0.752369 -1.797378 -5.444823
-0.791626 -0.913086 -4.000000 -0.795565 -1.963991 -5.482798
-0.788818 -0.925293 -4.000000 -0.749046 -1.837489 -5.374096
-0.787964 -0.912842 -4.000000 -0.668588 -1.732584 -5.279397
-0.787354 -0.920410 -4.000000 -0.520725 -1.631240 -5.196328
-0.784790 -0.909302 -4.000000 -0.334650 -1.532269 -5.135094
-0.786255 -0.916016 -4.000000 -0.214556 -1.473408 -5.096883
-0.781616 -0.927246 -4.000000 -0.182989 -1.468187 -5.037785
-0.783203 -0.912720 -4.000000 -0.178005 -1.498329 -4.995064
-0.781250 -0.924194 -4.000000 -0.213132 -1.538440 -4.998386
-0.791748 -0.921631 -4.000000 -0.327530 -1.594689 -5.019272
-0.789063 -0.919067 -4.000000 -0.398020 -1.632664 -5.050364
-0.789917 -0.919312 -4.000000 -0.452371 -1.629578 -5.095696
-0.788208 -0.914307 -4.000000 -0.478715 -1.590892 -5.118955
-0.780518 -0.923706 -4.000000 -0.472307 -1.538440 -5.133908
-0.781494 -0.913330 -4.000000 -0.463051 -1.520164 -5.149809
-0.783447 -0.917480 -4.000000 -0.476105 -1.469611 -5.170933
-0.783813 -0.921387 -4.000000 -0.469222 -1.404817 -5.196328
-0.783203 -0.924805 -4.000000 -0.407039 -1.294691 -5.219587
-0.786743 -0.920532 -4.000000 -0.363605 -1.195720 -5.259698
-0.787476 -0.917603 -4.000000 -0.328716 -1.152524 -5.300046
-0.780273 -0.909546 -4.000000 -0.322545 -1.168426 -5.357245
-0.782959 -0.916626 -4.000000 -0.333938 -1.195958 -5.421090
-0.781006 -0.914795 -4.000000 -0.337735 -1.227524 -5.492054
-0.778076 -0.909546 -4.000000 -0.344143 -1.272856 -5.561357
-0.790283 -0.915527 -4.000000 -0.347941 -1.302286 -5.615234
-0.790894 -0.921631 -4.000000 -0.336311 -1.291606 -5.682639
-0.787842 -0.917114 -4.000000 -0.304745 -1.244612 -5.736752
-0.783569 -0.916260 -4.000000 -0.258226 -1.167952 -5.782321
-0.783813 -0.920898 -4.000000 -0.231881 -1.121433 -5.848777
-0.784058 -0.912598 -4.000000 -0.259413 -1.127841 -5.929710
-0.787720 -0.918579 -4.000000 -0.331090 -1.165815 -6.015627
-0.794312 -0.915649 -4.000000 -0.393036 -1.202603 -6.088727
-0.778198 -0.918457 -4.000000 -0.416058 -1.227761 -6.179866
-0.777222 -0.916626 -4.000000 -0.417956 -1.271669 -6.258663
-0.786011 -0.916748 -4.000000 -0.388526 -1.301574 -6.319185
-0.790894 -0.913330 -4.000000 -0.331564 -1.324834 -6.373536
-0.781006 -0.913940 -4.000000 -0.267482 -1.345482 -6.423140
-0.784546 -0.912598 -4.000000 -0.198891 -1.344533 -6.470608
-0.786743 -0.915649 -4.000000 -0.147151 -1.348330 -6.497190
-0.786865 -0.916992 -4.000000 -0.100632 -1.355688 -6.516890
-0.785889 -0.920654 -4.000000 -0.084493 -1.348805 -6.520450
-0.787964 -0.920410 -4.000000 -0.089952 -1.351178 -6.530180
-0.785156 -0.918823 -4.000000 -0.126028 -1.359010 -6.543709
-0.786621 -0.918213 -4.000000 -0.207435 -1.415972 -6.574800
-0.779785 -0.914673 -4.000000 -0.286470 -1.451336 -6.579310
-0.786499 -0.921875 -4.000000 -0.346517 -1.452285 -6.588329
-0.786621 -0.915527 -4.000000 -0.405377 -1.452048 -6.580259
-0.784302 -0.916626 -4.000000 -0.445488 -1.443741 -6.578124
-0.789185 -0.915039 -4.000000 -0.462102 -1.437807 -6.565544
-0.780029 -0.912720 -4.000000 -0.471358 -1.425228 -6.536826
-0.779663 -0.907471 -4.000000 -0.470408 -1.388915 -6.506684
-0.783081 -0.919556 -4.000000 -0.463288 -1.343346 -6.467998
-0.787354 -0.913940 -4.000000 -0.447386 -1.309644 -6.427412
-0.792847 -0.921387 -4.000000 -0.437181 -1.279264 -6.388251
-0.789917 -0.918213 -4.000000 -0.437418 -1.268346 -6.356210
-0.786621 -0.910767 -4.000000 -0.446437 -1.292555 -6.318948
-0.791138 -0.914307 -4.000000 -0.473494 -1.348093 -6.290704
-0.784668 -0.916626 -4.000000 -0.517877 -1.374438 -6.246322
-0.783081 -0.917847 -4.000000 -0.548256 -1.371352 -6.207872
-0.791504 -0.908325 -4.000000 -0.548019 -1.340498 -6.164202
-0.780273 -0.918701 -4.000000 -0.552054 -1.309644 -6.132636
-0.787720 -0.910767 -4.000000 -0.556563 -1.277603 -6.109851
-0.787598 -0.919434 -4.000000 -0.574126 -1.248885 -6.093474
-0.782837 -0.914063 -4.000000 -0.618746 -1.244138 -6.087541
-0.783569 -0.917603 -4.000000 -0.691610 -1.286384 -6.065706
-0.785889 -0.916382 -4.000000 -0.801261 -1.358773 -6.058111
-0.784790 -0.924438 -4.000000 -0.931561 -1.427127 -6.048380
-0.786011 -0.920898 -4.000000 -1.040025 -1.472934 -6.039361
-0.786499 -0.920532 -4.000000 -1.120721 -1.478155 -6.011829
-0.783325 -0.916870 -4.000000 -1.154898 -1.439944 -5.978602
-0.781982 -0.921143 -4.000000 -1.124281 -1.355688 -5.928523
-0.782227 -0.921631 -4.000000 -1.056639 -1.285672 -5.860881
-0.788330 -0.914673 -4.000000 -0.990421 -1.247460 -5.814125
-0.784180 -0.907593 -4.000000 -0.966450 -1.231559 -5.775913
-0.784912 -0.919922 -4.000000 -0.971196 -1.259328 -5.755027
-0.789795 -0.918579 -4.000000 -0.991133 -1.328868 -5.736989
-0.783325 -0.913940 -4.000000 -1.018190 -1.376336 -5.712780
-0.787231 -0.915649 -4.000000 -1.017240 -1.375624 -5.688809
-0.784546 -0.918579 -4.000000 -0.972146 -1.357349 -5.659616
-0.781616 -0.919312 -4.000000 -0.913285 -1.345957 -5.623778
-0.786987 -0.920654 -4.000000 -0.874836 -1.375862 -5.596009
-0.775391 -0.915039 -4.000000 -0.854188 -1.432111 -5.580107
-0.785156 -0.914917 -4.000000 -0.826894 -1.490260 -5.543320
-0.781738 -0.915283 -4.000000 -0.822859 -1.547459 -5.503684
-0.784790 -0.919434 -4.000000 -0.842558 -1.562648 -5.462624
-0.790039 -0.915039 -4.000000 -0.861308 -1.520877 -5.403526
-0.793335 -0.920410 -4.000000 -0.874124 -1.464627 -5.355821
-0.784668 -0.920898 -4.000000 -0.877447 -1.428314 -5.322356
-0.785645 -0.915649 -4.000000 -0.863444 -1.469136 -5.269192
-0.784790 -0.921997 -4.000000 -0.826419 -1.542475 -5.230031
-0.787720 -0.912354 -4.000000 -0.759964 -1.630290 -5.167373
-0.785767 -0.918091 -4.000000 -0.665265 -1.675860 -5.092610
-0.788452 -0.922241 -4.000000 -0.532354 -1.634562 -5.037548
-0.785522 -0.917114 -4.000000 -0.368827 -1.523725 -4.991504
-0.786987 -0.915771 -4.000000 -0.228796 -1.399596 -4.960412
-0.781250 -0.918579 -4.000000 -0.127452 -1.301811 -4.950681
-0.780884 -0.920532 -4.000000 -0.087579 -1.260989 -4.961599
-0.776001 -0.915894 -4.000000 -0.150474 -1.349992 -5.043006
-0.784424 -0.923462 -4.000000 -0.264397 -1.495718 -5.080031
-0.781494 -0.911499 -4.000000 -0.334887 -1.516367 -5.104003
-0.783936 -0.917847 -4.000000 -0.354586 -1.403630 -5.122515
-0.787598 -0.912720 -4.000000 -0.365029 -1.249597 -5.146487
-0.792969 -0.919434 -4.000000 -0.396833 -1.135199 -5.194192
-0.778076 -0.920288 -4.000000 -0.428399 -1.066370 -5.258274
-0.785522 -0.920044 -4.000000 -0.459253 -1.073490 -5.333748
-0.787720 -0.914185 -4.000000 -0.485124 -1.158458 -5.389998
-0.783813 -0.918579 -4.000000 -0.487497 -1.235356 -5.453368
-0.777710 -0.920898 -4.000000 -0.408700 -1.090104 -5.419428
-0.784180 -0.918091 -4.000000 -0.403241 -1.147540 -5.539522
-0.786011 -0.925537 -4.000000 -0.382830 -1.243188 -5.611674
-0.784302 -0.920532 -4.000000 -0.325631 -1.235119 -5.627338
-0.784790 -0.913452 -4.000000 -0.344618 -1.232983 -5.618556
-0.785400 -0.918091 -4.000000 -0.339871 -1.242476 -5.629000
-0.787109 -0.925659 -4.000000 -0.286470 -1.261701 -5.661040
-0.784302 -0.909546 -4.000000 -0.274840 -1.339786 -5.681926
-0.787109 -0.912842 -4.000000 -0.309492 -1.451336 -5.691420
-0.783691 -0.922363 -4.000000 -0.323495 -1.514706 -5.706135
-0.783691 -0.921875 -4.000000 -0.331802 -1.530607 -5.726309
-0.784058 -0.916260 -4.000000 -0.344855 -1.511858 -5.747907
-0.787598 -0.920654 -4.000000 -0.367877 -1.483139 -5.748144
-0.779419 -0.916748 -4.000000 -0.401817 -1.458693 -5.740787
-0.783081 -0.918579 -4.000000 -0.418431 -1.456795 -5.743872
-0.784790 -0.918091 -4.000000 -0.409887 -1.487886 -5.754078
