-0.781372 -0.917236 -4.000000 -0.334412 -1.344770 -5.969108
-0.786621 -0.915527 -4.000000 -0.337261 -1.350704 -5.963649
-0.784912 -0.919556 -4.000000 -0.331327 -1.368267 -5.947748
-0.786133 -0.917969 -4.000000 -0.310441 -1.401494 -5.910248
-0.781982 -0.914673 -4.000000 -0.303321 -1.415023 -5.888412
-0.786011 -0.920898 -4.000000 -0.291929 -1.419770 -5.865865
-0.787720 -0.922852 -4.000000 -0.284334 -1.417871 -5.842369
-0.779053 -0.915771 -4.000000 -0.288843 -1.415023 -5.828603
-0.786377 -0.915894 -4.000000 -0.294065 -1.391763 -5.814600
-0.776855 -0.917725 -4.000000 -0.300473 -1.361859 -5.812226
-0.784668 -0.918579 -4.000000 -0.303084 -1.336463 -5.793477
-0.783813 -0.923706 -4.000000 -0.295489 -1.303236 -5.771878
-0.785156 -0.921509 -4.000000 -0.290979 -1.276653 -5.751705
-0.785400 -0.915649 -4.000000 -0.296675 -1.255293 -5.730344
-0.785767 -0.920044 -4.000000 -0.305932 -1.220404 -5.699252
-0.784912 -0.916382 -4.000000 -0.317324 -1.163679 -5.662465
-0.782715 -0.924194 -4.000000 -0.337973 -1.107430 -5.633509
-0.776855 -0.917480 -4.000000 -0.381643 -1.093664 -5.588414
-0.781616 -0.915649 -4.000000 -0.450947 -1.110753 -5.505583
-0.781128 -0.917358 -4.000000 -0.518351 -1.138047 -5.414444
-0.787598 -0.914795 -4.000000 -0.571041 -1.171986 -5.300758
-0.783325 -0.916016 -4.000000 -0.615186 -1.217793 -5.184936
-0.789185 -0.912476 -4.000000 -0.645566 -1.269058 -5.088576
-0.786865 -0.920166 -4.000000 -0.673572 -1.319137 -4.993402
-0.791382 -0.919189 -4.000000 -0.716530 -1.365656 -4.895144
-0.778564 -0.922241 -4.000000 -0.755454 -1.382270 -4.810175
-0.781128 -0.924072 -4.000000 -0.700866 -1.371827 -4.773862
-0.790527 -0.919434 -4.000000 -0.662179 -1.191211 -4.698151
-0.793335 -0.920288 -4.000000 -0.741688 -1.059487 -4.637866
-0.785400 -0.919556 -4.000000 -0.857985 -1.020801 -4.623151
-0.782593 -0.920654 -4.000000 -0.952209 -1.061623 -4.679164
-0.784058 -0.913086 -4.000000 -0.991845 -1.193347 -4.768404
-0.788818 -0.921509 -4.000000 -0.998728 -1.339074 -4.878767
-0.785156 -0.919556 -4.000000 -0.971671 -1.423567 -4.937865
-0.779419 -0.911987 -4.000000 -0.895010 -1.405529 -4.958038
-0.785156 -0.915039 -4.000000 -0.844457 -1.306084 -4.985096
-0.783569 -0.917114 -4.000000 -0.804584 -1.108142 -5.021646
-0.790039 -0.915649 -4.000000 -0.716293 -0.863681 -5.042769
-0.792114 -0.917725 -4.000000 -0.578398 -0.631088 -5.078370
-0.786743 -0.915894 -4.000000 -0.461390 -0.515503 -5.126788
-0.787354 -0.914429 -4.000000 -0.433146 -0.571753 -5.190869
-0.791016 -0.917114 -4.000000 -0.534253 -0.760438 -5.252815
-0.792236 -0.919556 -4.000000 -0.629901 -0.957905 -5.305979
-0.782104 -0.918823 -4.000000 -0.655297 -1.101259 -5.360093
-0.789429 -0.922974 -4.000000 -0.593351 -1.164866 -5.424175
-0.787354 -0.917480 -4.000000 -0.529743 -1.190024 -5.478526
-0.784912 -0.922852 -4.000000 -0.465899 -1.170088 -5.531928
-0.791016 -0.919067 -4.000000 -0.394222 -1.162018 -5.597908
-0.790894 -0.920288 -4.000000 -0.355536 -1.212334 -5.648224
-0.781616 -0.921509 -4.000000 -0.331802 -1.271669 -5.691895
-0.786621 -0.914917 -4.000000 -0.319935 -1.331479 -5.741499
-0.789307 -0.919434 -4.000000 -0.379032 -1.356637 -5.774014
-0.786255 -0.924805 -4.000000 -0.454507 -1.437807 -5.821483
-0.788940 -0.916626 -4.000000 -0.433858 -1.483139 -5.867289
-0.779785 -0.921021 -4.000000 -0.405852 -1.479105 -5.923539
-0.780273 -0.916748 -4.000000 -0.404665 -1.460355 -5.948934
-0.780884 -0.915771 -4.000000 -0.390187 -1.462728 -5.993317
-0.786255 -0.917480 -4.000000 -0.346279 -1.457507 -6.017288
-0.792114 -0.921143 -4.000000 -0.334650 -1.440418 -6.052177
-0.784058 -0.920532 -4.000000 -0.345567 -1.416921 -6.089677
-0.779663 -0.917847 -4.000000 -0.359333 -1.422855 -6.133585
-0.781982 -0.916992 -4.000000 -0.389238 -1.459405 -6.203838
-0.785522 -0.920654 -4.000000 -0.411073 -1.511383 -6.297824
-0.779419 -0.917114 -4.000000 -0.427925 -1.557902 -6.377571
-0.785156 -0.914917 -4.000000 -0.412735 -1.579025 -6.416494
-0.778931 -0.922485 -4.000000 -0.385203 -1.559800 -6.450434
-0.785522 -0.919678 -4.000000 -0.386627 -1.512570 -6.466573
-0.785522 -0.912598 -4.000000 -0.380694 -1.456557 -6.482950
-0.789429 -0.924683 -4.000000 -0.405615 -1.399833 -6.492681
-0.788818 -0.918701 -4.000000 -0.440504 -1.352128 -6.502649
-0.784668 -0.922729 -4.000000 -0.468272 -1.334327 -6.520924
-0.785034 -0.922119 -4.000000 -0.505535 -1.329580 -6.530180
-0.780273 -0.919556 -4.000000 -0.552054 -1.319137 -6.530418
-0.779785 -0.922974 -4.000000 -0.610202 -1.315340 -6.550117
-0.780640 -0.922363 -4.000000 -0.642717 -1.336938 -6.571240
-0.785400 -0.917603 -4.000000 -0.673097 -1.379184 -6.581209
-0.792480 -0.917969 -4.000000 -0.679268 -1.410039 -6.580734
-0.784912 -0.915771 -4.000000 -0.647939 -1.419532 -6.570529
-0.782349 -0.924072 -4.000000 -0.593825 -1.427364 -6.549643
-0.787720 -0.918457 -4.000000 -0.555614 -1.440655 -6.514753
-0.791016 -0.922974 -4.000000 -0.535202 -1.434722 -6.487459
-0.781006 -0.918213 -4.000000 -0.514316 -1.414548 -6.463963
-0.784912 -0.924927 -4.000000 -0.520250 -1.381083 -6.451146
-0.780762 -0.917725 -4.000000 -0.524047 -1.365893 -6.423615
-0.781372 -0.918457 -4.000000 -0.516927 -1.375387 -6.391811
-0.788452 -0.921997 -4.000000 -0.515503 -1.399358 -6.369739
-0.787109 -0.922729 -4.000000 -0.515740 -1.434722 -6.349327
-0.782837 -0.917480 -4.000000 -0.519538 -1.462965 -6.304233
-0.782104 -0.920166 -4.000000 -0.509095 -1.452048 -6.261986
-0.785767 -0.916748 -4.000000 -0.517639 -1.434247 -6.209297
-0.782227 -0.922729 -4.000000 -0.536389 -1.425940 -6.154945
-0.779663 -0.914795 -4.000000 -0.565582 -1.417396 -6.072351
-0.785156 -0.923218 -4.000000 -0.595249 -1.417634 -6.006845
-0.787842 -0.916138 -4.000000 -0.613762 -1.417396 -5.947273
-0.781494 -0.921875 -4.000000 -0.608066 -1.414311 -5.884615
-0.787720 -0.912720 -4.000000 -0.593588 -1.375624 -5.839046
-0.786743 -0.919312 -4.000000 -0.574601 -1.329343 -5.785170
-0.784180 -0.922119 -4.000000 -0.550867 -1.286859 -5.741499
-0.781006 -0.919067 -4.000000 -0.552054 -1.253869 -5.697353
-0.784302 -0.916992 -4.000000 -0.566057 -1.223252 -5.648224
-0.785156 -0.921387 -4.000000 -0.577449 -1.200704 -5.603841
-0.784546 -0.917114 -4.000000 -0.597623 -1.193584 -5.560646
-0.787476 -0.913696 -4.000000 -0.624442 -1.204027 -5.533351
-0.791016 -0.918823 -4.000000 -0.645091 -1.225151 -5.513177
-0.774536 -0.921265 -4.000000 -0.640107 -1.245087 -5.481849
-0.780640 -0.920288 -4.000000 -0.603556 -1.260752 -5.441738
-0.782104 -0.921509 -4.000000 -0.565345 -1.288046 -5.401628
-0.791138 -0.924927 -4.000000 -0.537813 -1.325308 -5.366026
-0.790771 -0.918213 -4.000000 -0.511706 -1.375387 -5.328290
-0.781860 -0.919312 -4.000000 -0.485598 -1.404342 -5.282483
-0.785400 -0.913818 -4.000000 -0.469934 -1.409564 -5.227420
-0.779663 -0.919189 -4.000000 -0.476342 -1.345719 -5.177341
-0.785645 -0.920532 -4.000000 -0.509332 -1.263837 -5.162151
-0.786743 -0.920532 -4.000000 -0.541136 -1.272856 -5.175680
-0.785156 -0.925415 -4.000000 -0.600234 -1.389153 -5.204160
-0.788818 -0.922241 -4.000000 -0.684489 -1.530370 -5.209857
-0.788208 -0.913452 -4.000000 -0.701578 -1.671588 -5.200363
-0.779907 -0.920166 -4.000000 -0.710834 -1.619847 -5.197278
-0.783081 -0.917480 -4.000000 -0.743587 -1.539864 -5.181376
-0.779297 -0.920776 -4.000000 -0.738366 -1.443741 -5.147674
-0.782715 -0.915039 -4.000000 -0.677369 -1.343583 -5.114208
-0.785645 -0.918213 -4.000000 -0.577686 -1.222065 -5.101392
-0.785522 -0.920654 -4.000000 -0.478478 -1.084645 -5.089050
-0.785156 -0.918457 -4.000000 -0.365267 -0.963839 -5.092610
-0.791748 -0.920410 -4.000000 -0.300473 -0.859409 -5.094035
-0.781250 -0.919434 -4.000000 -0.317799 -0.784410 -5.134620
-0.787354 -0.924927 -4.000000 -0.364317 -0.731483 -5.182088
-0.784790 -0.913696 -4.000000 -0.425788 -0.735518 -5.244271
-0.778320 -0.914063 -4.000000 -0.536152 -0.793666 -5.314524
-0.779053 -0.916748 -4.000000 -0.668825 -0.866292 -5.365077
-0.777100 -0.917480 -4.000000 -0.739552 -0.951735 -5.406612
-0.786987 -0.919434 -4.000000 -0.779900 -1.035990 -5.432957
-0.784546 -0.920288 -4.000000 -0.807432 -1.071117 -5.433194
-0.785034 -0.923584 -4.000000 -0.801261 -1.050705 -5.441263
-0.790527 -0.917358 -4.000000 -0.765185 -1.026734 -5.460250
-0.781860 -0.914795 -4.000000 -0.686625 -0.941766 -5.486833
-0.785767 -0.921021 -4.000000 -0.699679 -0.874836 -5.515788
-0.792603 -0.915405 -4.000000 -0.685913 -0.954345 -5.551627
-0.786621 -0.918823 -4.000000 -0.649838 -1.042636 -5.593636
-0.781494 -0.915405 -4.000000 -0.613525 -1.144692 -5.622591
-0.783081 -0.914917 -4.000000 -0.592639 -1.204502 -5.642291
-0.781738 -0.923706 -4.000000 -0.519775 -1.222540 -5.660566
-0.784424 -0.919434 -4.000000 -0.439080 -1.174834 -5.701626
-0.781982 -0.914185 -4.000000 -0.371675 -1.050705 -5.752891
-0.789551 -0.916626 -4.000000 -0.278875 -0.929187 -5.819821
-0.791626 -0.913452 -4.000000 -0.130300 -0.782274 -5.887701
-0.786011 -0.920654 -4.000000 -0.008070 -0.614474 -5.941814
-0.782471 -0.920532 -4.000000 0.140268 -0.496041 -5.967921
-0.785889 -0.916016 -4.000000 0.248733 -0.485124 -5.983586
-0.787109 -0.913452 -4.000000 0.259413 -0.609253 -6.023934
