-0.777954 -0.916382 -4.000000 -0.426026 -1.461067 -5.980263
-0.787476 -0.919067 -4.000000 -0.411311 -1.490972 -5.972668
-0.779785 -0.921021 -4.000000 -0.362181 -1.486225 -5.993317
-0.785889 -0.917603 -4.000000 -0.361232 -1.446352 -5.953444
-0.780396 -0.916992 -4.000000 -0.356960 -1.460117 -5.939203
-0.776001 -0.915894 -4.000000 -0.320884 -1.460355 -5.967921
-0.786011 -0.922485 -4.000000 -0.255615 -1.441368 -5.964599
-0.781128 -0.915649 -4.000000 -0.190347 -1.382745 -5.950833
-0.780273 -0.918335 -4.000000 -0.102768 -1.274043 -5.933270
-0.776978 -0.920288 -4.000000 -0.020886 -1.191923 -5.891498
-0.780029 -0.919312 -4.000000 0.018750 -1.191923 -5.852337
-0.782959 -0.921021 -4.000000 0.075712 -1.243188 -5.853049
-0.785400 -0.906860 -4.000000 0.151186 -1.318663 -5.884615
-0.777832 -0.922119 -4.000000 0.217641 -1.411937 -5.891973
-0.782471 -0.918945 -4.000000 0.287894 -1.490734 -5.884140
-0.783569 -0.912476 -4.000000 0.340821 -1.555766 -5.882954
-0.789917 -0.916260 -4.000000 0.400393 -1.584484 -5.885802
-0.780396 -0.915649 -4.000000 0.492956 -1.577838 -5.884852
-0.790039 -0.913818 -4.000000 0.592639 -1.565971 -5.859457
-0.787354 -0.916016 -4.000000 0.668588 -1.577601 -5.832163
-0.783569 -0.917114 -4.000000 0.695644 -1.586857 -5.798460
-0.783691 -0.920532 -4.000000 0.689711 -1.588993 -5.774726
-0.784058 -0.923706 -4.000000 0.668350 -1.592553 -5.768318
-0.776123 -0.920776 -4.000000 0.622306 -1.623882 -5.770929
-0.787476 -0.915405 -4.000000 0.562496 -1.671588 -5.764284
-0.785645 -0.918457 -4.000000 0.502449 -1.716682 -5.737939
-0.781616 -0.919922 -4.000000 0.494142 -1.740891 -5.707797
-0.785156 -0.921387 -4.000000 0.542085 -1.734483 -5.684774
-0.781128 -0.915039 -4.000000 0.588367 -1.706477 -5.648936
-0.779175 -0.922241 -4.000000 0.613050 -1.651651 -5.602892
-0.779297 -0.923340 -4.000000 0.604506 -1.598012 -5.562069
-0.783813 -0.921387 -4.000000 0.551579 -1.588044 -5.525756
-0.784668 -0.914185 -4.000000 0.481326 -1.583060 -5.520535
-0.792480 -0.914551 -4.000000 0.411311 -1.559800 -5.526231
-0.782593 -0.920898 -4.000000 0.325868 -1.537016 -5.513889
-0.785522 -0.920044 -4.000000 0.251818 -1.507348 -5.516026
-0.781006 -0.913208 -4.000000 0.164952 -1.479105 -5.510804
-0.792603 -0.915039 -4.000000 0.058623 -1.449437 -5.503209
-0.782593 -0.916138 -4.000000 -0.042247 -1.458693 -5.485646
-0.779419 -0.915405 -4.000000 -0.188923 -1.535117 -5.473304
-0.787720 -0.916626 -4.000000 -0.268907 -1.594689 -5.451231
-0.793823 -0.914551 -4.000000 -0.307830 -1.620559 -5.412783
-0.786987 -0.924805 -4.000000 -0.340583 -1.594689 -5.368637
-0.789429 -0.920288 -4.000000 -0.347704 -1.499516 -5.330663
-0.787354 -0.923462 -4.000000 -0.374998 -1.381083 -5.286992
-0.791138 -0.912842 -4.000000 -0.437181 -1.264312 -5.249730
-0.782471 -0.917236 -4.000000 -0.555851 -1.184091 -5.226708
-0.784912 -0.918823 -4.000000 -0.741451 -1.207587 -5.230742
-0.787231 -0.914307 -4.000000 -0.966687 -1.290656 -5.242610
-0.779297 -0.915283 -4.000000 -1.183853 -1.344770 -5.271091
-0.792969 -0.924561 -4.000000 -1.372776 -1.341210 -5.274176
-0.787720 -0.923950 -4.000000 -1.535117 -1.297065 -5.275362
-0.782349 -0.916748 -4.000000 -1.669214 -1.220404 -5.265869
-0.781006 -0.915649 -4.000000 -1.750859 -1.131639 -5.238100
-0.786621 -0.920044 -4.000000 -1.790970 -1.057351 -5.221486
-0.779541 -0.913574 -4.000000 -1.827995 -1.008222 -5.208670
-0.782227 -0.913452 -4.000000 -1.898485 -0.975706 -5.219587
-0.776001 -0.919922 -4.000000 -2.023801 -0.950548 -5.243796
-0.781860 -0.916016 -4.000000 -2.159796 -0.918507 -5.280821
-0.779419 -0.912231 -4.000000 -2.283926 -0.915184 -5.324255
-0.788940 -0.914185 -4.000000 -2.394052 -0.973570 -5.403526
-0.786377 -0.919312 -4.000000 -2.451962 -1.132113 -5.516737
-0.776733 -0.916626 -4.000000 -2.402833 -1.246037 -5.596484
-0.789551 -0.922729 -4.000000 -2.287960 -1.235356 -5.602892
-0.784058 -0.920044 -4.000000 -2.139860 -1.110041 -5.590313
-0.778931 -0.919312 -4.000000 -1.983690 -0.958143 -5.572275
-0.787476 -0.919678 -4.000000 -1.852678 -0.858697 -5.587465
-0.782104 -0.914307 -4.000000 -1.762726 -0.810992 -5.622117
-0.783203 -0.920776 -4.000000 -1.716682 -0.793191 -5.679790
-0.787109 -0.922119 -4.000000 -1.695322 -0.855612 -5.766657
-0.788330 -0.915527 -4.000000 -1.682505 -0.972858 -5.836435
-0.787354 -0.920776 -4.000000 -1.668502 -1.051180 -5.895533
-0.784790 -0.916870 -4.000000 -1.629104 -1.082984 -5.928048
-0.786499 -0.914185 -4.000000 -1.544373 -1.057588 -5.954868
-0.783569 -0.915039 -4.000000 -1.385593 -1.003949 -5.989520
-0.783325 -0.910522 -4.000000 -1.194059 -0.963127 -6.027019
-0.786133 -0.917847 -4.000000 -1.008934 -0.960516 -6.088253
-0.785034 -0.912842 -4.000000 -0.837337 -0.992320 -6.156844
-0.779297 -0.923340 -4.000000 -0.682591 -1.035516 -6.224961
-0.781982 -0.917236 -4.000000 -0.547544 -1.087968 -6.275040
-0.785034 -0.917847 -4.000000 -0.416295 -1.161781 -6.340071
-0.784180 -0.920898 -4.000000 -0.300710 -1.234882 -6.410087
-0.783569 -0.915649 -4.000000 -0.221201 -1.311780 -6.467998
-0.777832 -0.918457 -4.000000 -0.137895 -1.379422 -6.517364
-0.779785 -0.913330 -4.000000 -0.039161 -1.406479 -6.539674
-0.784668 -0.919922 -4.000000 0.081170 -1.402918 -6.544896
-0.781982 -0.915649 -4.000000 0.198654 -1.412412 -6.546794
-0.784790 -0.926880 -4.000000 0.278875 -1.409089 -6.547506
-0.774048 -0.915161 -4.000000 0.351264 -1.417396 -6.547032
-0.778198 -0.913452 -4.000000 0.400868 -1.421194 -6.552016
-0.785645 -0.911743 -4.000000 0.419618 -1.456557 -6.547506
-0.785645 -0.911621 -4.000000 0.421042 -1.530133 -6.544421
-0.781616 -0.921875 -4.000000 0.422940 -1.610116 -6.548218
-0.776001 -0.918579 -4.000000 0.472070 -1.637648 -6.531130
-0.784058 -0.917358 -4.000000 0.565107 -1.653787 -6.471320
-0.780884 -0.917114 -4.000000 0.673572 -1.685828 -6.428599
-0.780884 -0.921265 -4.000000 0.756166 -1.691761 -6.396558
-0.786133 -0.911987 -4.000000 0.829742 -1.654737 -6.358346
-0.787720 -0.916870 -4.000000 0.875311 -1.619847 -6.314913
-0.791626 -0.923218 -4.000000 0.888839 -1.599199 -6.279075
-0.781250 -0.919067 -4.000000 0.871039 -1.596113 -6.244423
-0.785278 -0.920898 -4.000000 0.823096 -1.615575 -6.225198
-0.784790 -0.920288 -4.000000 0.730296 -1.653312 -6.218078
-0.785522 -0.918457 -4.000000 0.601420 -1.677758 -6.220451
-0.782593 -0.917847 -4.000000 0.455219 -1.670401 -6.220926
-0.785889 -0.914673 -4.000000 0.297387 -1.670876 -6.209059
-0.786499 -0.914795 -4.000000 0.178480 -1.657585 -6.184138
-0.782959 -0.917114 -4.000000 0.106328 -1.619135 -6.150199
-0.787720 -0.922363 -4.000000 0.081170 -1.571193 -6.096323
-0.784424 -0.921753 -4.000000 0.086629 -1.523487 -6.039361
-0.775391 -0.915527 -4.000000 0.075000 -1.487649 -5.974092
-0.780029 -0.921387 -4.000000 0.040585 -1.462491 -5.942763
-0.791260 -0.916016 -4.000000 -0.027294 -1.432349 -5.924251
-0.783813 -0.913086 -4.000000 -0.120094 -1.387966 -5.902178
-0.787476 -0.919189 -4.000000 -0.196992 -1.335989 -5.876308
-0.783081 -0.914307 -4.000000 -0.281960 -1.301574 -5.862305
-0.783569 -0.914795 -4.000000 -0.375947 -1.287334 -5.852574
-0.782837 -0.916138 -4.000000 -0.460915 -1.305846 -5.865865
-0.778320 -0.916138 -4.000000 -0.516690 -1.335989 -5.864204
-0.788086 -0.918335 -4.000000 -0.551579 -1.378235 -5.851150
-0.784058 -0.920898 -4.000000 -0.559648 -1.408852 -5.844267
-0.777222 -0.920166 -4.000000 -0.541373 -1.416684 -5.805343
-0.779175 -0.920044 -4.000000 -0.510519 -1.409801 -5.764996
-0.782471 -0.917847 -4.000000 -0.487497 -1.408852 -5.726784
-0.786743 -0.916382 -4.000000 -0.471120 -1.396510 -5.692369
-0.785767 -0.913940 -4.000000 -0.435757 -1.365893 -5.652496
-0.787842 -0.910400 -4.000000 -0.377846 -1.296827 -5.595534
-0.779907 -0.918823 -4.000000 -0.315188 -1.240103 -5.525282
-0.788940 -0.910889 -4.000000 -0.264397 -1.213758 -5.449808
-0.775024 -0.911377 -4.000000 -0.214556 -1.198568 -5.373147
-0.783569 -0.921631 -4.000000 -0.156882 -1.171037 -5.291739
-0.782471 -0.915527 -4.000000 -0.098734 -1.139471 -5.202736
-0.787720 -0.915161 -4.000000 -0.082832 -1.134961 -5.109936
-0.781494 -0.919189 -4.000000 -0.105379 -1.155847 -5.044905
-0.786621 -0.914429 -4.000000 -0.198416 -1.275941 -4.994589
-0.781494 -0.918457 -4.000000 -0.306881 -1.546747 -4.982959
-0.780884 -0.919556 -4.000000 -0.346042 -1.962804 -4.992928
-0.781860 -0.915649 -4.000000 -0.226897 -2.252834 -4.960175
-0.785889 -0.920288 -4.000000 0.055538 -2.231236 -4.808277
-0.784302 -0.909790 -4.000000 0.440504 -1.940257 -4.610335
-0.779541 -0.916138 -4.000000 0.694220 -1.703391 -4.426634
-0.782104 -0.916870 -4.000000 0.606642 -1.630528 -4.287077
-0.785889 -0.925049 -4.000000 0.315900 -1.577838 -4.262631
-0.779663 -0.905273 -4.000000 -0.014715 -1.514943 -4.330274
-0.784302 -0.917114 -4.000000 -0.433621 -1.468662 -4.532250
-0.785278 -0.915039 -4.000000 -0.888365 -1.594452 -4.815397
-0.788818 -0.920776 -4.000000 -1.060911 -1.643582 -5.104003
-0.783081 -0.918457 -4.000000 -0.948412 -1.512332 -5.289840
-0.787109 -0.921875 -4.000000 -0.688287 -1.311305 -5.365314
-0.783936 -0.918701 -4.000000 -0.411073 -1.148015 -5.377419
