-0.786865 -0.909546 -4.000000 -0.382593 -1.383219 -5.839758
-0.783325 -0.910278 -4.000000 -0.340583 -1.380134 -5.812701
-0.783325 -0.918579 -4.000000 -0.308305 -1.363995 -5.805343
-0.783203 -0.915894 -4.000000 -0.301422 -1.346669 -5.797037
-0.781616 -0.917603 -4.000000 -0.314951 -1.330055 -5.768318
-0.786133 -0.914429 -4.000000 -0.339397 -1.329580 -5.743872
-0.787354 -0.917725 -4.000000 -0.370488 -1.351890 -5.732005
-0.787354 -0.921265 -4.000000 -0.374523 -1.395798 -5.727021
-0.787231 -0.923950 -4.000000 -0.360045 -1.434485 -5.719189
-0.786743 -0.920166 -4.000000 -0.330378 -1.462491 -5.725834
-0.788574 -0.915527 -4.000000 -0.296438 -1.479342 -5.706372
-0.784302 -0.924561 -4.000000 -0.250631 -1.472222 -5.669110
-0.782593 -0.921387 -4.000000 -0.142167 -1.426415 -5.609300
-0.784180 -0.918335 -4.000000 -0.002611 -1.323409 -5.549965
-0.780518 -0.915039 -4.000000 0.148575 -1.183853 -5.514602
-0.783691 -0.916138 -4.000000 0.288368 -1.052130 -5.512465
-0.783325 -0.916870 -4.000000 0.350077 -0.964076 -5.572513
-0.786987 -0.914307 -4.000000 0.340583 -0.968348 -5.741499
-0.787476 -0.916870 -4.000000 0.272229 -1.107430 -6.042446
-0.789673 -0.913696 -4.000000 0.116534 -1.369453 -6.456605
-0.786133 -0.920898 -4.000000 -0.152135 -1.799039 -6.956444
-0.786377 -0.914673 -4.000000 -0.455931 -2.317865 -7.409052
-0.787720 -0.917480 -4.000000 -0.725312 -2.735821 -7.752008
-0.789795 -0.920166 -4.000000 -0.897858 -2.966042 -7.777166
-0.783203 -0.918945 -4.000000 -0.886941 -2.936611 -7.777166
-0.780762 -0.920166 -4.000000 -0.688762 -2.621186 -7.765062
-0.778442 -0.914917 -4.000000 -0.443589 -2.030684 -7.476219
-0.782104 -0.916260 -4.000000 -0.306406 -1.428551 -7.173373
-0.783081 -0.918579 -4.000000 -0.309492 -1.056164 -6.931523
-0.782715 -0.921753 -4.000000 -0.393036 -0.984962 -6.794578
-0.790283 -0.920288 -4.000000 -0.519538 -1.115499 -6.721951
-0.787720 -0.912354 -4.000000 -0.656009 -1.317239 -6.636746
-0.782471 -0.924316 -4.000000 -0.713208 -1.427839 -6.538013
-0.785156 -0.922852 -4.000000 -0.719853 -1.434959 -6.420529
-0.792236 -0.922607 -4.000000 -0.712258 -1.421194 -6.300673
-0.782104 -0.920654 -4.000000 -0.721752 -1.418820 -6.206923
-0.779053 -0.919922 -4.000000 -0.749758 -1.422855 -6.143316
-0.779785 -0.919922 -4.000000 -0.787732 -1.438282 -6.098933
-0.788574 -0.914063 -4.000000 -0.858697 -1.474358 -6.061433
-0.784546 -0.922607 -4.000000 -0.938681 -1.510434 -6.038886
-0.789917 -0.918579 -4.000000 -1.035990 -1.516604 -6.024171
-0.781372 -0.918213 -4.000000 -1.119059 -1.497855 -6.004234
-0.783081 -0.914429 -4.000000 -1.185515 -1.451573 -5.978602
-0.784180 -0.919556 -4.000000 -1.234882 -1.408140 -5.945849
-0.786377 -0.916260 -4.000000 -1.303948 -1.361621 -5.928048
-0.781860 -0.917480 -4.000000 -1.401732 -1.303473 -5.909536
-0.785400 -0.919678 -4.000000 -1.505687 -1.225151 -5.904077
-0.781006 -0.910767 -4.000000 -1.582822 -1.150151 -5.894346
-0.788086 -0.921021 -4.000000 -1.653312 -1.129028 -5.876071
-0.783813 -0.916138 -4.000000 -1.682031 -1.165815 -5.868950
-0.782959 -0.922485 -4.000000 -1.677284 -1.234169 -5.855897
-0.780884 -0.912598 -4.000000 -1.638360 -1.324834 -5.806530
-0.779785 -0.921631 -4.000000 -1.592079 -1.421906 -5.715866
-0.782104 -0.911377 -4.000000 -1.498804 -1.480529 -5.615234
-0.779297 -0.913086 -4.000000 -1.383219 -1.443978 -5.498700
-0.784424 -0.921631 -4.000000 -1.260989 -1.284960 -5.375757
-0.779541 -0.918579 -4.000000 -1.198568 -1.048332 -5.277973
-0.780396 -0.915283 -4.000000 -1.238679 -0.846118 -5.251628
-0.781372 -0.919312 -4.000000 -1.351890 -0.745723 -5.271802
-0.780518 -0.919556 -4.000000 -1.488598 -0.719853 -5.306217
-0.785034 -0.912964 -4.000000 -1.518028 -0.770169 -5.370298
-0.780396 -0.917725 -4.000000 -1.305372 -1.068269 -5.423700
-0.777710 -0.916748 -4.000000 -0.910912 -1.360435 -5.401628
-0.776367 -0.913940 -4.000000 -0.394460 -1.536304 -5.302182
-0.791138 -0.923340 -4.000000 0.168037 -1.608930 -5.175680
-0.781372 -0.920776 -4.000000 0.700629 -1.682743 -5.067452
-0.787964 -0.922363 -4.000000 1.153711 -1.813042 -4.982722
-0.791016 -0.921631 -4.000000 1.467238 -2.007662 -4.897042
-0.790527 -0.917358 -4.000000 1.713359 -2.272296 -4.812312
-0.782471 -0.921997 -4.000000 1.956159 -2.477121 -4.730192
-0.784912 -0.918579 -4.000000 2.164069 -2.560427 -4.685809
-0.779663 -0.917603 -4.000000 2.358688 -2.361536 -4.684148
-0.782959 -0.920288 -4.000000 2.089307 -2.096664 -4.583753
-0.785156 -0.916992 -4.000000 1.890653 -1.686303 -4.683198
-0.785645 -0.915161 -4.000000 1.730211 -1.251970 -4.932406
-0.791748 -0.915894 -4.000000 1.348330 -1.050943 -5.249493
-0.789673 -0.921509 -4.000000 0.908064 -1.168189 -5.527893
-0.790405 -0.920288 -4.000000 0.512180 -1.411700 -5.756926
-0.789429 -0.918091 -4.000000 0.156407 -1.713597 -5.964361
-0.782715 -0.918579 -4.000000 -0.107990 -1.912251 -6.096560
-0.786255 -0.916260 -4.000000 -0.152135 -1.895637 -6.153047
-0.776855 -0.914307 -4.000000 0.086629 -1.520877 -6.126939
-0.787354 -0.907104 -4.000000 0.239476 -1.214470 -6.108664
-0.783447 -0.921143 -4.000000 0.214081 -1.227524 -6.064044
-0.780640 -0.916382 -4.000000 0.176106 -1.407903 -6.031291
-0.782227 -0.918579 -4.000000 0.107040 -1.564547 -6.001624
-0.789185 -0.919067 -4.000000 0.039161 -1.649515 -6.007320
-0.787964 -0.915283 -4.000000 -0.052215 -1.761540 -6.015152
-0.785889 -0.917114 -4.000000 -0.121993 -1.893501 -6.028918
-0.790894 -0.916748 -4.000000 -0.151660 -1.971348 -6.023696
-0.777100 -0.915161 -4.000000 -0.148338 -1.978943 -6.023222
-0.795410 -0.916016 -4.000000 -0.129588 -1.962804 -5.982162
-0.785400 -0.917725 -4.000000 -0.098259 -1.959956 -5.951308
-0.784912 -0.916138 -4.000000 -0.106091 -1.940732 -5.922589
-0.791260 -0.916138 -4.000000 -0.144066 -1.901096 -5.905501
-0.788452 -0.913818 -4.000000 -0.180853 -1.847219 -5.875834
-0.785278 -0.915527 -4.000000 -0.225473 -1.794530 -5.853761
-0.782471 -0.916992 -4.000000 -0.277213 -1.744214 -5.820533
-0.788452 -0.910156 -4.000000 -0.310441 -1.690100 -5.782084
-0.775513 -0.919556 -4.000000 -0.360757 -1.645005 -5.764521
-0.794067 -0.922974 -4.000000 -0.425076 -1.634325 -5.757638
-0.792480 -0.920044 -4.000000 -0.522623 -1.669452 -5.729157
-0.785767 -0.917236 -4.000000 -0.693034 -1.770558 -5.718714
-0.783813 -0.916382 -4.000000 -0.934409 -1.923168 -5.695692
-0.790527 -0.918335 -4.000000 -1.262176 -2.094765 -5.620693
-0.786865 -0.918823 -4.000000 -1.626256 -2.220081 -5.550440
-0.786133 -0.917480 -4.000000 -1.979655 -2.273245 -5.460725
-0.790527 -0.925903 -4.000000 -2.247138 -2.286062 -5.369112
-0.782227 -0.923218 -4.000000 -2.409716 -2.276568 -5.261834
-0.779785 -0.921021 -4.000000 -2.397374 -2.217470 -5.153844
-0.783936 -0.912231 -4.000000 -2.188989 -2.085272 -5.014525
-0.785767 -0.912476 -4.000000 -1.844134 -1.877362 -4.863340
-0.788574 -0.913696 -4.000000 -1.484801 -1.639547 -4.751315
-0.783569 -0.917358 -4.000000 -1.175072 -1.510671 -4.698151
-0.786377 -0.915283 -4.000000 -0.959804 -1.442792 -4.672281
-0.788086 -0.915039 -4.000000 -0.845406 -1.327207 -4.660889
-0.778931 -0.918335 -4.000000 -0.848966 -1.142319 -4.716663
-0.778809 -0.914795 -4.000000 -0.966687 -0.903080 -4.853609
-0.785156 -0.918091 -4.000000 -1.140183 -0.734568 -5.078608
-0.790283 -0.917969 -4.000000 -1.279264 -0.795327 -5.360093
-0.791016 -0.912354 -4.000000 -1.318900 -1.054503 -5.567054
-0.791748 -0.916870 -4.000000 -1.202366 -1.343821 -5.692132
-0.788208 -0.911621 -4.000000 -0.961465 -1.462016 -5.747432
-0.786987 -0.920654 -4.000000 -0.703714 -1.415260 -5.755027
-0.785034 -0.915161 -4.000000 -0.520725 -1.324834 -5.752891
-0.783813 -0.916992 -4.000000 -0.439317 -1.303236 -5.749568
-0.783325 -0.913574 -4.000000 -0.427213 -1.362096 -5.770454
-0.789307 -0.914551 -4.000000 -0.419380 -1.439706 -5.756689
-0.781982 -0.914551 -4.000000 -0.391137 -1.485988 -5.725834
-0.783691 -0.913818 -4.000000 -0.371200 -1.503788 -5.658905
-0.795898 -0.916260 -4.000000 -0.337735 -1.467950 -5.619506
-0.786987 -0.916138 -4.000000 -0.314713 -1.378710 -5.596484
-0.789063 -0.910522 -4.000000 -0.295489 -1.255767 -5.594822
-0.782471 -0.914551 -4.000000 -0.278163 -1.136385 -5.611674
-0.780029 -0.914917 -4.000000 -0.272941 -1.067794 -5.623303
-0.785889 -0.916870 -4.000000 -0.289555 -1.065421 -5.613098
-0.783325 -0.916138 -4.000000 -0.297862 -1.125230 -5.633746
-0.786377 -0.913818 -4.000000 -0.294302 -1.195246 -5.652733
-0.787354 -0.914673 -4.000000 -0.285520 -1.244850 -5.658905
-0.779785 -0.914917 -4.000000 -0.428399 -1.581398 -5.603841
-0.791504 -0.918335 -4.000000 -0.631088 -1.727125 -5.493003
-0.785522 -0.925903 -4.000000 -0.303796 -1.368504 -5.585092
-0.784546 -0.913208 -4.000000 -0.067167 -0.804346 -5.755502
-0.789673 -0.919434 -4.000000 -0.271517 -0.649600 -5.772116
-0.780029 -0.916748 -4.000000 -0.376659 -0.971434 -5.702338
-0.792358 -0.925293 -4.000000 -0.408225 -1.280213 -5.703050
-0.784668 -0.922974 -4.000000 -0.441216 -1.410276 -5.795375
-0.787476 -0.923706 -4.000000 -0.432909 -1.427839 -5.816498
-0.784180 -0.913208 -4.000000 -0.399681 -1.345482 -5.782796
-0.786377 -0.918335 -4.000000 -0.380456 -1.263125 -5.773777
