-0.783813 -0.917847 -4.000000 -0.416058 -1.414073 -5.937542
-0.785522 -0.921875 -4.000000 -0.431485 -1.403868 -5.959852
-0.783813 -0.920166 -4.000000 -0.434095 -1.416921 -5.964361
-0.788818 -0.919312 -4.000000 -0.421279 -1.416447 -5.960801
-0.787109 -0.918335 -4.000000 -0.411073 -1.414785 -5.950121
-0.786255 -0.914917 -4.000000 -0.392086 -1.396510 -5.922352
-0.783936 -0.915894 -4.000000 -0.381168 -1.392713 -5.895295
-0.786255 -0.920288 -4.000000 -0.393510 -1.403630 -5.890074
-0.786621 -0.918823 -4.000000 -0.406564 -1.379422 -5.897669
-0.787231 -0.918823 -4.000000 -0.422228 -1.361147 -5.883191
-0.782715 -0.922485 -4.000000 -0.410361 -1.341922 -5.868950
-0.782104 -0.919678 -4.000000 -0.415583 -1.282824 -5.899805
-0.784912 -0.919434 -4.000000 -0.382593 -1.249122 -5.910485
-0.787354 -0.913330 -4.000000 -0.307593 -1.250546 -5.896008
-0.791138 -0.922852 -4.000000 -0.265584 -1.256480 -5.940627
-0.780029 -0.919067 -4.000000 -0.195094 -1.283062 -5.925437
-0.786255 -0.923340 -4.000000 -0.116297 -1.370640 -5.866340
-0.783569 -0.919434 -4.000000 -0.010443 -1.484563 -5.809378
-0.781860 -0.914185 -4.000000 0.118433 -1.598487 -5.749331
-0.784912 -0.913574 -4.000000 0.255853 -1.703866 -5.679790
-0.793701 -0.907227 -4.000000 0.377134 -1.766998 -5.628525
-0.792358 -0.917480 -4.000000 0.488446 -1.791207 -5.589364
-0.786499 -0.916504 -4.000000 0.553003 -1.800226 -5.536911
-0.788452 -0.917358 -4.000000 0.594300 -1.793818 -5.491580
-0.788940 -0.917725 -4.000000 0.601895 -1.783612 -5.493478
-0.790527 -0.912720 -4.000000 0.596911 -1.819213 -5.470456
-0.789185 -0.917114 -4.000000 0.582670 -1.871903 -5.473067
-0.782349 -0.919434 -4.000000 0.514079 -1.932662 -5.463336
-0.791382 -0.916870 -4.000000 0.474443 -1.959244 -5.469507
-0.785400 -0.914917 -4.000000 0.436231 -1.930289 -5.471168
-0.785767 -0.917114 -4.000000 0.421042 -1.847457 -5.481374
-0.780762 -0.920898 -4.000000 0.396358 -1.744214 -5.476152
-0.779175 -0.919067 -4.000000 0.326580 -1.664230 -5.437229
-0.786255 -0.919067 -4.000000 0.209097 -1.631714 -5.403289
-0.790894 -0.911865 -4.000000 0.081882 -1.666129 -5.352261
-0.788818 -0.919922 -4.000000 -0.043196 -1.708138 -5.300758
-0.788208 -0.919556 -4.000000 -0.146202 -1.697458 -5.268005
-0.782227 -0.922363 -4.000000 -0.236628 -1.626730 -5.248068
-0.782715 -0.922729 -4.000000 -0.294065 -1.500703 -5.252103
-0.777588 -0.919922 -4.000000 -0.367640 -1.380134 -5.257087
-0.786377 -0.914063 -4.000000 -0.509570 -1.317476 -5.230980
-0.786133 -0.917847 -4.000000 -0.747859 -1.325783 -5.185410
-0.784424 -0.913696 -4.000000 -1.050468 -1.363283 -5.166661
-0.784180 -0.912231 -4.000000 -1.350466 -1.347855 -5.168560
-0.792358 -0.921387 -4.000000 -1.626493 -1.266685 -5.200126
-0.782715 -0.920410 -4.000000 -1.897536 -1.146116 -5.274651
-0.789917 -0.912842 -4.000000 -2.131316 -1.025310 -5.353922
-0.783813 -0.915161 -4.000000 -2.350143 -0.927288 -5.441976
-0.788452 -0.917603 -4.000000 -2.529573 -0.869615 -5.501785
-0.787109 -0.922485 -4.000000 -2.617151 -0.882668 -5.544981
-0.790405 -0.914307 -4.000000 -2.668891 -0.943902 -5.597671
-0.794678 -0.919922 -4.000000 -2.720394 -0.992794 -5.673857
-0.787476 -0.922485 -4.000000 -2.704493 -0.992082 -5.742211
-0.788330 -0.921265 -4.000000 -2.628781 -0.962652 -5.825280
-0.785034 -0.919922 -4.000000 -2.552120 -0.956956 -5.909773
-0.780884 -0.916016 -4.000000 -2.470238 -0.999677 -5.970295
-0.777588 -0.920166 -4.000000 -2.408767 -1.040737 -6.026782
-0.788086 -0.917969 -4.000000 -2.359400 -1.040737 -6.091101
-0.787598 -0.921997 -4.000000 -2.277517 -1.002288 -6.151148
-0.790039 -0.917480 -4.000000 -2.169528 -0.917083 -6.198616
-0.786621 -0.911865 -4.000000 -2.028310 -0.843507 -6.232556
-0.782715 -0.912842 -4.000000 -1.869055 -0.801261 -6.247271
-0.782104 -0.921753 -4.000000 -1.713834 -0.753793 -6.263648
-0.785889 -0.912964 -4.000000 -1.556478 -0.745723 -6.321796
-0.786499 -0.920044 -4.000000 -1.405292 -0.767321 -6.358583
-0.785034 -0.917236 -4.000000 -1.260514 -0.841846 -6.392998
-0.787354 -0.926392 -4.000000 -1.080610 -0.944140 -6.416732
-0.784790 -0.923340 -4.000000 -0.885279 -1.022699 -6.422666
-0.781006 -0.912964 -4.000000 -0.677844 -1.070879 -6.380181
-0.783813 -0.914551 -4.000000 -0.428162 -1.110278 -6.353362
-0.786865 -0.919067 -4.000000 -0.171834 -1.158695 -6.329865
-0.787231 -0.911255 -4.000000 0.046756 -1.202841 -6.320609
-0.787476 -0.911987 -4.000000 0.269856 -1.245087 -6.307793
-0.786621 -0.921143 -4.000000 0.486548 -1.322223 -6.314201
-0.784424 -0.911621 -4.000000 0.667164 -1.450861 -6.315150
-0.782227 -0.917847 -4.000000 0.822147 -1.617237 -6.294976
-0.786743 -0.920288 -4.000000 0.926102 -1.769372 -6.273141
-0.786011 -0.920410 -4.000000 0.998016 -1.864308 -6.276464
-0.784546 -0.917236 -4.000000 1.079661 -1.930289 -6.280973
-0.780396 -0.916748 -4.000000 1.114550 -1.954497 -6.279549
-0.781982 -0.920044 -4.000000 1.121196 -1.912488 -6.267208
-0.782227 -0.918335 -4.000000 1.134012 -1.815891 -6.263885
-0.782471 -0.916138 -4.000000 1.136385 -1.714072 -6.241337
-0.781982 -0.922852 -4.000000 1.114550 -1.615813 -6.207635
-0.785034 -0.918579 -4.000000 1.012968 -1.572617 -6.195056
-0.786499 -0.913940 -4.000000 0.831166 -1.593265 -6.182003
-0.788696 -0.915039 -4.000000 0.619221 -1.628154 -6.159455
-0.782349 -0.923706 -4.000000 0.410599 -1.657110 -6.123142
-0.778931 -0.919434 -4.000000 0.248021 -1.649278 -6.081133
-0.783325 -0.909180 -4.000000 0.145015 -1.612253 -6.062858
-0.786743 -0.919312 -4.000000 0.101107 -1.557664 -6.061196
-0.786621 -0.916260 -4.000000 0.100870 -1.479579 -6.027019
-0.788940 -0.910889 -4.000000 0.148100 -1.400070 -5.984061
-0.779785 -0.917114 -4.000000 0.212657 -1.339074 -5.943950
-0.779663 -0.917603 -4.000000 0.224287 -1.305372 -5.910960
-0.786865 -0.918701 -4.000000 0.188448 -1.292555 -5.866577
-0.777100 -0.915649 -4.000000 0.122705 -1.295878 -5.844030
-0.784546 -0.917358 -4.000000 0.011392 -1.314153 -5.800359
-0.781982 -0.916870 -4.000000 -0.125078 -1.328631 -5.755977
-0.786133 -0.920044 -4.000000 -0.255141 -1.330767 -5.708983
-0.785278 -0.918701 -4.000000 -0.343906 -1.332428 -5.633984
-0.787109 -0.919800 -4.000000 -0.388526 -1.310118 -5.548541
-0.781738 -0.909912 -4.000000 -0.394934 -1.249359 -5.428210
-0.790039 -0.919067 -4.000000 -0.466611 -1.243188 -5.283432
-0.784912 -0.915649 -4.000000 -0.671198 -1.461067 -5.129636
-0.786011 -0.923828 -4.000000 -0.902130 -1.913912 -4.970618
-0.784180 -0.918945 -4.000000 -0.945801 -2.418972 -4.834384
-0.786987 -0.917480 -4.000000 -0.751657 -2.828384 -4.681537
-0.784546 -0.921265 -4.000000 -0.495567 -2.988114 -4.472915
-0.790527 -0.916992 -4.000000 -0.325394 -2.868495 -4.283992
-0.780640 -0.913940 -4.000000 -0.184176 -2.532658 -4.203297
-0.784668 -0.917480 -4.000000 -0.034889 -2.079813 -4.230116
-0.787842 -0.912842 -4.000000 -0.018513 -1.680607 -4.315558
-0.786377 -0.916138 -4.000000 -0.072151 -1.507586 -4.485257
-0.793091 -0.912354 -4.000000 -0.230695 -1.602759 -4.720461
-0.782471 -0.918945 -4.000000 -0.541611 -1.800938 -4.926235
-0.782593 -0.921753 -4.000000 -0.726736 -1.786698 -5.052025
-0.791016 -0.911743 -4.000000 -0.707274 -1.551968 -5.125838
-0.791016 -0.915649 -4.000000 -0.660281 -1.237018 -5.137230
-0.786743 -0.920288 -4.000000 -0.665977 -0.762337 -5.311438
-0.787476 -0.913696 -4.000000 -0.554427 -0.432909 -5.187784
-0.783325 -0.914917 -4.000000 -0.442402 -0.423415 -5.198227
-0.784546 -0.916870 -4.000000 -0.332039 -0.616373 -5.286755
-0.785889 -0.917969 -4.000000 -0.287656 -0.830454 -5.284619
-0.782593 -0.916138 -4.000000 -0.186312 -0.965500 -5.251628
-0.783081 -0.921021 -4.000000 -0.030380 -1.070167 -5.236913
-0.788818 -0.917725 -4.000000 0.092800 -1.001813 -5.254239
-0.789063 -0.919678 -4.000000 0.049604 -0.803634 -5.340394
-0.783081 -0.918091 -4.000000 -0.030380 -0.775628 -5.489918
-0.784424 -0.919678 -4.000000 -0.219302 -0.874124 -5.634933
-0.787476 -0.917358 -4.000000 -0.416532 -0.997779 -5.751230
-0.787109 -0.912354 -4.000000 -0.512418 -1.157271 -5.811039
-0.776978 -0.909912 -4.000000 -0.558224 -1.246749 -5.831688
-0.788330 -0.917236 -4.000000 -0.579348 -1.249122 -5.863017
-0.782471 -0.921753 -4.000000 -0.625629 -1.219217 -5.861830
-0.780640 -0.920776 -4.000000 -0.572227 -1.340261 -5.834536
-0.785522 -0.913330 -4.000000 -0.473494 -1.397460 -5.812464
-0.782227 -0.914185 -4.000000 -0.393036 -1.361384 -5.776388
-0.780518 -0.921509 -4.000000 -0.304982 -1.320561 -5.736515
-0.791504 -0.923950 -4.000000 -0.257277 -1.304659 -5.738413
-0.783203 -0.921753 -4.000000 -0.276027 -1.321985 -5.741973
-0.784424 -0.919678 -4.000000 -0.298574 -1.360909 -5.728920
-0.780640 -0.919434 -4.000000 -0.303558 -1.384406 -5.723698
-0.785400 -0.914185 -4.000000 -0.302846 -1.415735 -5.725834
-0.789917 -0.918335 -4.000000 -0.253954 -1.432349 -5.734379
-0.783691 -0.917969 -4.000000 -0.276501 -1.421668 -5.738651
-0.784912 -0.917725 -4.000000 -0.333226 -1.419295 -5.735328
-0.785278 -0.918335 -4.000000 -0.379507 -1.412175 -5.742448
-0.783936 -0.916260 -4.000000 -0.384729 -1.384881 -5.748144
-0.781494 -0.921387 -4.000000 -0.347229 -1.331242 -5.760724
