-0.781128 -0.920776 -4.000000 -0.278163 -1.401020 -5.946798
-0.790283 -0.919434 -4.000000 -0.264160 -1.398646 -5.950358
-0.785278 -0.921631 -4.000000 -0.237815 -1.420482 -5.933744
-0.783569 -0.908447 -4.000000 -0.216454 -1.433773 -5.915944
-0.784058 -0.919312 -4.000000 -0.226423 -1.464627 -5.891735
-0.783691 -0.922852 -4.000000 -0.230457 -1.508298 -5.862068
-0.782715 -0.911499 -4.000000 -0.233780 -1.550781 -5.850201
-0.787354 -0.913330 -4.000000 -0.243986 -1.573091 -5.835485
-0.784424 -0.916992 -4.000000 -0.284334 -1.462016 -5.887463
-0.784790 -0.915405 -4.000000 -0.332514 -1.443266 -5.846403
-0.785278 -0.911377 -4.000000 -0.376659 -1.456083 -5.775201
-0.785889 -0.914185 -4.000000 -0.332988 -1.427127 -5.742211
-0.793701 -0.920532 -4.000000 -0.315425 -1.391763 -5.725360
-0.783569 -0.914551 -4.000000 -0.294065 -1.365656 -5.709220
-0.781616 -0.914673 -4.000000 -0.269856 -1.325783 -5.679553
-0.780884 -0.916504 -4.000000 -0.253005 -1.276891 -5.637544
-0.783569 -0.923584 -4.000000 -0.267720 -1.223727 -5.611674
-0.790161 -0.911743 -4.000000 -0.296675 -1.163679 -5.585092
-0.786255 -0.911865 -4.000000 -0.306406 -1.111702 -5.565155
-0.792480 -0.922485 -4.000000 -0.333938 -1.096749 -5.526231
-0.785522 -0.916870 -4.000000 -0.392323 -1.136385 -5.492291
-0.779297 -0.920044 -4.000000 -0.468510 -1.213284 -5.439364
-0.788818 -0.916138 -4.000000 -0.564158 -1.283774 -5.366026
-0.791626 -0.924805 -4.000000 -0.626578 -1.327682 -5.286518
-0.783691 -0.914551 -4.000000 -0.646515 -1.365181 -5.194429
-0.786499 -0.913086 -4.000000 -0.652448 -1.406479 -5.118955
-0.783325 -0.918945 -4.000000 -0.670724 -1.491446 -5.052737
-0.782715 -0.909058 -4.000000 -0.672148 -1.586620 -4.970855
-0.782593 -0.916748 -4.000000 -0.669300 -1.677284 -4.902738
-0.783203 -0.917603 -4.000000 -0.691135 -1.839625 -4.895380
-0.780640 -0.919434 -4.000000 -0.742875 -1.829419 -4.839843
-0.783691 -0.914063 -4.000000 -0.837811 -1.762726 -4.775049
-0.782227 -0.917358 -4.000000 -0.989234 -1.648328 -4.703135
-0.788452 -0.914185 -4.000000 -1.044060 -1.532032 -4.665635
-0.782471 -0.914429 -4.000000 -0.988522 -1.424042 -4.661363
-0.786011 -0.920532 -4.000000 -0.897146 -1.306796 -4.687470
-0.792480 -0.913940 -4.000000 -0.863681 -1.178869 -4.707170
-0.783081 -0.916504 -4.000000 -0.873887 -1.030532 -4.724733
-0.786865 -0.917358 -4.000000 -0.886229 -0.842083 -4.759147
-0.787598 -0.913696 -4.000000 -0.935121 -0.691372 -4.828451
-0.782715 -0.922485 -4.000000 -0.950548 -0.635123 -4.927422
-0.785645 -0.919067 -4.000000 -0.896672 -0.681879 -5.039921
-0.790039 -0.924194 -4.000000 -0.831403 -0.849678 -5.155268
-0.783569 -0.919556 -4.000000 -0.780375 -1.090816 -5.275125
-0.785889 -0.918091 -4.000000 -0.732195 -1.302523 -5.361279
-0.788818 -0.918213 -4.000000 -0.636309 -1.380134 -5.419665
-0.788574 -0.918579 -4.000000 -0.526895 -1.320799 -5.450757
-0.782104 -0.921021 -4.000000 -0.421991 -1.208299 -5.491105
-0.774048 -0.921509 -4.000000 -0.341770 -1.134724 -5.537861
-0.788696 -0.919434 -4.000000 -0.314476 -1.144455 -5.585092
-0.783813 -0.915649 -4.000000 -0.330140 -1.212097 -5.624727
-0.787598 -0.916138 -4.000000 -0.367640 -1.279264 -5.647987
-0.782959 -0.922485 -4.000000 -0.392086 -1.315340 -5.673145
-0.788086 -0.925903 -4.000000 -0.376896 -1.324834 -5.696167
-0.787720 -0.926636 -4.000000 -0.370963 -1.298014 -5.736040
-0.780518 -0.918091 -4.000000 -0.369064 -1.255055 -5.765945
-0.785767 -0.921387 -4.000000 -0.351976 -1.192160 -5.798698
-0.786011 -0.925659 -4.000000 -0.342957 -1.138047 -5.843081
-0.780396 -0.916138 -4.000000 -0.350789 -1.094851 -5.894821
-0.785767 -0.919556 -4.000000 -0.387814 -1.081085 -5.951545
-0.784058 -0.914185 -4.000000 -0.404428 -1.072778 -5.993317
-0.786865 -0.913818 -4.000000 -0.389238 -1.066133 -6.032003
-0.786865 -0.919922 -4.000000 -0.387102 -1.085357 -6.073063
-0.777466 -0.918945 -4.000000 -0.386390 -1.108142 -6.120769
-0.782471 -0.914185 -4.000000 -0.412260 -1.117161 -6.170135
-0.788208 -0.921143 -4.000000 -0.435994 -1.121196 -6.220451
-0.784424 -0.912109 -4.000000 -0.447861 -1.129740 -6.284296
-0.791138 -0.918457 -4.000000 -0.454744 -1.139471 -6.341021
-0.790527 -0.917969 -4.000000 -0.459491 -1.144217 -6.402492
-0.785034 -0.918091 -4.000000 -0.468272 -1.155847 -6.470133
-0.783936 -0.916138 -4.000000 -0.508858 -1.168901 -6.518313
-0.789063 -0.917114 -4.000000 -0.556326 -1.184328 -6.552728
-0.781494 -0.917603 -4.000000 -0.597623 -1.189312 -6.575038
-0.791626 -0.916138 -4.000000 -0.622069 -1.189075 -6.591652
-0.785156 -0.919312 -4.000000 -0.622306 -1.240340 -6.609927
-0.782959 -0.921387 -4.000000 -0.604268 -1.305846 -6.608503
-0.782593 -0.916626 -4.000000 -0.614949 -1.328631 -6.612300
-0.785400 -0.914917 -4.000000 -0.594063 -1.293030 -6.592126
-0.788330 -0.924438 -4.000000 -0.555376 -1.238442 -6.566731
-0.784058 -0.914551 -4.000000 -0.534253 -1.195958 -6.550829
-0.783325 -0.914917 -4.000000 -0.540186 -1.187651 -6.527807
-0.788574 -0.921509 -4.000000 -0.541848 -1.204027 -6.499326
-0.783691 -0.915894 -4.000000 -0.525471 -1.220166 -6.460402
-0.785278 -0.918579 -4.000000 -0.495804 -1.224201 -6.427175
-0.783936 -0.918213 -4.000000 -0.460203 -1.232033 -6.369739
-0.781982 -0.918945 -4.000000 -0.418668 -1.255767 -6.319185
-0.783325 -0.914795 -4.000000 -0.382593 -1.290656 -6.271717
-0.781128 -0.917480 -4.000000 -0.353637 -1.340735 -6.234217
-0.789551 -0.919067 -4.000000 -0.327292 -1.399121 -6.209771
-0.787476 -0.919922 -4.000000 -0.321359 -1.441130 -6.162066
-0.782715 -0.916870 -4.000000 -0.327292 -1.458456 -6.107478
-0.785156 -0.911987 -4.000000 -0.339397 -1.452760 -6.056449
-0.788330 -0.914429 -4.000000 -0.340109 -1.438282 -5.994266
-0.784790 -0.919678 -4.000000 -0.347941 -1.418820 -5.948222
-0.792603 -0.913818 -4.000000 -0.378795 -1.413361 -5.907637
-0.782715 -0.920532 -4.000000 -0.411311 -1.387729 -5.867052
-0.785889 -0.930664 -4.000000 -0.452845 -1.368504 -5.848302
-0.790161 -0.916016 -4.000000 -0.497228 -1.366131 -5.811514
-0.783569 -0.917725 -4.000000 -0.538288 -1.395086 -5.780660
-0.787109 -0.919434 -4.000000 -0.552528 -1.432111 -5.748382
-0.785278 -0.916016 -4.000000 -0.532829 -1.489073 -5.697828
-0.785645 -0.918701 -4.000000 -0.510756 -1.532981 -5.644664
-0.788574 -0.915283 -4.000000 -0.477529 -1.551968 -5.571563
-0.784424 -0.920776 -4.000000 -0.455219 -1.552443 -5.504158
-0.785522 -0.919922 -4.000000 -0.443114 -1.527522 -5.421090
-0.783813 -0.917480 -4.000000 -0.462339 -1.485513 -5.332324
-0.788208 -0.921997 -4.000000 -0.518589 -1.409327 -5.258749
-0.786621 -0.913696 -4.000000 -0.560360 -1.301337 -5.196566
-0.784546 -0.914429 -4.000000 -0.643904 -1.204977 -5.142452
-0.785156 -0.924805 -4.000000 -0.753318 -1.169138 -5.109224
-0.786377 -0.917114 -4.000000 -0.882906 -1.195246 -5.092136
-0.786377 -0.924438 -4.000000 -1.005136 -1.270245 -5.102579
-0.789795 -0.918335 -4.000000 -1.107430 -1.392238 -5.122278
-0.786133 -0.926392 -4.000000 -1.200230 -1.547221 -5.154556
-0.782593 -0.920654 -4.000000 -1.275229 -1.681556 -5.219587
-0.780884 -0.921875 -4.000000 -1.302523 -1.730685 -5.283907
-0.781860 -0.922241 -4.000000 -1.206163 -1.688676 -5.319033
-0.781738 -0.914673 -4.000000 -1.003237 -1.583534 -5.311438
-0.785034 -0.916382 -4.000000 -0.857748 -1.585908 -5.288653
-0.783447 -0.912842 -4.000000 -0.799125 -1.563835 -5.335884
-0.781006 -0.909912 -4.000000 -0.816213 -1.537253 -5.291976
-0.784424 -0.916870 -4.000000 -0.797463 -1.480291 -5.235489
-0.784668 -0.924072 -4.000000 -0.653160 -1.360435 -5.173069
-0.779053 -0.917603 -4.000000 -0.472782 -1.228473 -5.103054
-0.787231 -0.913086 -4.000000 -0.369064 -1.123332 -5.067927
-0.786133 -0.923218 -4.000000 -0.355061 -1.036465 -5.079319
-0.778931 -0.913818 -4.000000 -0.405615 -0.999203 -5.142215
-0.780884 -0.919312 -4.000000 -0.531642 -1.018902 -5.236201
-0.786011 -0.920166 -4.000000 -0.667164 -1.099123 -5.345615
-0.783569 -0.921753 -4.000000 -0.766609 -1.212809 -5.441976
-0.789917 -0.921875 -4.000000 -0.773492 -1.303948 -5.496089
-0.788208 -0.918701 -4.000000 -0.699916 -1.383694 -5.542370
-0.788330 -0.912354 -4.000000 -0.627290 -1.326970 -5.466184
-0.780273 -0.914795 -4.000000 -0.604506 -1.276179 -5.453605
-0.782349 -0.918213 -4.000000 -0.621357 -1.262176 -5.444111
-0.786499 -0.921021 -4.000000 -0.651974 -1.221828 -5.453130
-0.786011 -0.924316 -4.000000 -0.678556 -1.166765 -5.520298
-0.785400 -0.911743 -4.000000 -0.697543 -1.107904 -5.570614
-0.787231 -0.919800 -4.000000 -0.682116 -1.070405 -5.584380
-0.787231 -0.922363 -4.000000 -0.616373 -1.090579 -5.614285
-0.782104 -0.920776 -4.000000 -0.537101 -1.121670 -5.624490
-0.785400 -0.916626 -4.000000 -0.459491 -1.161306 -5.624490
-0.786499 -0.920044 -4.000000 -0.384966 -1.176021 -5.599095
-0.790161 -0.916382 -4.000000 -0.339397 -1.167714 -5.558984
-0.783447 -0.918701 -4.000000 -0.350077 -1.146354 -5.526469
-0.781860 -0.917847 -4.000000 -0.385441 -1.087493 -5.510804
-0.789063 -0.921509 -4.000000 -0.373099 -1.053791 -5.537861
-0.787476 -0.914795 -4.000000 -0.370963 -1.057826 -5.600519
-0.786011 -0.918945 -4.000000 -0.348416 -1.045721 -5.668635
-0.789551 -0.911377 -4.000000 -0.370488 -1.011544 -5.743160
