-0.789673 -0.923096 -4.000000 -0.367877 -1.325546 -5.906450
-0.787109 -0.922363 -4.000000 -0.359808 -1.347618 -5.913096
-0.786499 -0.911865 -4.000000 -0.352925 -1.342397 -5.932795
-0.791260 -0.923462 -4.000000 -0.363368 -1.341685 -5.933744
-0.789429 -0.917480 -4.000000 -0.364792 -1.348093 -5.924726
-0.786133 -0.914795 -4.000000 -0.365504 -1.349517 -5.914995
-0.780029 -0.916870 -4.000000 -0.375710 -1.358773 -5.899093
-0.779297 -0.922119 -4.000000 -0.390187 -1.385355 -5.897669
-0.782715 -0.917969 -4.000000 -0.422228 -1.421668 -5.892684
-0.791504 -0.925171 -4.000000 -0.454032 -1.456320 -5.868713
-0.784668 -0.921387 -4.000000 -0.461152 -1.471035 -5.851624
-0.786621 -0.918091 -4.000000 -0.458067 -1.455371 -5.831213
-0.791260 -0.913330 -4.000000 -0.426026 -1.416921 -5.817923
-0.781250 -0.917603 -4.000000 -0.379032 -1.376099 -5.791103
-0.789917 -0.918945 -4.000000 -0.317799 -1.328868 -5.764521
-0.784180 -0.920898 -4.000000 -0.265584 -1.279264 -5.745296
-0.788818 -0.917725 -4.000000 -0.240188 -1.243188 -5.719901
-0.793823 -0.918091 -4.000000 -0.276739 -1.225625 -5.715629
-0.786621 -0.915649 -4.000000 -0.343194 -1.239628 -5.713730
-0.785645 -0.914063 -4.000000 -0.433621 -1.284723 -5.727971
-0.787109 -0.922119 -4.000000 -0.525471 -1.356637 -5.738651
-0.777344 -0.925415 -4.000000 -0.583145 -1.416447 -5.723936
-0.784180 -0.913696 -4.000000 -0.578161 -1.428314 -5.694743
-0.790161 -0.922607 -4.000000 -0.496279 -1.373013 -5.618794
-0.785034 -0.919922 -4.000000 -0.385203 -1.283774 -5.536674
-0.787964 -0.922485 -4.000000 -0.272704 -1.203553 -5.453130
-0.786499 -0.922119 -4.000000 -0.194856 -1.201179 -5.420377
-0.785889 -0.921875 -4.000000 -0.235679 -1.253394 -5.397593
-0.785034 -0.919800 -4.000000 -0.341058 -1.429501 -5.428447
-0.776245 -0.916260 -4.000000 -0.526895 -1.620797 -5.438415
-0.786133 -0.918457 -4.000000 -0.659569 -1.772695 -5.446722
-0.784790 -0.912231 -4.000000 -0.689236 -1.865495 -5.461675
-0.786255 -0.916992 -4.000000 -0.661467 -1.807821 -5.453843
-0.780029 -0.921265 -4.000000 -0.560835 -1.674436 -5.405425
-0.784668 -0.921875 -4.000000 -0.465662 -1.497617 -5.340157
-0.786133 -0.918823 -4.000000 -0.389713 -1.330055 -5.271565
-0.781250 -0.919556 -4.000000 -0.348653 -1.185040 -5.234066
-0.785278 -0.917114 -4.000000 -0.335599 -1.125942 -5.230268
-0.782959 -0.921753 -4.000000 -0.325631 -1.167240 -5.235014
-0.786865 -0.923340 -4.000000 -0.361469 -1.286622 -5.255900
-0.786621 -0.920898 -4.000000 -0.426263 -1.423567 -5.293163
-0.786377 -0.914185 -4.000000 -0.484886 -1.528946 -5.328290
-0.782471 -0.913086 -4.000000 -0.518351 -1.553392 -5.347514
-0.781860 -0.917847 -4.000000 -0.518114 -1.503788 -5.348464
-0.781616 -0.916626 -4.000000 -0.491294 -1.414548 -5.350599
-0.786011 -0.915649 -4.000000 -0.460678 -1.360672 -5.348464
-0.783325 -0.916260 -4.000000 -0.427925 -1.344770 -5.342055
-0.786621 -0.911865 -4.000000 -0.356010 -1.359248 -5.319033
-0.782837 -0.915405 -4.000000 -0.249445 -1.363757 -5.282483
-0.786133 -0.919189 -4.000000 -0.160679 -1.354738 -5.257325
-0.787964 -0.917236 -4.000000 -0.097072 -1.337650 -5.250205
-0.779297 -0.918823 -4.000000 -0.090427 -1.298014 -5.253765
-0.776611 -0.927856 -4.000000 -0.143591 -1.243426 -5.287467
-0.788818 -0.923706 -4.000000 -0.229508 -1.194296 -5.342292
-0.783081 -0.912231 -4.000000 -0.309729 -1.162493 -5.392371
-0.780151 -0.914795 -4.000000 -0.351976 -1.166290 -5.461675
-0.785767 -0.914673 -4.000000 -0.370488 -1.194771 -5.514364
-0.786377 -0.922241 -4.000000 -0.352688 -1.232271 -5.550440
-0.784912 -0.916138 -4.000000 -0.315900 -1.267160 -5.586990
-0.783325 -0.916138 -4.000000 -0.274603 -1.290182 -5.615708
-0.781982 -0.919922 -4.000000 -0.248258 -1.306084 -5.638968
-0.786377 -0.918457 -4.000000 -0.239002 -1.312966 -5.677654
-0.779907 -0.914795 -4.000000 -0.241375 -1.331242 -5.711119
-0.786255 -0.926270 -4.000000 -0.243986 -1.354264 -5.747195
-0.791382 -0.914429 -4.000000 -0.236866 -1.360909 -5.778286
-0.786743 -0.920288 -4.000000 -0.240426 -1.359722 -5.785407
-0.780151 -0.910156 -4.000000 -0.251106 -1.367555 -5.825992
-0.790894 -0.917969 -4.000000 -0.255853 -1.388441 -5.868238
-0.782104 -0.920776 -4.000000 -0.258701 -1.407665 -5.894583
-0.783203 -0.917969 -4.000000 -0.247071 -1.418108 -5.912858
-0.779907 -0.919434 -4.000000 -0.231169 -1.396985 -5.944425
-0.787720 -0.919922 -4.000000 -0.228559 -1.371590 -5.957004
-0.792236 -0.924072 -4.000000 -0.240426 -1.361859 -5.977178
-0.784058 -0.918213 -4.000000 -0.251106 -1.348567 -6.005896
-0.790894 -0.919678 -4.000000 -0.245647 -1.324121 -6.029393
-0.786133 -0.917847 -4.000000 -0.218116 -1.293979 -6.041734
-0.791504 -0.918823 -4.000000 -0.186075 -1.271669 -6.057161
-0.782471 -0.916260 -4.000000 -0.164239 -1.252682 -6.086117
-0.784790 -0.919922 -4.000000 -0.167800 -1.259802 -6.108190
-0.784912 -0.923340 -4.000000 -0.200790 -1.303948 -6.153759
-0.792480 -0.917847 -4.000000 -0.253242 -1.359960 -6.182714
-0.789307 -0.913818 -4.000000 -0.303084 -1.420244 -6.219265
-0.791626 -0.921021 -4.000000 -0.356960 -1.488598 -6.260562
-0.782837 -0.921753 -4.000000 -0.400630 -1.534405 -6.288331
-0.780640 -0.920288 -4.000000 -0.429111 -1.545085 -6.315388
-0.782227 -0.920532 -4.000000 -0.444064 -1.533218 -6.316812
-0.786377 -0.912354 -4.000000 -0.458067 -1.506873 -6.330577
-0.785034 -0.921753 -4.000000 -0.477766 -1.488124 -6.339596
-0.781738 -0.912354 -4.000000 -0.499364 -1.480291 -6.345767
-0.785156 -0.919922 -4.000000 -0.521199 -1.489548 -6.353837
-0.784668 -0.916992 -4.000000 -0.543272 -1.518741 -6.351938
-0.783691 -0.922607 -4.000000 -0.573177 -1.551019 -6.368552
-0.784668 -0.925049 -4.000000 -0.595012 -1.570955 -6.377571
-0.784424 -0.912231 -4.000000 -0.599284 -1.553155 -6.364992
-0.787354 -0.916748 -4.000000 -0.613762 -1.508060 -6.337698
-0.787842 -0.926392 -4.000000 -0.624917 -1.452760 -6.333900
-0.785889 -0.919312 -4.000000 -0.637971 -1.407428 -6.332476
-0.785645 -0.924194 -4.000000 -0.664315 -1.400070 -6.330815
-0.786133 -0.922119 -4.000000 -0.691847 -1.423567 -6.340308
-0.784180 -0.920044 -4.000000 -0.718192 -1.463678 -6.343156
-0.789063 -0.916016 -4.000000 -0.736467 -1.491209 -6.345293
-0.781982 -0.918579 -4.000000 -0.749046 -1.500940 -6.336511
-0.784302 -0.924805 -4.000000 -0.757828 -1.493820 -6.308505
-0.782715 -0.919434 -4.000000 -0.776577 -1.471272 -6.282160
-0.783936 -0.922852 -4.000000 -0.786546 -1.428314 -6.260799
-0.792603 -0.918213 -4.000000 -0.785596 -1.404580 -6.242999
-0.791138 -0.921387 -4.000000 -0.785834 -1.389865 -6.241812
-0.789185 -0.921631 -4.000000 -0.794615 -1.402681 -6.223774
-0.783936 -0.918213 -4.000000 -0.795565 -1.412887 -6.198616
-0.789673 -0.920898 -4.000000 -0.802210 -1.420956 -6.179866
-0.788696 -0.922241 -4.000000 -0.807194 -1.420007 -6.165626
-0.789673 -0.914917 -4.000000 -0.813128 -1.419532 -6.144265
-0.784058 -0.915649 -4.000000 -0.822859 -1.420719 -6.136671
-0.783081 -0.907471 -4.000000 -0.830216 -1.422618 -6.121480
-0.786011 -0.916138 -4.000000 -0.845643 -1.420482 -6.117208
-0.778442 -0.918823 -4.000000 -0.856561 -1.416209 -6.098933
-0.786865 -0.917114 -4.000000 -0.874599 -1.387729 -6.064756
-0.790771 -0.918091 -4.000000 -0.891213 -1.351890 -6.024883
-0.783569 -0.918457 -4.000000 -0.882431 -1.316764 -5.990943
-0.782593 -0.918945 -4.000000 -0.853713 -1.275467 -5.961276
-0.778687 -0.913086 -4.000000 -0.808618 -1.234882 -5.923302
-0.784912 -0.915161 -4.000000 -0.771593 -1.203553 -5.886276
-0.781494 -0.917358 -4.000000 -0.755217 -1.187651 -5.844030
-0.786255 -0.914795 -4.000000 -0.749283 -1.185277 -5.801546
-0.774414 -0.914063 -4.000000 -0.723176 -1.171512 -5.761673
-0.787231 -0.920166 -4.000000 -0.676182 -1.135436 -5.722274
-0.781128 -0.921265 -4.000000 -0.656246 -1.105768 -5.680502
-0.782471 -0.911011 -4.000000 -0.654347 -1.091528 -5.644427
-0.781860 -0.915039 -4.000000 -0.665027 -1.106718 -5.624727
-0.784668 -0.917969 -4.000000 -0.685676 -1.148490 -5.590550
-0.782593 -0.915405 -4.000000 -0.694220 -1.204027 -5.566816
-0.777954 -0.918823 -4.000000 -0.685913 -1.266448 -5.545693
-0.781128 -0.919434 -4.000000 -0.664790 -1.313441 -5.515788
-0.778076 -0.915161 -4.000000 -0.623493 -1.316527 -5.489443
-0.784302 -0.918823 -4.000000 -0.590740 -1.290419 -5.474491
-0.777588 -0.922852 -4.000000 -0.588604 -1.270245 -5.459776
-0.791382 -0.922729 -4.000000 -0.602607 -1.276416 -5.455266
-0.782959 -0.915771 -4.000000 -0.589553 -1.286859 -5.459301
-0.785889 -0.917480 -4.000000 -0.529032 -1.274280 -5.459538
-0.788330 -0.916260 -4.000000 -0.430535 -1.255055 -5.439602
-0.782349 -0.917114 -4.000000 -0.328954 -1.294929 -5.378368
-0.779541 -0.916016 -4.000000 -0.237815 -1.329580 -5.305030
-0.779785 -0.921143 -4.000000 -0.180141 -1.277603 -5.265394
-0.784302 -0.916138 -4.000000 -0.174920 -1.186701 -5.260173
-0.782104 -0.914063 -4.000000 -0.248258 -1.134249 -5.288416
-0.785034 -0.917114 -4.000000 -0.348178 -1.132350 -5.352736
-0.779541 -0.919312 -4.000000 -0.464950 -1.167714 -5.427260
-0.792358 -0.912476 -4.000000 -0.554190 -1.261701 -5.507719
-0.787109 -0.918091 -4.000000 -0.586705 -1.388441 -5.584380
-0.784912 -0.915283 -4.000000 -0.544221 -1.444453 -5.637306
