-0.786133 -0.911377 -4.000000 -0.112262 -1.241052 -5.721325
-0.784058 -0.916626 -4.000000 -0.161866 -1.354976 -5.756214
-0.781006 -0.919922 -4.000000 -0.215505 -1.437570 -5.766894
-0.786621 -0.920776 -4.000000 -0.255141 -1.514468 -5.769268
-0.781860 -0.922485 -4.000000 -0.276501 -1.547696 -5.772591
-0.786255 -0.915405 -4.000000 -0.317561 -1.552680 -5.753366
-0.783691 -0.923706 -4.000000 -0.336786 -1.533456 -5.727258
-0.785767 -0.914673 -4.000000 -0.344143 -1.509009 -5.714442
-0.782227 -0.922974 -4.000000 -0.361944 -1.485988 -5.703525
-0.776611 -0.921509 -4.000000 -0.387814 -1.449437 -5.705186
-0.780396 -0.919800 -4.000000 -0.405140 -1.413124 -5.695930
-0.780151 -0.917358 -4.000000 -0.398732 -1.367317 -5.696167
-0.783936 -0.915771 -4.000000 -0.382593 -1.327444 -5.687623
-0.789063 -0.921631 -4.000000 -0.375947 -1.317951 -5.695692
-0.786621 -0.916748 -4.000000 -0.382118 -1.323884 -5.717290
-0.783936 -0.910645 -4.000000 -0.396121 -1.336700 -5.737701
-0.784180 -0.915771 -4.000000 -0.421042 -1.359010 -5.759299
-0.779907 -0.916504 -4.000000 -0.435045 -1.377286 -5.783271
-0.787476 -0.914795 -4.000000 -0.449522 -1.414785 -5.794188
-0.792603 -0.916260 -4.000000 -0.472545 -1.434485 -5.793477
-0.785522 -0.922119 -4.000000 -0.502687 -1.466526 -5.763571
-0.783813 -0.912109 -4.000000 -0.511231 -1.474833 -5.710645
-0.778809 -0.916992 -4.000000 -0.478953 -1.454896 -5.655344
-0.784180 -0.921265 -4.000000 -0.449997 -1.417396 -5.639205
-0.776611 -0.913086 -4.000000 -0.441690 -1.400308 -5.577022
-0.787231 -0.912720 -4.000000 -0.432671 -1.391289 -5.535488
-0.791992 -0.921509 -4.000000 -0.444776 -1.404342 -5.536674
-0.784180 -0.910400 -4.000000 -0.491532 -1.454896 -5.488969
-0.785278 -0.913574 -4.000000 -0.548493 -1.511383 -5.433906
-0.783569 -0.918091 -4.000000 -0.555376 -1.541762 -5.363178
-0.779053 -0.918213 -4.000000 -0.552291 -1.586145 -5.290790
-0.789429 -0.920410 -4.000000 -0.530693 -1.643344 -5.226233
-0.788574 -0.910889 -4.000000 -0.515503 -1.726651 -5.165949
-0.795166 -0.912720 -4.000000 -0.493430 -1.811856 -5.091898
-0.792480 -0.917725 -4.000000 -0.484174 -1.824197 -4.991266
-0.781494 -0.915771 -4.000000 -0.425076 -1.709325 -4.880903
-0.786743 -0.917480 -4.000000 -0.289318 -1.511383 -4.781220
-0.789185 -0.918701 -4.000000 -0.116771 -1.374675 -4.735651
-0.784912 -0.917114 -4.000000 -0.048892 -1.352840 -4.771252
-0.780518 -0.916748 -4.000000 -0.039161 -1.442080 -4.860254
-0.786255 -0.913452 -4.000000 -0.099446 -1.673012 -4.976551
-0.784668 -0.917480 -4.000000 -0.263922 -1.942868 -5.031851
-0.776855 -0.918091 -4.000000 -0.450472 -2.062250 -4.999098
-0.783936 -0.917725 -4.000000 -0.492956 -1.821824 -4.897517
-0.787354 -0.914185 -4.000000 -0.227847 -1.720480 -4.801394
-0.783325 -0.912720 -4.000000 0.016851 -1.304185 -4.718325
-0.784180 -0.907471 -4.000000 0.176344 -0.970010 -4.781220
-0.787598 -0.914429 -4.000000 0.114398 -0.882668 -4.860729
-0.787720 -0.916138 -4.000000 -0.095173 -1.022699 -4.990791
-0.778931 -0.924805 -4.000000 -0.365504 -1.241290 -5.131534
-0.784424 -0.921875 -4.000000 -0.575788 -1.425703 -5.226470
-0.784912 -0.917358 -4.000000 -0.701578 -1.484089 -5.231692
-0.784912 -0.921997 -4.000000 -0.704901 -1.464864 -5.248543
-0.785156 -0.922729 -4.000000 -0.644854 -1.321748 -5.243321
-0.785400 -0.919800 -4.000000 -0.566531 -1.170088 -5.275125
-0.784912 -0.919922 -4.000000 -0.485598 -1.085594 -5.329951
-0.783936 -0.913696 -4.000000 -0.419380 -1.086306 -5.393083
-0.789551 -0.918213 -4.000000 -0.360995 -1.138521 -5.470456
-0.786011 -0.919067 -4.000000 -0.300473 -1.201179 -5.539997
-0.795532 -0.912354 -4.000000 -0.237578 -1.256480 -5.632797
-0.783813 -0.916626 -4.000000 -0.213606 -1.318425 -5.735565
-0.780518 -0.919434 -4.000000 -0.244460 -1.403156 -5.849489
-0.787842 -0.913818 -4.000000 -0.302609 -1.465339 -5.952020
-0.784058 -0.921631 -4.000000 -0.321596 -1.486937 -6.028443
-0.784180 -0.916382 -4.000000 -0.265584 -1.464864 -6.128838
-0.778687 -0.925171 -4.000000 -0.196043 -1.378947 -6.173696
-0.784180 -0.918457 -4.000000 -0.189872 -1.342397 -6.214043
-0.785156 -0.917603 -4.000000 -0.210283 -1.345007 -6.301859
-0.789551 -0.920898 -4.000000 -0.285995 -1.393188 -6.406052
-0.787354 -0.915283 -4.000000 -0.365267 -1.460592 -6.491257
-0.782104 -0.917603 -4.000000 -0.410599 -1.455371 -6.547506
-0.784424 -0.916260 -4.000000 -0.423415 -1.395798 -6.587142
-0.782593 -0.912964 -4.000000 -0.435757 -1.358061 -6.579547
-0.782959 -0.921631 -4.000000 -0.418906 -1.300862 -6.575512
-0.785034 -0.916504 -4.000000 -0.460678 -1.315340 -6.553440
-0.784302 -0.916504 -4.000000 -0.558224 -1.464152 -6.560323
-0.782471 -0.911743 -4.000000 -0.563683 -1.419532 -6.583345
-0.789551 -0.913696 -4.000000 -0.592164 -1.399833 -6.602570
-0.781860 -0.923584 -4.000000 -0.668113 -1.449437 -6.589516
-0.786133 -0.920532 -4.000000 -0.750470 -1.442554 -6.573139
-0.782715 -0.918945 -4.000000 -0.824758 -1.456320 -6.551541
-0.783569 -0.922485 -4.000000 -0.861308 -1.445640 -6.515465
-0.779053 -0.918579 -4.000000 -0.855374 -1.384643 -6.453520
-0.782349 -0.920288 -4.000000 -0.827843 -1.327444 -6.379707
-0.778320 -0.919312 -4.000000 -0.791767 -1.275941 -6.309929
-0.778076 -0.919556 -4.000000 -0.744774 -1.215420 -6.244423
-0.781250 -0.913452 -4.000000 -0.706087 -1.165103 -6.207398
-0.788818 -0.917236 -4.000000 -0.659569 -1.183379 -6.194819
-0.779663 -0.923340 -4.000000 -0.643667 -1.219929 -6.206686
-0.781128 -0.924316 -4.000000 -0.673334 -1.257903 -6.204787
-0.782593 -0.916260 -4.000000 -0.726736 -1.289232 -6.201227
-0.788086 -0.912476 -4.000000 -0.800311 -1.286859 -6.174645
-0.784058 -0.915771 -4.000000 -0.852289 -1.276179 -6.131449
-0.786621 -0.916016 -4.000000 -0.921830 -1.261701 -6.094899
-0.780518 -0.916504 -4.000000 -0.948174 -1.254106 -6.049567
-0.781250 -0.921021 -4.000000 -0.947225 -1.256717 -6.017763
-0.779785 -0.915649 -4.000000 -0.953633 -1.246037 -5.983348
-0.779175 -0.915527 -4.000000 -0.963127 -1.224439 -5.941814
-0.783936 -0.921143 -4.000000 -0.963602 -1.206875 -5.920928
-0.778809 -0.918091 -4.000000 -0.974757 -1.213521 -5.917130
-0.789795 -0.919312 -4.000000 -1.017952 -1.260040 -5.910722
-0.779663 -0.914551 -4.000000 -1.083696 -1.307033 -5.894346
-0.787598 -0.916748 -4.000000 -1.136385 -1.331479 -5.855422
-0.785522 -0.914551 -4.000000 -1.167952 -1.329343 -5.814837
-0.787598 -0.917236 -4.000000 -1.185040 -1.309881 -5.777100
-0.779541 -0.913452 -4.000000 -1.190499 -1.289707 -5.735803
-0.787476 -0.909180 -4.000000 -1.184328 -1.288995 -5.710407
-0.788086 -0.916016 -4.000000 -1.177445 -1.322697 -5.688809
-0.789551 -0.908203 -4.000000 -1.171986 -1.392713 -5.672907
-0.777588 -0.921143 -4.000000 -1.162967 -1.477206 -5.654870
-0.782593 -0.921387 -4.000000 -1.167240 -1.564785 -5.611199
-0.791016 -0.919067 -4.000000 -1.124756 -1.594215 -5.536674
-0.792114 -0.920776 -4.000000 -1.031481 -1.574041 -5.428684
-0.781616 -0.920898 -4.000000 -0.887178 -1.506161 -5.299097
-0.779297 -0.914795 -4.000000 -0.703239 -1.400070 -5.186360
-0.779907 -0.921143 -4.000000 -0.525471 -1.326495 -5.095459
-0.790894 -0.916016 -4.000000 -0.407751 -1.322697 -5.049415
-0.781616 -0.926147 -4.000000 -0.333463 -1.392713 -5.012390
-0.780640 -0.920776 -4.000000 -0.297625 -1.487649 -5.024494
-0.781982 -0.919800 -4.000000 -0.294302 -1.570955 -5.037073
-0.785034 -0.918579 -4.000000 -0.301659 -1.575702 -5.010965
-0.789673 -0.916626 -4.000000 -0.282435 -1.486700 -4.972754
-0.782471 -0.922119 -4.000000 -0.281011 -1.348805 -4.943561
-0.781738 -0.916504 -4.000000 -0.281011 -1.221353 -4.960649
-0.781128 -0.920166 -4.000000 -0.286232 -1.167952 -5.017611
-0.789307 -0.917969 -4.000000 -0.323020 -1.183141 -5.061044
-0.785278 -0.907715 -4.000000 -0.316137 -1.219929 -5.113022
-0.788452 -0.921631 -4.000000 -0.258226 -1.301099 -5.154556
-0.785889 -0.916870 -4.000000 -0.234492 -1.386779 -5.170458
-0.780762 -0.922119 -4.000000 -0.190822 -1.386542 -5.180901
-0.788452 -0.913818 -4.000000 -0.129588 -1.316289 -5.177341
-0.781982 -0.919067 -4.000000 -0.129825 -1.232271 -5.194429
-0.779175 -0.918823 -4.000000 -0.132199 -1.161306 -5.200600
-0.787109 -0.916748 -4.000000 -0.147626 -1.165103 -5.265632
-0.785767 -0.917114 -4.000000 -0.188923 -1.208774 -5.302419
-0.788086 -0.921509 -4.000000 -0.210046 -1.220878 -5.324017
-0.785645 -0.921143 -4.000000 -0.171597 -1.272856 -5.397593
-0.788574 -0.918457 -4.000000 -0.146676 -1.179107 -5.384302
-0.785400 -0.919189 -4.000000 -0.295489 -1.110990 -5.387387
-0.785034 -0.921753 -4.000000 -0.372387 -1.137335 -5.440789
-0.782227 -0.917236 -4.000000 -0.355298 -1.146591 -5.528842
-0.786865 -0.915283 -4.000000 -0.346992 -1.135673 -5.580107
-0.784424 -0.925415 -4.000000 -0.375947 -1.195008 -5.641341
-0.783325 -0.921265 -4.000000 -0.393036 -1.339786 -5.691895
-0.785400 -0.918335 -4.000000 -0.410124 -1.474120 -5.755739
-0.785400 -0.918213 -4.000000 -0.359333 -1.528946 -5.791578
-0.783203 -0.916748 -4.000000 -0.265821 -1.524911 -5.798935
-0.787354 -0.923462 -4.000000 -0.196992 -1.524437 -5.799172
-0.789551 -0.917725 -4.000000 -0.128164 -1.524674 -5.799410
-0.783936 -0.913696 -4.000000 -0.087104 -1.493582 -5.813650
