-0.782837 -0.920288 -4.000000 -0.474443 -1.560987 -5.830739
-0.783325 -0.914795 -4.000000 -0.466611 -1.514943 -5.850438
-0.782593 -0.919678 -4.000000 -0.449048 -1.448488 -5.863966
-0.789307 -0.914795 -4.000000 -0.464238 -1.416921 -5.875359
-0.789551 -0.915039 -4.000000 -0.437181 -1.419295 -5.874647
-0.787354 -0.918091 -4.000000 -0.420330 -1.422380 -5.881767
-0.788574 -0.914185 -4.000000 -0.395409 -1.437333 -5.900754
-0.781128 -0.920654 -4.000000 -0.352688 -1.466763 -5.912147
-0.784424 -0.912720 -4.000000 -0.279824 -1.474833 -5.911197
-0.790527 -0.916504 -4.000000 -0.225236 -1.473408 -5.892447
-0.785400 -0.914795 -4.000000 -0.161629 -1.430687 -5.864916
-0.786377 -0.915283 -4.000000 -0.107752 -1.369216 -5.834536
-0.776489 -0.913330 -4.000000 -0.094461 -1.329106 -5.826941
-0.783203 -0.914307 -4.000000 -0.080221 -1.307982 -5.827178
-0.786255 -0.917114 -4.000000 -0.071914 -1.324834 -5.841656
-0.784180 -0.914551 -4.000000 -0.046519 -1.342634 -5.851388
-0.789429 -0.919189 -4.000000 0.022073 -1.365656 -5.859694
-0.779785 -0.915771 -4.000000 0.118433 -1.393425 -5.868950
-0.790161 -0.916504 -4.000000 0.211708 -1.418820 -5.855659
-0.795288 -0.911133 -4.000000 0.306644 -1.423567 -5.829315
-0.786743 -0.920410 -4.000000 0.380694 -1.431637 -5.797986
-0.785522 -0.922852 -4.000000 0.419855 -1.454184 -5.779236
-0.788330 -0.917236 -4.000000 0.440741 -1.470560 -5.732005
-0.780029 -0.916748 -4.000000 0.452133 -1.490260 -5.713255
-0.790283 -0.919067 -4.000000 0.456168 -1.530845 -5.703525
-0.781738 -0.922119 -4.000000 0.454507 -1.609642 -5.689047
-0.782227 -0.914917 -4.000000 0.482513 -1.675622 -5.673382
-0.786011 -0.916870 -4.000000 0.513842 -1.719056 -5.657243
-0.786987 -0.922241 -4.000000 0.537813 -1.742315 -5.609775
-0.784424 -0.919312 -4.000000 0.562971 -1.712885 -5.542133
-0.785156 -0.913086 -4.000000 0.588841 -1.615575 -5.486358
-0.785645 -0.913452 -4.000000 0.597148 -1.481715 -5.440314
-0.786499 -0.915527 -4.000000 0.555139 -1.373726 -5.379080
-0.780518 -0.927246 -4.000000 0.473494 -1.321985 -5.311201
-0.786865 -0.918945 -4.000000 0.371200 -1.434010 -5.287467
-0.787109 -0.922241 -4.000000 0.274840 -1.640021 -5.273226
-0.789307 -0.924805 -4.000000 0.200790 -1.834166 -5.232641
-0.792358 -0.923218 -4.000000 0.164952 -1.941206 -5.173781
-0.785400 -0.918335 -4.000000 0.153559 -1.955921 -5.121566
-0.787231 -0.920166 -4.000000 0.161629 -1.862884 -5.066741
-0.788086 -0.921143 -4.000000 0.152610 -1.723328 -5.024731
-0.789185 -0.922729 -4.000000 0.050316 -1.583297 -5.028054
-0.782471 -0.913330 -4.000000 -0.121044 -1.470560 -5.098544
-0.780029 -0.918945 -4.000000 -0.337973 -1.424279 -5.191107
-0.774414 -0.917969 -4.000000 -0.596911 -1.456083 -5.301470
-0.782471 -0.914551 -4.000000 -0.817875 -1.548408 -5.426785
-0.784790 -0.922485 -4.000000 -0.983775 -1.624832 -5.504158
-0.783813 -0.914185 -4.000000 -1.057588 -1.641208 -5.544032
-0.787354 -0.922119 -4.000000 -1.040500 -1.569294 -5.542133
-0.789185 -0.913574 -4.000000 -0.995642 -1.430212 -5.482323
-0.785400 -0.922607 -4.000000 -0.969772 -1.262650 -5.418242
-0.781616 -0.923706 -4.000000 -1.010595 -1.116923 -5.368637
-0.789185 -0.916626 -4.000000 -1.120958 -1.058063 -5.366264
-0.784790 -0.920776 -4.000000 -1.242951 -1.099835 -5.410172
-0.786865 -0.920654 -4.000000 -1.392475 -1.199518 -5.472117
-0.785400 -0.918823 -4.000000 -1.522301 -1.294691 -5.510804
-0.791992 -0.918335 -4.000000 -1.629104 -1.332191 -5.522196
-0.783691 -0.915649 -4.000000 -1.721429 -1.281875 -5.509855
-0.787720 -0.916260 -4.000000 -1.814941 -1.174597 -5.488257
-0.779053 -0.919312 -4.000000 -1.925067 -1.023649 -5.495615
-0.789307 -0.912964 -4.000000 -2.055604 -0.883618 -5.511279
-0.784058 -0.916382 -4.000000 -2.177360 -0.761625 -5.535962
-0.782959 -0.908447 -4.000000 -2.239068 -0.681404 -5.579633
-0.786743 -0.920898 -4.000000 -2.257344 -0.696356 -5.633509
-0.787476 -0.925171 -4.000000 -2.256631 -0.848491 -5.720850
-0.785645 -0.920044 -4.000000 -2.201094 -1.064708 -5.796799
-0.787231 -0.918579 -4.000000 -2.131316 -1.205451 -5.806530
-0.785278 -0.912964 -4.000000 -2.071506 -1.106718 -5.753366
-0.782471 -0.920532 -4.000000 -2.002203 -0.829030 -5.682401
-0.786987 -0.920410 -4.000000 -1.909403 -0.588129 -5.673857
-0.789673 -0.922119 -4.000000 -1.812805 -0.507671 -5.714917
-0.784790 -0.913330 -4.000000 -1.698882 -0.564870 -5.793002
-0.788818 -0.919312 -4.000000 -1.547933 -0.663366 -5.864916
-0.785767 -0.919067 -4.000000 -1.399596 -0.746435 -5.937304
-0.786865 -0.921021 -4.000000 -1.254343 -0.809568 -6.011829
-0.792358 -0.916504 -4.000000 -1.138284 -0.911624 -6.088727
-0.792358 -0.914795 -4.000000 -1.017003 -0.972858 -6.142841
-0.787231 -0.915039 -4.000000 -0.924440 -1.108379 -6.270293
-0.781250 -0.916748 -4.000000 -0.822147 -1.051892 -6.285720
-0.785767 -0.917969 -4.000000 -0.665739 -1.010358 -6.325593
-0.784790 -0.919312 -4.000000 -0.486073 -1.054978 -6.380181
-0.782349 -0.918335 -4.000000 -0.343906 -1.193347 -6.462064
-0.788330 -0.917358 -4.000000 -0.225236 -1.338125 -6.518788
-0.784546 -0.917969 -4.000000 -0.117958 -1.440655 -6.568155
-0.789185 -0.918457 -4.000000 -0.021361 -1.528709 -6.628202
-0.785767 -0.921997 -4.000000 0.089477 -1.548408 -6.650750
-0.788818 -0.912109 -4.000000 0.188448 -1.566921 -6.657870
-0.790283 -0.917847 -4.000000 0.311153 -1.566208 -6.670211
-0.786255 -0.917236 -4.000000 0.405140 -1.600623 -6.685638
-0.784058 -0.921265 -4.000000 0.460203 -1.653075 -6.719815
-0.785278 -0.922852 -4.000000 0.524522 -1.678945 -6.745923
-0.790283 -0.908813 -4.000000 0.576500 -1.669926 -6.752094
-0.785400 -0.912109 -4.000000 0.586943 -1.624832 -6.737141
-0.785645 -0.913818 -4.000000 0.585518 -1.564785 -6.725986
-0.787109 -0.920288 -4.000000 0.574126 -1.532032 -6.706999
-0.782104 -0.922241 -4.000000 0.543747 -1.551493 -6.683977
-0.786987 -0.915527 -4.000000 0.504111 -1.592316 -6.668787
-0.782349 -0.921021 -4.000000 0.486785 -1.628866 -6.632474
-0.782837 -0.916626 -4.000000 0.479902 -1.656398 -6.599721
-0.787354 -0.913940 -4.000000 0.493905 -1.673486 -6.546320
-0.781860 -0.915161 -4.000000 0.515978 -1.674673 -6.484137
-0.789795 -0.917358 -4.000000 0.523573 -1.670876 -6.416732
-0.785522 -0.920654 -4.000000 0.501025 -1.680844 -6.349565
-0.784668 -0.914429 -4.000000 0.424602 -1.712410 -6.301622
-0.783569 -0.919312 -4.000000 0.318036 -1.761777 -6.281923
-0.789673 -0.914673 -4.000000 0.233305 -1.776017 -6.246559
-0.783325 -0.920898 -4.000000 0.174920 -1.716682 -6.182477
-0.785034 -0.910645 -4.000000 0.145727 -1.593503 -6.101781
-0.782227 -0.918945 -4.000000 0.111787 -1.480766 -6.035089
-0.780640 -0.918091 -4.000000 0.056724 -1.427364 -5.979551
-0.776855 -0.927246 -4.000000 -0.019462 -1.422855 -5.936355
-0.777100 -0.918335 -4.000000 -0.103955 -1.442792 -5.922827
-0.783081 -0.915894 -4.000000 -0.177056 -1.453709 -5.905263
-0.778442 -0.918213 -4.000000 -0.242562 -1.431637 -5.830502
-0.784546 -0.916260 -4.000000 -0.294539 -1.392950 -5.772591
-0.786743 -0.916992 -4.000000 -0.356722 -1.366131 -5.715154
-0.783203 -0.916870 -4.000000 -0.419380 -1.374675 -5.661990
-0.782349 -0.915039 -4.000000 -0.464712 -1.401494 -5.605266
-0.789307 -0.917847 -4.000000 -0.504823 -1.434722 -5.556136
-0.785767 -0.912842 -4.000000 -0.499839 -1.488361 -5.503921
-0.787720 -0.916748 -4.000000 -0.479190 -1.547221 -5.445298
-0.781616 -0.916626 -4.000000 -0.431722 -1.564785 -5.371248
-0.779663 -0.917969 -4.000000 -0.349840 -1.522775 -5.301470
-0.781250 -0.919922 -4.000000 -0.252293 -1.464627 -5.231454
-0.781006 -0.917725 -4.000000 -0.172072 -1.439944 -5.164287
-0.779053 -0.918457 -4.000000 -0.126502 -1.511146 -5.122278
-0.779175 -0.916016 -4.000000 -0.102294 -1.693898 -5.098544
-0.781860 -0.908936 -4.000000 -0.130537 -1.908928 -5.075997
-0.790894 -0.916016 -4.000000 -0.179667 -2.111142 -5.054162
-0.787842 -0.920166 -4.000000 -0.185837 -2.247612 -5.024494
-0.786621 -0.916504 -4.000000 -0.121993 -2.314068 -4.954004
-0.790039 -0.915405 -4.000000 0.044857 -2.298166 -4.823467
-0.786255 -0.916748 -4.000000 0.189398 -2.185667 -4.701474
-0.786987 -0.916870 -4.000000 0.233780 -2.067471 -4.666348
-0.783936 -0.923828 -4.000000 0.200553 -1.956159 -4.721410
-0.786011 -0.916260 -4.000000 0.025633 -1.856476 -4.827264
-0.785034 -0.919189 -4.000000 -0.135047 -1.757505 -4.955665
-0.789063 -0.921753 -4.000000 -0.244698 -1.652126 -5.031851
-0.788696 -0.915405 -4.000000 -0.270093 -1.529658 -5.133196
-0.793579 -0.919434 -4.000000 -0.185837 -1.361859 -5.207246
-0.782837 -0.918457 -4.000000 -0.039398 -1.177208 -5.282720
-0.779297 -0.924561 -4.000000 0.054351 -1.061148 -5.280109
-0.783081 -0.911499 -4.000000 0.077373 -1.040500 -5.253527
-0.785034 -0.917358 -4.000000 0.027294 -1.092240 -5.282958
-0.787231 -0.916748 -4.000000 -0.037025 -1.148964 -5.373147
-0.786499 -0.919067 -4.000000 -0.069066 -1.162967 -5.455978
-0.788452 -0.915771 -4.000000 -0.142879 -1.139471 -5.508905
-0.786987 -0.920532 -4.000000 -0.225473 -1.077288 -5.553051
-0.784302 -0.918823 -4.000000 -0.306406 -1.012494 -5.590075
-0.788208 -0.911621 -4.000000 -0.383067 -0.973807 -5.616658
