-0.784790 -0.924316 -4.000000 -0.376659 -1.245799 -5.952732
-0.789551 -0.921875 -4.000000 -0.343669 -1.309644 -5.961988
-0.781372 -0.922363 -4.000000 -0.357672 -1.353552 -5.955817
-0.784912 -0.916138 -4.000000 -0.383542 -1.384643 -5.938254
-0.782104 -0.911133 -4.000000 -0.396833 -1.419532 -5.914757
-0.786987 -0.925171 -4.000000 -0.399918 -1.412887 -5.887701
-0.789185 -0.917114 -4.000000 -0.401580 -1.377286 -5.947748
-0.782104 -0.923950 -4.000000 -0.370014 -1.363520 -5.975991
-0.782471 -0.924072 -4.000000 -0.267720 -1.376336 -5.985247
-0.786743 -0.915527 -4.000000 -0.140743 -1.385118 -5.994503
-0.786133 -0.920410 -4.000000 -0.004035 -1.417634 -5.960801
-0.788330 -0.917847 -4.000000 0.149524 -1.452760 -5.918792
-0.783813 -0.917358 -4.000000 0.311390 -1.510196 -5.855185
-0.787598 -0.917969 -4.000000 0.456168 -1.576177 -5.809378
-0.780640 -0.914551 -4.000000 0.581958 -1.661619 -5.764046
-0.784912 -0.918945 -4.000000 0.715344 -1.746350 -5.737464
-0.783691 -0.918701 -4.000000 0.823333 -1.811856 -5.706610
-0.782715 -0.911743 -4.000000 0.893349 -1.856713 -5.676705
-0.783203 -0.912720 -4.000000 0.940342 -1.882820 -5.663177
-0.785278 -0.916382 -4.000000 0.919456 -1.898485 -5.639205
-0.783569 -0.916992 -4.000000 0.857510 -1.896586 -5.605740
-0.782227 -0.922363 -4.000000 0.791055 -1.842235 -5.585329
-0.780151 -0.915894 -4.000000 0.739790 -1.765812 -5.573462
-0.779663 -0.921509 -4.000000 0.690898 -1.693186 -5.572513
-0.782837 -0.918335 -4.000000 0.619933 -1.657585 -5.556848
-0.787109 -0.920288 -4.000000 0.565345 -1.629341 -5.548067
-0.789917 -0.915894 -4.000000 0.495092 -1.588519 -5.506769
-0.783691 -0.917358 -4.000000 0.389475 -1.556478 -5.477339
-0.785400 -0.920044 -4.000000 0.246122 -1.536778 -5.463811
-0.784912 -0.919434 -4.000000 0.066455 -1.567158 -5.441263
-0.786621 -0.917969 -4.000000 -0.146676 -1.649040 -5.416580
-0.778687 -0.912476 -4.000000 -0.367877 -1.735669 -5.390710
-0.786987 -0.920776 -4.000000 -0.544459 -1.749910 -5.404476
-0.786255 -0.916504 -4.000000 -0.717005 -1.691050 -5.415156
-0.786377 -0.919556 -4.000000 -0.842083 -1.572379 -5.420852
-0.788330 -0.918579 -4.000000 -0.919219 -1.419295 -5.386912
-0.783691 -0.915039 -4.000000 -1.017240 -1.277128 -5.355109
-0.788574 -0.914917 -4.000000 -1.138996 -1.182429 -5.335884
-0.792114 -0.919312 -4.000000 -1.279976 -1.162967 -5.329476
-0.784668 -0.914063 -4.000000 -1.449674 -1.183853 -5.347514
-0.785156 -0.922241 -4.000000 -1.606082 -1.245087 -5.358194
-0.789551 -0.913086 -4.000000 -1.773169 -1.326020 -5.372672
-0.787598 -0.911987 -4.000000 -1.963279 -1.379896 -5.395219
-0.789795 -0.919189 -4.000000 -2.121110 -1.345482 -5.415156
-0.788818 -0.912598 -4.000000 -2.211537 -1.248647 -5.426785
-0.786499 -0.924927 -4.000000 -2.255919 -1.112889 -5.440077
-0.790771 -0.922852 -4.000000 -2.282027 -0.981877 -5.461437
-0.786377 -0.913452 -4.000000 -2.263277 -0.885517 -5.504158
-0.778076 -0.913818 -4.000000 -2.222454 -0.823808 -5.569902
-0.779541 -0.915649 -4.000000 -2.174512 -0.792954 -5.658905
-0.785278 -0.920288 -4.000000 -2.157423 -0.818349 -5.754790
-0.781616 -0.915161 -4.000000 -2.196584 -0.921830 -5.872748
-0.780884 -0.922852 -4.000000 -2.292470 -1.031718 -5.993317
-0.782471 -0.918091 -4.000000 -2.392153 -1.110515 -6.068791
-0.777222 -0.922729 -4.000000 -2.451962 -1.174360 -6.086117
-0.776978 -0.917358 -4.000000 -2.455760 -1.228473 -6.070215
-0.781860 -0.922241 -4.000000 -2.396425 -1.243426 -6.052177
-0.783203 -0.919678 -4.000000 -2.237882 -1.216369 -6.057399
-0.782715 -0.917236 -4.000000 -1.990810 -1.194059 -6.073300
-0.787964 -0.917358 -4.000000 -1.709087 -1.171749 -6.071877
-0.780762 -0.917480 -4.000000 -1.393188 -1.140183 -6.078759
-0.784668 -0.921387 -4.000000 -1.069218 -1.129265 -6.085167
-0.781494 -0.917847 -4.000000 -0.783935 -1.118347 -6.094424
-0.783325 -0.914917 -4.000000 -0.532117 -1.087493 -6.122905
-0.777222 -0.917847 -4.000000 -0.299049 -1.077288 -6.149724
-0.784790 -0.916260 -4.000000 -0.098971 -1.127129 -6.192445
-0.781616 -0.923584 -4.000000 0.063845 -1.237018 -6.199091
-0.784424 -0.916626 -4.000000 0.194382 -1.354026 -6.207160
-0.780518 -0.918091 -4.000000 0.318273 -1.447538 -6.224724
-0.787354 -0.916992 -4.000000 0.456880 -1.518266 -6.248932
-0.787354 -0.913696 -4.000000 0.626816 -1.546984 -6.280261
-0.785034 -0.915771 -4.000000 0.811229 -1.579737 -6.297587
-0.786743 -0.912476 -4.000000 0.941054 -1.586383 -6.313963
-0.793945 -0.914917 -4.000000 1.026734 -1.603708 -6.312065
-0.783813 -0.918335 -4.000000 1.115025 -1.651888 -6.263410
-0.779297 -0.919067 -4.000000 1.162493 -1.706477 -6.219739
-0.778931 -0.919434 -4.000000 1.149202 -1.753945 -6.222825
-0.780884 -0.914551 -4.000000 1.122145 -1.784562 -6.251543
-0.783203 -0.923340 -4.000000 1.059012 -1.779815 -6.253917
-0.793335 -0.919800 -4.000000 0.953871 -1.703866 -6.232793
-0.793213 -0.917603 -4.000000 0.872463 -1.564785 -6.203838
-0.781372 -0.925171 -4.000000 0.813603 -1.446826 -6.169424
-0.779419 -0.915527 -4.000000 0.750945 -1.383219 -6.139993
-0.780029 -0.917358 -4.000000 0.661230 -1.393899 -6.107478
-0.778931 -0.917114 -4.000000 0.573651 -1.426178 -6.084455
-0.787720 -0.911255 -4.000000 0.471595 -1.470323 -6.064994
-0.787476 -0.925049 -4.000000 0.341770 -1.524199 -6.027019
-0.785522 -0.920654 -4.000000 0.208147 -1.586383 -5.978602
-0.779907 -0.919189 -4.000000 0.109651 -1.620559 -5.896719
-0.784302 -0.914185 -4.000000 0.063845 -1.593265 -5.823144
-0.780273 -0.913818 -4.000000 0.047468 -1.534168 -5.758112
-0.786011 -0.912476 -4.000000 0.028243 -1.476731 -5.691420
-0.788574 -0.916504 -4.000000 -0.005696 -1.429263 -5.640867
-0.782715 -0.923950 -4.000000 -0.051740 -1.411937 -5.596009
-0.780273 -0.920166 -4.000000 -0.118670 -1.371827 -5.542370
-0.788818 -0.916870 -4.000000 -0.185363 -1.304897 -5.486121
-0.780762 -0.927979 -4.000000 -0.249445 -1.214708 -5.422276
-0.783447 -0.915649 -4.000000 -0.327055 -1.124756 -5.363891
-0.784790 -0.918335 -4.000000 -0.384254 -1.048807 -5.301470
-0.783691 -0.918823 -4.000000 -0.435282 -0.982826 -5.233353
-0.778687 -0.917480 -4.000000 -0.509570 -0.980690 -5.166898
-0.789917 -0.918213 -4.000000 -0.595961 -1.171512 -5.104003
-0.788086 -0.914063 -4.000000 -0.714632 -1.557902 -5.010491
-0.789307 -0.917114 -4.000000 -0.803397 -1.955921 -4.932643
-0.788574 -0.920654 -4.000000 -0.747385 -2.135113 -4.862628
-0.784790 -0.916504 -4.000000 -0.557275 -2.098563 -4.783594
-0.783936 -0.916138 -4.000000 -0.311390 -1.943105 -4.698151
-0.785034 -0.917847 -4.000000 -0.046519 -1.664942 -4.658041
-0.784302 -0.921021 -4.000000 0.202451 -1.308457 -4.627661
-0.795410 -0.918579 -4.000000 0.375235 -0.997067 -4.628610
-0.785645 -0.914185 -4.000000 0.398969 -0.785596 -4.662075
-0.788818 -0.919434 -4.000000 0.385203 -0.656721 -4.732565
-0.779297 -0.916992 -4.000000 0.320409 -0.598810 -4.832486
-0.785278 -0.916992 -4.000000 0.092800 -0.623018 -4.964210
-0.784546 -0.915405 -4.000000 -0.197467 -0.880295 -5.048228
-0.787842 -0.914185 -4.000000 -0.247546 -1.011070 -5.192531
-0.778809 -0.909424 -4.000000 -0.271517 -0.977842 -5.264682
-0.781128 -0.913696 -4.000000 -0.338922 -1.035990 -5.391897
-0.778320 -0.916748 -4.000000 -0.615661 -1.289232 -5.396643
-0.788330 -0.916382 -4.000000 -0.786783 -1.475545 -5.438415
-0.785034 -0.923096 -4.000000 -0.794853 -1.455608 -5.497513
-0.790649 -0.911865 -4.000000 -0.752131 -1.356874 -5.521722
-0.787354 -0.918579 -4.000000 -0.629426 -1.257666 -5.546880
-0.784668 -0.924316 -4.000000 -0.491532 -1.100784 -5.571088
-0.779053 -0.920044 -4.000000 -0.438130 -0.980453 -5.558035
-0.782837 -0.918457 -4.000000 -0.418668 -0.957668 -5.602655
-0.785278 -0.918823 -4.000000 -0.416532 -0.974282 -5.648461
-0.787476 -0.914673 -4.000000 -0.458541 -1.056164 -5.661990
-0.785767 -0.919556 -4.000000 -0.462814 -1.242239 -5.689759
-0.784058 -0.922485 -4.000000 -0.450472 -1.413124 -5.740550
-0.792603 -0.919189 -4.000000 -0.479427 -1.495956 -5.773540
-0.785278 -0.920532 -4.000000 -0.616135 -1.473646 -5.698778
-0.779297 -0.924561 -4.000000 -0.757353 -1.517079 -5.717290
-0.775513 -0.911743 -4.000000 -0.650787 -1.544611 -5.730581
-0.783081 -0.921997 -4.000000 -0.541136 -1.457507 -5.721799
-0.789307 -0.921509 -4.000000 -0.427925 -1.389153 -5.754078
-0.778687 -0.917114 -4.000000 -0.364080 -1.341210 -5.774964
-0.774902 -0.918091 -4.000000 -0.334887 -1.328156 -5.757638
-0.788452 -0.915039 -4.000000 -0.308542 -1.356400 -5.780185
-0.783691 -0.916016 -4.000000 -0.337735 -1.377760 -5.788018
-0.778564 -0.916504 -4.000000 -0.349840 -1.400308 -5.810802
-0.784058 -0.914063 -4.000000 -0.362893 -1.420482 -5.820296
-0.782104 -0.907837 -4.000000 -0.344381 -1.416447 -5.830502
-0.785645 -0.921875 -4.000000 -0.334412 -1.392001 -5.836435
-0.783203 -0.920776 -4.000000 -0.313052 -1.368979 -5.847827
-0.779419 -0.923706 -4.000000 -0.304270 -1.353552 -5.843555
-0.786743 -0.920898 -4.000000 -0.287656 -1.344058 -5.842131
-0.789673 -0.917847 -4.000000 -0.289792 -1.343346 -5.827416
-0.784668 -0.916748 -4.000000 -0.293827 -1.354976 -5.823618
-0.784424 -0.915894 -4.000000 -0.327530 -1.373963 -5.831925
