-0.783936 -0.921997 -4.000000 -0.007120 -1.215420 -5.967684
-0.788086 -0.916260 -4.000000 -0.098022 -1.273331 -5.990943
-0.787720 -0.923218 -4.000000 -0.156645 -1.348805 -6.012541
-0.785645 -0.921875 -4.000000 -0.203163 -1.396036 -6.021323
-0.777344 -0.924683 -4.000000 -0.243274 -1.430925 -6.009931
-0.788086 -0.920288 -4.000000 -0.272704 -1.467475 -5.999488
-0.789551 -0.923218 -4.000000 -0.279824 -1.517554 -5.989045
-0.790039 -0.921265 -4.000000 -0.281248 -1.558139 -5.957953
-0.792969 -0.918213 -4.000000 -0.274128 -1.523013 -5.904552
-0.783813 -0.915283 -4.000000 -0.247071 -1.424042 -5.879394
-0.780151 -0.914795 -4.000000 -0.222625 -1.330530 -5.855659
-0.784912 -0.913208 -4.000000 -0.229745 -1.276416 -5.829790
-0.785645 -0.921143 -4.000000 -0.244935 -1.261701 -5.826704
-0.784302 -0.918457 -4.000000 -0.266770 -1.276891 -5.801783
-0.790405 -0.922974 -4.000000 -0.290030 -1.304659 -5.784457
-0.789063 -0.918335 -4.000000 -0.309017 -1.334090 -5.771641
-0.783569 -0.921875 -4.000000 -0.343669 -1.350704 -5.734616
-0.785156 -0.921387 -4.000000 -0.379982 -1.362333 -5.704474
-0.791504 -0.915771 -4.000000 -0.408700 -1.356637 -5.661515
-0.786499 -0.923218 -4.000000 -0.443826 -1.329106 -5.598620
-0.785889 -0.917480 -4.000000 -0.464950 -1.262888 -5.568241
-0.775269 -0.916260 -4.000000 -0.495092 -1.181480 -5.525044
-0.777954 -0.917236 -4.000000 -0.561547 -1.162255 -5.471643
-0.785400 -0.923340 -4.000000 -0.650787 -1.241527 -5.399491
-0.777344 -0.919189 -4.000000 -0.738603 -1.399596 -5.300995
-0.787598 -0.923462 -4.000000 -0.809330 -1.538677 -5.189445
-0.786987 -0.916748 -4.000000 -0.858934 -1.620559 -5.081693
-0.779663 -0.912720 -4.000000 -0.899994 -1.664230 -4.957326
-0.778809 -0.919189 -4.000000 -0.924915 -1.673486 -4.833198
-0.787231 -0.920288 -4.000000 -0.937731 -1.618423 -4.737312
-0.784180 -0.919067 -4.000000 -0.957905 -1.504737 -4.658515
-0.782227 -0.920776 -4.000000 -0.974519 -1.440418 -4.601553
-0.787354 -0.923828 -4.000000 -1.007747 -1.462016 -4.548864
-0.782593 -0.913818 -4.000000 -1.015342 -1.495481 -4.515162
-0.785522 -0.916504 -4.000000 -0.962652 -1.485988 -4.506380
-0.785889 -0.924683 -4.000000 -0.886466 -1.555291 -4.561443
-0.787109 -0.914551 -4.000000 -0.838761 -1.415023 -4.616743
-0.786377 -0.922485 -4.000000 -0.951260 -1.297065 -4.698626
-0.786133 -0.918213 -4.000000 -1.015342 -1.252682 -4.759385
-0.783569 -0.912476 -4.000000 -0.906640 -1.203790 -4.815634
-0.791138 -0.923340 -4.000000 -0.698967 -1.124993 -4.878530
-0.785889 -0.919556 -4.000000 -0.465662 -1.018902 -4.938577
-0.780762 -0.916626 -4.000000 -0.359333 -0.955532 -5.016187
-0.785278 -0.918701 -4.000000 -0.343669 -0.951972 -5.109699
-0.781982 -0.921631 -4.000000 -0.440978 -0.973570 -5.230031
-0.784424 -0.918213 -4.000000 -0.527133 -0.990421 -5.333273
-0.793457 -0.922852 -4.000000 -0.563920 -1.055452 -5.448384
-0.784058 -0.918823 -4.000000 -0.611389 -1.198806 -5.527655
-0.783081 -0.917847 -4.000000 -0.635123 -1.338362 -5.564918
-0.786133 -0.919067 -4.000000 -0.596673 -1.415972 -5.575123
-0.788208 -0.923340 -4.000000 -0.509570 -1.431874 -5.587228
-0.780884 -0.917603 -4.000000 -0.410124 -1.390339 -5.591500
-0.790894 -0.917480 -4.000000 -0.345567 -1.311305 -5.614996
-0.785156 -0.916870 -4.000000 -0.326106 -1.254343 -5.676705
-0.784180 -0.920410 -4.000000 -0.341770 -1.251258 -5.754078
-0.787354 -0.918823 -4.000000 -0.356960 -1.285672 -5.808429
-0.786377 -0.921021 -4.000000 -0.374286 -1.309406 -5.860881
-0.786987 -0.916138 -4.000000 -0.383067 -1.324121 -5.916893
-0.783081 -0.923950 -4.000000 -0.390899 -1.355213 -5.978127
-0.785645 -0.918213 -4.000000 -0.413921 -1.368979 -6.043396
-0.790283 -0.920410 -4.000000 -0.463763 -1.363757 -6.102019
-0.788086 -0.920654 -4.000000 -0.499127 -1.345245 -6.163252
-0.779297 -0.919312 -4.000000 -0.549680 -1.348093 -6.222825
-0.784424 -0.913452 -4.000000 -0.620408 -1.346906 -6.281685
-0.794556 -0.913086 -4.000000 -0.661230 -1.291843 -6.339359
-0.784058 -0.919067 -4.000000 -0.661705 -1.222777 -6.438330
-0.780640 -0.919922 -4.000000 -0.709647 -1.213521 -6.525434
-0.782593 -0.919556 -4.000000 -0.793191 -1.238204 -6.605417
-0.785522 -0.922241 -4.000000 -0.873175 -1.249834 -6.694657
-0.787231 -0.915771 -4.000000 -0.951023 -1.257666 -6.765385
-0.781982 -0.921631 -4.000000 -0.974994 -1.269771 -6.795527
-0.787842 -0.916138 -4.000000 -0.901418 -1.239866 -6.783660
-0.787964 -0.922241 -4.000000 -0.797701 -1.148490 -6.772030
-0.785767 -0.917114 -4.000000 -0.683777 -1.050468 -6.743787
-0.792725 -0.923950 -4.000000 -0.581484 -0.977367 -6.729309
-0.785767 -0.921875 -4.000000 -0.495329 -0.928238 -6.720053
-0.785400 -0.916992 -4.000000 -0.469934 -0.923254 -6.711034
-0.782471 -0.921753 -4.000000 -0.512892 -0.956007 -6.706287
-0.786377 -0.919556 -4.000000 -0.631325 -1.019377 -6.680417
-0.777100 -0.917603 -4.000000 -0.741926 -1.100784 -6.640544
-0.778320 -0.916260 -4.000000 -0.814077 -1.193347 -6.604468
-0.789673 -0.917603 -4.000000 -0.851577 -1.316527 -6.555576
-0.784790 -0.911377 -4.000000 -0.846593 -1.433061 -6.501700
-0.787476 -0.918701 -4.000000 -0.784410 -1.502601 -6.437855
-0.785645 -0.920654 -4.000000 -0.691372 -1.530133 -6.367365
-0.785522 -0.918579 -4.000000 -0.587655 -1.511146 -6.281210
-0.782227 -0.923584 -4.000000 -0.493193 -1.448725 -6.195531
-0.793701 -0.924683 -4.000000 -0.409412 -1.369453 -6.116497
-0.785645 -0.923096 -4.000000 -0.345330 -1.274280 -6.049329
-0.780518 -0.911865 -4.000000 -0.322545 -1.187413 -5.998775
-0.780884 -0.922607 -4.000000 -0.322783 -1.138521 -5.963412
-0.789063 -0.916016 -4.000000 -0.365741 -1.140183 -5.951070
-0.781860 -0.919556 -4.000000 -0.429349 -1.189075 -5.943238
-0.786133 -0.920288 -4.000000 -0.505297 -1.238916 -5.932795
-0.785278 -0.914795 -4.000000 -0.557987 -1.270720 -5.921640
-0.785767 -0.917847 -4.000000 -0.590740 -1.300150 -5.901466
-0.779297 -0.923218 -4.000000 -0.590740 -1.317713 -5.853761
-0.782959 -0.916382 -4.000000 -0.586231 -1.321036 -5.810802
-0.784302 -0.916260 -4.000000 -0.537813 -1.299201 -5.758112
-0.785034 -0.918091 -4.000000 -0.499601 -1.289232 -5.698066
-0.788574 -0.918091 -4.000000 -0.459016 -1.309406 -5.643240
-0.793579 -0.913086 -4.000000 -0.436469 -1.349517 -5.567054
-0.789551 -0.920654 -4.000000 -0.431247 -1.414073 -5.494428
-0.780029 -0.923584 -4.000000 -0.446674 -1.483377 -5.422751
-0.780762 -0.922241 -4.000000 -0.455931 -1.517554 -5.348464
-0.788086 -0.918823 -4.000000 -0.446437 -1.505687 -5.271091
-0.785034 -0.917603 -4.000000 -0.419143 -1.415023 -5.178528
-0.783936 -0.916016 -4.000000 -0.391137 -1.258853 -5.092610
-0.780762 -0.917725 -4.000000 -0.341058 -1.075389 -5.019510
-0.780151 -0.921875 -4.000000 -0.305220 -0.941766 -5.007168
-0.777832 -0.914917 -4.000000 -0.355298 -0.935833 -5.023307
-0.784302 -0.917725 -4.000000 -0.525471 -1.076101 -5.031139
-0.790527 -0.914185 -4.000000 -0.708461 -1.287096 -5.068639
-0.781982 -0.917725 -4.000000 -0.854425 -1.469136 -5.082168
-0.784912 -0.913452 -4.000000 -0.946988 -1.547696 -5.065079
-0.788208 -0.921875 -4.000000 -0.924678 -1.499991 -5.024257
-0.783447 -0.921631 -4.000000 -0.824045 -1.357824 -4.968956
-0.781250 -0.919067 -4.000000 -0.701578 -1.162730 -4.921725
-0.786743 -0.917358 -4.000000 -0.573177 -0.915421 -4.884463
-0.788452 -0.916260 -4.000000 -0.398969 -0.909013 -4.913181
-0.782227 -0.916992 -4.000000 -0.413921 -0.991845 -4.988181
-0.782593 -0.915771 -4.000000 -0.515978 -1.161543 -5.041582
-0.787109 -0.911255 -4.000000 -0.573889 -1.312017 -5.087626
-0.789307 -0.921997 -4.000000 -0.575788 -1.363995 -5.134145
-0.786499 -0.919678 -4.000000 -0.530456 -1.345957 -5.172832
-0.781372 -0.921387 -4.000000 -0.426975 -1.261938 -5.171645
-0.785645 -0.916016 -4.000000 -0.316375 -1.093427 -5.129161
-0.792847 -0.922241 -4.000000 -0.234967 -0.875074 -5.072436
-0.779053 -0.918701 -4.000000 -0.161391 -0.667401 -5.057484
-0.779663 -0.914673 -4.000000 -0.108465 -0.530693 -5.099494
-0.780762 -0.915649 -4.000000 -0.140743 -0.503161 -5.204635
-0.785889 -0.913086 -4.000000 -0.232831 -0.594300 -5.372197
-0.783203 -0.918091 -4.000000 -0.376422 -0.666689 -5.477576
-0.791016 -0.914063 -4.000000 -0.542797 -0.845643 -5.615946
-0.782471 -0.912109 -4.000000 -0.605930 -1.100310 -5.719189
-0.783936 -0.912476 -4.000000 -0.592164 -1.272381 -5.782559
-0.785278 -0.917358 -4.000000 -0.516927 -1.354026 -5.765470
-0.779175 -0.917358 -4.000000 -0.371438 -1.331004 -5.704474
-0.780518 -0.912598 -4.000000 -0.213132 -1.242951 -5.664838
-0.783691 -0.917114 -4.000000 -0.102056 -1.173173 -5.654395
-0.780518 -0.912720 -4.000000 -0.075949 -1.172224 -5.658905
-0.777954 -0.914429 -4.000000 -0.108939 -1.202366 -5.680502
-0.785400 -0.912109 -4.000000 -0.166138 -1.258141 -5.718239
-0.791504 -0.915527 -4.000000 -0.222151 -1.350704 -5.775438
-0.788208 -0.918213 -4.000000 -0.260837 -1.395798 -5.855659
-0.794800 -0.923340 -4.000000 -0.311628 -1.387017 -5.936355
-0.784180 -0.921265 -4.000000 -0.374998 -1.364469 -6.009456
-0.777710 -0.923706 -4.000000 -0.446437 -1.344533 -6.084218
-0.784180 -0.925781 -4.000000 -0.521911 -1.324121 -6.178205
-0.787109 -0.922119 -4.000000 -0.597860 -1.319612 -6.247746
