-0.788574 -0.913452 -4.000000 -0.327055 -1.389390 -5.822906
-0.790283 -0.917847 -4.000000 -0.272467 -1.404817 -5.824805
-0.781250 -0.921021 -4.000000 -0.237578 -1.400308 -5.839520
-0.778320 -0.918945 -4.000000 -0.213606 -1.389153 -5.850201
-0.781494 -0.922852 -4.000000 -0.187261 -1.386067 -5.868238
-0.786133 -0.925537 -4.000000 -0.148338 -1.385830 -5.874884
-0.785889 -0.920288 -4.000000 -0.116534 -1.403156 -5.901466
-0.778320 -0.916504 -4.000000 -0.065269 -1.436383 -5.894109
-0.783325 -0.923584 -4.000000 -0.018275 -1.468424 -5.887226
-0.782715 -0.910278 -4.000000 0.018038 -1.481241 -5.892447
-0.788086 -0.922852 -4.000000 0.053876 -1.488836 -5.909536
-0.782349 -0.921387 -4.000000 0.087816 -1.501415 -5.916893
-0.784058 -0.917603 -4.000000 0.090901 -1.531557 -5.938966
-0.783813 -0.918701 -4.000000 0.073813 -1.589231 -5.985247
-0.782715 -0.918579 -4.000000 0.046044 -1.649752 -6.039124
-0.781006 -0.912231 -4.000000 0.010206 -1.687252 -6.098221
-0.787598 -0.915039 -4.000000 -0.009494 -1.723802 -6.179392
-0.783447 -0.916992 -4.000000 -0.046993 -1.773169 -6.247034
-0.785278 -0.915894 -4.000000 -0.102768 -1.823485 -6.313014
-0.780762 -0.916382 -4.000000 -0.153084 -1.869055 -6.379944
-0.784058 -0.913452 -4.000000 -0.207910 -1.903706 -6.436906
-0.775757 -0.918091 -4.000000 -0.264872 -1.914387 -6.482950
-0.784668 -0.919922 -4.000000 -0.298099 -1.909877 -6.514516
-0.783203 -0.921509 -4.000000 -0.314001 -1.901808 -6.545371
-0.785889 -0.915039 -4.000000 -0.339397 -1.891365 -6.567206
-0.781616 -0.912109 -4.000000 -0.359096 -1.869767 -6.573377
-0.782593 -0.915771 -4.000000 -0.342007 -1.803074 -6.573377
-0.781616 -0.919556 -4.000000 -0.346754 -1.743502 -6.583582
-0.782227 -0.918091 -4.000000 -0.426738 -1.726888 -6.585956
-0.788818 -0.913940 -4.000000 -0.468510 -1.710986 -6.597348
-0.785645 -0.917847 -4.000000 -0.513842 -1.677046 -6.582870
-0.786987 -0.914673 -4.000000 -0.552054 -1.613914 -6.575038
-0.788574 -0.920898 -4.000000 -0.596911 -1.545560 -6.556763
-0.785522 -0.915161 -4.000000 -0.639632 -1.497855 -6.548456
-0.781250 -0.918091 -4.000000 -0.729347 -1.482427 -6.542759
-0.788452 -0.915039 -4.000000 -0.837811 -1.504500 -6.538962
-0.779297 -0.915283 -4.000000 -0.937731 -1.535117 -6.552253
-0.779541 -0.920532 -4.000000 -1.020326 -1.578076 -6.560085
-0.784302 -0.922729 -4.000000 -1.074440 -1.617237 -6.565782
-0.781250 -0.919189 -4.000000 -1.102446 -1.663518 -6.532554
-0.791260 -0.918213 -4.000000 -1.114075 -1.687252 -6.510956
-0.784302 -0.919434 -4.000000 -1.114313 -1.668502 -6.466099
-0.783569 -0.923828 -4.000000 -1.108854 -1.588756 -6.408662
-0.780151 -0.924438 -4.000000 -1.092952 -1.474120 -6.352650
-0.784180 -0.921509 -4.000000 -1.060674 -1.383219 -6.306131
-0.778809 -0.916016 -4.000000 -1.021750 -1.325546 -6.254391
-0.782349 -0.914307 -4.000000 -0.975943 -1.296590 -6.209059
-0.783936 -0.915405 -4.000000 -0.950548 -1.282350 -6.154708
-0.785522 -0.921265 -4.000000 -0.957905 -1.301099 -6.118632
-0.784302 -0.921875 -4.000000 -0.977367 -1.337887 -6.081607
-0.785767 -0.915894 -4.000000 -0.983063 -1.369928 -6.038886
-0.786255 -0.922119 -4.000000 -0.995880 -1.375150 -5.999725
-0.783203 -0.919189 -4.000000 -1.015104 -1.342634 -5.961751
-0.778442 -0.908691 -4.000000 -1.057588 -1.273805 -5.926862
-0.779907 -0.914673 -4.000000 -1.092240 -1.195483 -5.913570
-0.779907 -0.914795 -4.000000 -1.106006 -1.134012 -5.895295
-0.783569 -0.918823 -4.000000 -1.110753 -1.102446 -5.882242
-0.779541 -0.918213 -4.000000 -1.108854 -1.091291 -5.860881
-0.781982 -0.920654 -4.000000 -1.105531 -1.063047 -5.827178
-0.785400 -0.922729 -4.000000 -1.112177 -1.043823 -5.814125
-0.783936 -0.920288 -4.000000 -1.113601 -1.062098 -5.805106
-0.783325 -0.912598 -4.000000 -1.143980 -1.109803 -5.804157
-0.781006 -0.913818 -4.000000 -1.163205 -1.169138 -5.771641
-0.787842 -0.918579 -4.000000 -1.189075 -1.195720 -5.752654
-0.789917 -0.918823 -4.000000 -1.217556 -1.189075 -5.748382
-0.782104 -0.919556 -4.000000 -1.241290 -1.148490 -5.731056
-0.784180 -0.919189 -4.000000 -1.239154 -1.098886 -5.694031
-0.783081 -0.915405 -4.000000 -1.215657 -1.075863 -5.675756
-0.787109 -0.920532 -4.000000 -1.177445 -1.099835 -5.645613
-0.782104 -0.915527 -4.000000 -1.124518 -1.133537 -5.605978
-0.780396 -0.918213 -4.000000 -1.075151 -1.117161 -5.550202
-0.784546 -0.922852 -4.000000 -1.060199 -1.040025 -5.543794
-0.786743 -0.922729 -4.000000 -1.068506 -0.995168 -5.514364
-0.787964 -0.916748 -4.000000 -1.117635 -0.949124 -5.438415
-0.780640 -0.917969 -4.000000 -1.077762 -1.003475 -5.395219
-0.784302 -0.915771 -4.000000 -1.013680 -1.056164 -5.367925
-0.779419 -0.918579 -4.000000 -0.896672 -1.124756 -5.350125
-0.783936 -0.917236 -4.000000 -0.740502 -1.224913 -5.319033
-0.788574 -0.920288 -4.000000 -0.553478 -1.357586 -5.267530
-0.788086 -0.918335 -4.000000 -0.346754 -1.447538 -5.202736
-0.787598 -0.916748 -4.000000 -0.166376 -1.451336 -5.150996
-0.780151 -0.917358 -4.000000 -0.052927 -1.401257 -5.127025
-0.786987 -0.918213 -4.000000 -0.030854 -1.346194 -5.136044
-0.789673 -0.920898 -4.000000 -0.091613 -1.312966 -5.182562
-0.788330 -0.912476 -4.000000 -0.176581 -1.350941 -5.247594
-0.787598 -0.921631 -4.000000 -0.242799 -1.463203 -5.310252
-0.787109 -0.914429 -4.000000 -0.239714 -1.595164 -5.353922
-0.781372 -0.914063 -4.000000 -0.168037 -1.702442 -5.370536
-0.784912 -0.921753 -4.000000 -0.031092 -1.754182 -5.362941
-0.785400 -0.921143 -4.000000 0.154509 -1.771508 -5.362704
-0.779785 -0.919800 -4.000000 0.370251 -1.757267 -5.355584
-0.792114 -0.916504 -4.000000 0.562971 -1.719293 -5.359381
-0.790405 -0.918701 -4.000000 0.704189 -1.687252 -5.363416
-0.785400 -0.920044 -4.000000 0.783698 -1.679895 -5.393795
-0.785767 -0.916382 -4.000000 0.766134 -1.699119 -5.439364
-0.785889 -0.922974 -4.000000 0.676420 -1.769372 -5.505108
-0.785400 -0.914307 -4.000000 0.580297 -1.869529 -5.583905
-0.786133 -0.917236 -4.000000 0.510994 -1.983453 -5.652971
-0.779907 -0.920166 -4.000000 0.509570 -2.101411 -5.701151
-0.786011 -0.914551 -4.000000 0.549680 -2.184955 -5.725360
-0.784424 -0.916992 -4.000000 0.613050 -2.187091 -5.741024
-0.788574 -0.919678 -4.000000 0.651499 -2.118974 -5.746008
-0.783325 -0.918213 -4.000000 0.640819 -2.001491 -5.751230
-0.782715 -0.920044 -4.000000 0.610914 -1.851492 -5.762859
-0.784790 -0.918823 -4.000000 0.551816 -1.723802 -5.782559
-0.785400 -0.918579 -4.000000 0.481089 -1.676334 -5.804631
-0.781738 -0.916748 -4.000000 0.411073 -1.697695 -5.838809
-0.788452 -0.912476 -4.000000 0.362656 -1.731635 -5.866103
-0.784912 -0.922729 -4.000000 0.315425 -1.744688 -5.879394
-0.793823 -0.919434 -4.000000 0.268669 -1.738755 -5.879868
-0.784546 -0.917480 -4.000000 0.188923 -1.727125 -5.891735
-0.784790 -0.914673 -4.000000 0.091139 -1.742078 -5.913096
-0.787109 -0.916138 -4.000000 -0.026819 -1.777204 -5.928286
-0.789429 -0.912598 -4.000000 -0.116771 -1.798327 -5.929472
-0.780151 -0.913940 -4.000000 -0.178005 -1.785511 -5.931134
-0.784424 -0.917969 -4.000000 -0.243511 -1.750859 -5.937542
-0.784302 -0.915894 -4.000000 -0.297387 -1.715496 -5.920454
-0.783447 -0.914917 -4.000000 -0.349840 -1.677046 -5.902890
-0.775879 -0.916626 -4.000000 -0.400868 -1.633851 -5.899093
-0.786621 -0.918335 -4.000000 -0.457829 -1.607980 -5.901703
-0.784058 -0.916260 -4.000000 -0.519775 -1.615338 -5.893396
-0.780884 -0.923218 -4.000000 -0.578398 -1.641208 -5.873460
-0.781250 -0.916870 -4.000000 -0.632987 -1.661145 -5.874172
-0.782959 -0.911377 -4.000000 -0.688287 -1.688201 -5.868001
-0.782715 -0.916138 -4.000000 -0.762100 -1.744451 -5.848302
-0.784790 -0.914795 -4.000000 -0.837811 -1.769609 -5.816736
-0.791260 -0.911255 -4.000000 -0.894061 -1.732347 -5.786831
-0.785034 -0.913086 -4.000000 -0.956719 -1.670638 -5.731056
-0.783325 -0.915039 -4.000000 -1.031956 -1.632901 -5.680265
-0.787842 -0.928711 -4.000000 -1.122382 -1.598249 -5.633034
-0.788208 -0.921509 -4.000000 -1.213284 -1.587806 -5.594348
-0.784546 -0.918335 -4.000000 -1.292555 -1.600386 -5.571088
-0.785400 -0.912354 -4.000000 -1.338599 -1.612253 -5.547592
-0.788818 -0.920898 -4.000000 -1.345957 -1.603946 -5.507956
-0.783813 -0.916504 -4.000000 -1.333615 -1.588756 -5.475915
-0.783569 -0.915649 -4.000000 -1.290419 -1.570955 -5.444111
-0.785645 -0.923096 -4.000000 -1.245562 -1.542000 -5.422751
-0.784546 -0.923462 -4.000000 -1.216606 -1.503788 -5.402814
-0.782715 -0.920898 -4.000000 -1.208774 -1.477918 -5.382403
-0.781128 -0.916016 -4.000000 -1.226100 -1.462016 -5.386675
-0.787354 -0.911987 -4.000000 -1.279501 -1.464864 -5.394982
-0.784058 -0.920532 -4.000000 -1.378710 -1.520402 -5.403051
-0.786865 -0.914307 -4.000000 -1.355450 -1.690812 -5.458352
-0.784302 -0.908081 -4.000000 -1.317476 -1.873564 -5.478289
-0.783447 -0.909546 -4.000000 -1.434010 -1.981317 -5.414207
-0.785767 -0.915039 -4.000000 -1.298251 -1.929102 -5.333273
-0.784546 -0.913330 -4.000000 -1.134249 -1.748723 -5.348701
-0.782227 -0.911499 -4.000000 -0.968111 -1.579262 -5.428684
-0.784546 -0.923584 -4.000000 -0.893111 -1.457744 -5.470694
-0.781982 -0.925171 -4.000000 -0.933222 -1.380371 -5.484934
