-0.779663 -0.918091 -4.000000 -0.446200 -1.293979 -5.819346
-0.782593 -0.912476 -4.000000 -0.446674 -1.324834 -5.846403
-0.789917 -0.918213 -4.000000 -0.442640 -1.382033 -5.877969
-0.790894 -0.916626 -4.000000 -0.443826 -1.453709 -5.889836
-0.781372 -0.913208 -4.000000 -0.445250 -1.478393 -5.896008
-0.779663 -0.916748 -4.000000 -0.433621 -1.474358 -5.891498
-0.781128 -0.916382 -4.000000 -0.392323 -1.450387 -5.878444
-0.770630 -0.919434 -4.000000 -0.344143 -1.409801 -5.856846
-0.784302 -0.916016 -4.000000 -0.292403 -1.360435 -5.827178
-0.791504 -0.910034 -4.000000 -0.249207 -1.309881 -5.815074
-0.785400 -0.913452 -4.000000 -0.213369 -1.258378 -5.802021
-0.787231 -0.916138 -4.000000 -0.170173 -1.217318 -5.826467
-0.783691 -0.915039 -4.000000 -0.100158 -1.172461 -5.842369
-0.787354 -0.921387 -4.000000 -0.025870 -1.188125 -5.835011
-0.786377 -0.909790 -4.000000 0.036788 -1.244850 -5.824093
-0.792847 -0.915039 -4.000000 0.101107 -1.273093 -5.828840
-0.786499 -0.915771 -4.000000 0.179192 -1.266685 -5.837147
-0.780151 -0.917480 -4.000000 0.266058 -1.258853 -5.849489
-0.783691 -0.915894 -4.000000 0.336074 -1.259565 -5.850676
-0.788208 -0.923462 -4.000000 0.399444 -1.256717 -5.837859
-0.780884 -0.921875 -4.000000 0.445250 -1.257666 -5.832163
-0.781372 -0.920532 -4.000000 0.477529 -1.305372 -5.837384
-0.791992 -0.918457 -4.000000 0.488209 -1.418820 -5.828603
-0.786377 -0.921753 -4.000000 0.521437 -1.570481 -5.793951
-0.785522 -0.914551 -4.000000 0.575788 -1.675860 -5.755739
-0.788086 -0.925781 -4.000000 0.639395 -1.702442 -5.735565
-0.789063 -0.917603 -4.000000 0.691372 -1.671113 -5.704711
-0.786499 -0.911865 -4.000000 0.715344 -1.625544 -5.686436
-0.779053 -0.917358 -4.000000 0.695644 -1.565022 -5.653920
-0.784180 -0.920410 -4.000000 0.646752 -1.500703 -5.619268
-0.785034 -0.917969 -4.000000 0.572465 -1.498329 -5.594110
-0.785156 -0.915161 -4.000000 0.491294 -1.561936 -5.585092
-0.781494 -0.919800 -4.000000 0.422228 -1.632664 -5.572275
-0.788086 -0.914063 -4.000000 0.371438 -1.659009 -5.575361
-0.788086 -0.920654 -4.000000 0.315188 -1.643107 -5.564680
-0.784424 -0.919922 -4.000000 0.260600 -1.618423 -5.547355
-0.786865 -0.916260 -4.000000 0.207910 -1.591129 -5.521247
-0.780762 -0.917847 -4.000000 0.152372 -1.554342 -5.502022
-0.784668 -0.920288 -4.000000 0.079509 -1.552917 -5.480662
-0.789795 -0.920044 -4.000000 -0.001661 -1.573329 -5.474491
-0.787598 -0.920898 -4.000000 -0.049367 -1.550069 -5.450282
-0.783691 -0.921509 -4.000000 -0.117958 -1.538677 -5.435092
-0.782837 -0.910400 -4.000000 -0.176344 -1.513756 -5.434143
-0.783569 -0.915771 -4.000000 -0.267957 -1.490972 -5.442450
-0.790405 -0.916382 -4.000000 -0.367640 -1.426652 -5.448858
-0.788208 -0.916992 -4.000000 -0.493668 -1.352128 -5.462862
-0.786621 -0.926636 -4.000000 -0.629901 -1.307270 -5.475915
-0.781250 -0.915527 -4.000000 -0.766846 -1.310118 -5.491342
-0.788086 -0.917114 -4.000000 -0.919931 -1.349754 -5.519586
-0.788086 -0.915649 -4.000000 -1.024123 -1.390577 -5.546642
-0.787720 -0.914185 -4.000000 -1.064234 -1.403156 -5.538098
-0.785889 -0.915161 -4.000000 -1.096987 -1.385118 -5.505108
-0.790649 -0.923340 -4.000000 -1.129740 -1.339311 -5.467371
-0.787598 -0.922852 -4.000000 -1.156085 -1.265498 -5.438178
-0.779785 -0.923340 -4.000000 -1.164629 -1.178869 -5.425836
-0.788940 -0.915527 -4.000000 -1.197856 -1.104344 -5.422513
-0.780762 -0.916870 -4.000000 -1.235831 -1.016766 -5.416817
-0.781372 -0.916504 -4.000000 -1.305134 -0.966450 -5.436991
-0.777466 -0.919434 -4.000000 -1.434485 -1.000389 -5.481136
-0.785034 -0.921875 -4.000000 -1.610354 -1.121907 -5.535962
-0.786011 -0.918213 -4.000000 -1.764150 -1.218980 -5.573936
-0.790283 -0.919434 -4.000000 -1.890653 -1.223964 -5.585092
-0.784546 -0.913818 -4.000000 -1.977282 -1.106480 -5.548304
-0.783081 -0.918457 -4.000000 -1.971111 -0.875786 -5.515314
-0.786011 -0.921509 -4.000000 -1.894450 -0.649838 -5.492529
-0.784424 -0.918335 -4.000000 -1.786460 -0.546595 -5.505108
-0.786743 -0.917847 -4.000000 -1.711223 -0.599522 -5.538810
-0.777832 -0.917236 -4.000000 -1.683692 -0.738128 -5.598857
-0.789307 -0.912109 -4.000000 -1.672300 -0.883618 -5.674332
-0.789795 -0.917603 -4.000000 -1.691050 -0.999203 -5.749568
-0.785767 -0.913818 -4.000000 -1.729973 -1.076101 -5.802732
-0.786377 -0.918701 -4.000000 -1.735432 -1.102920 -5.839520
-0.787354 -0.915894 -4.000000 -1.692474 -1.076101 -5.840470
-0.785278 -0.921021 -4.000000 -1.584009 -0.998491 -5.844504
-0.780884 -0.917969 -4.000000 -1.450861 -0.952447 -5.862542
-0.791260 -0.920044 -4.000000 -1.327444 -0.956481 -5.889836
-0.785034 -0.913452 -4.000000 -1.220878 -1.023649 -5.930422
-0.784058 -0.919678 -4.000000 -1.151100 -1.118822 -5.966972
-0.786987 -0.916138 -4.000000 -1.084408 -1.191448 -5.991655
-0.789429 -0.912720 -4.000000 -0.988285 -1.219692 -6.011355
-0.782715 -0.922241 -4.000000 -0.849678 -1.228948 -6.037462
-0.784302 -0.921143 -4.000000 -0.690186 -1.207587 -6.055737
-0.786133 -0.917847 -4.000000 -0.545171 -1.224439 -6.067605
-0.784546 -0.912109 -4.000000 -0.434095 -1.295403 -6.098696
-0.788330 -0.918213 -4.000000 -0.371200 -1.369928 -6.121480
-0.791870 -0.921753 -4.000000 -0.308542 -1.421668 -6.153284
-0.785400 -0.919800 -4.000000 -0.237103 -1.469848 -6.187461
-0.789429 -0.923584 -4.000000 -0.166613 -1.533218 -6.210483
-0.787598 -0.922119 -4.000000 -0.101344 -1.575702 -6.228521
-0.786133 -0.921143 -4.000000 -0.007832 -1.615338 -6.252967
-0.780884 -0.917969 -4.000000 0.069066 -1.630053 -6.252492
-0.786865 -0.927368 -4.000000 0.134097 -1.620085 -6.261986
-0.786133 -0.912598 -4.000000 0.168512 -1.607268 -6.262223
-0.783936 -0.916748 -4.000000 0.205774 -1.623170 -6.270293
-0.783081 -0.916992 -4.000000 0.246359 -1.646192 -6.268869
-0.790894 -0.912354 -4.000000 0.319460 -1.649752 -6.272904
-0.783691 -0.915894 -4.000000 0.386153 -1.647616 -6.277413
-0.786743 -0.916870 -4.000000 0.446437 -1.632901 -6.274565
-0.785767 -0.916748 -4.000000 0.458541 -1.610829 -6.275989
-0.787476 -0.916382 -4.000000 0.451659 -1.605844 -6.271480
-0.774292 -0.908325 -4.000000 0.416770 -1.631240 -6.270530
-0.776367 -0.915894 -4.000000 0.363368 -1.671825 -6.280973
-0.788330 -0.917236 -4.000000 0.340346 -1.680844 -6.283822
-0.785034 -0.913574 -4.000000 0.341058 -1.675860 -6.275040
-0.781128 -0.916992 -4.000000 0.357197 -1.689388 -6.281210
-0.788452 -0.920166 -4.000000 0.367877 -1.701967 -6.266496
-0.780518 -0.916382 -4.000000 0.355298 -1.707189 -6.244185
-0.791870 -0.921143 -4.000000 0.313289 -1.691524 -6.221638
-0.784668 -0.915283 -4.000000 0.296913 -1.626730 -6.189597
-0.782837 -0.913452 -4.000000 0.279112 -1.569294 -6.149487
-0.786011 -0.913696 -4.000000 0.234730 -1.547933 -6.133585
-0.781006 -0.920044 -4.000000 0.187499 -1.529184 -6.112225
-0.783936 -0.914429 -4.000000 0.126977 -1.536066 -6.101544
-0.793335 -0.917603 -4.000000 0.020411 -1.553630 -6.088490
-0.779297 -0.917236 -4.000000 -0.074288 -1.625781 -6.083032
-0.782837 -0.917847 -4.000000 -0.150236 -1.662094 -6.048380
-0.783081 -0.919189 -4.000000 -0.196755 -1.635275 -6.013966
-0.787842 -0.916870 -4.000000 -0.234018 -1.585908 -5.963887
-0.784546 -0.922119 -4.000000 -0.256090 -1.534405 -5.902178
-0.789185 -0.921143 -4.000000 -0.260837 -1.443978 -5.830264
-0.777344 -0.923462 -4.000000 -0.263210 -1.354501 -5.766657
-0.776611 -0.917480 -4.000000 -0.284808 -1.310593 -5.711357
-0.790161 -0.918823 -4.000000 -0.332988 -1.315814 -5.680265
-0.787231 -0.917969 -4.000000 -0.414396 -1.357586 -5.646088
-0.785889 -0.914551 -4.000000 -0.497940 -1.394611 -5.608114
-0.787354 -0.918823 -4.000000 -0.573414 -1.420482 -5.548304
-0.786011 -0.918457 -4.000000 -0.627290 -1.422618 -5.443874
-0.777954 -0.916016 -4.000000 -0.712258 -1.416684 -5.311676
-0.790161 -0.918457 -4.000000 -0.953633 -1.554104 -5.165236
-0.786011 -0.924683 -4.000000 -1.237967 -1.956396 -5.090237
-0.780029 -0.921387 -4.000000 -1.287571 -2.602674 -5.061519
-0.786743 -0.913208 -4.000000 -1.015104 -3.022054 -4.940950
-0.777710 -0.921265 -4.000000 -0.502924 -3.052671 -4.712866
-0.787720 -0.925293 -4.000000 0.084256 -2.804413 -4.419039
-0.782837 -0.918457 -4.000000 0.495567 -2.390966 -4.198312
-0.781372 -0.921143 -4.000000 0.615898 -1.989861 -4.095069
-0.784912 -0.920410 -4.000000 0.549443 -1.555291 -4.137791
-0.782837 -0.916260 -4.000000 0.285520 -1.294217 -4.302268
-0.783569 -0.924072 -4.000000 -0.145252 -1.383694 -4.578294
-0.788086 -0.921143 -4.000000 -0.564870 -1.572379 -4.881615
-0.788452 -0.918579 -4.000000 -0.796039 -1.612015 -5.097120
-0.784180 -0.918335 -4.000000 -0.774204 -1.386305 -5.209145
-0.780518 -0.908691 -4.000000 -0.597148 -1.020563 -5.226470
-0.784546 -0.920166 -4.000000 -0.446437 -0.729347 -5.221724
-0.786743 -0.915894 -4.000000 -0.341533 -0.643192 -5.269666
-0.790649 -0.913940 -4.000000 -0.287419 -0.757115 -5.368400
-0.784546 -0.917236 -4.000000 -0.335836 -1.153474 -5.483747
-0.791382 -0.918823 -4.000000 -0.279112 -1.461779 -5.503209
-0.782227 -0.922241 -4.000000 -0.099208 -1.478867 -5.486358
-0.786499 -0.914185 -4.000000 0.006408 -1.359248 -5.463811
