-0.783447 -0.920410 -4.000000 -0.115110 -1.477443 -5.739838
-0.788818 -0.917725 -4.000000 -0.150474 -1.494294 -5.687148
-0.780273 -0.922241 -4.000000 -0.182752 -1.476257 -5.718477
-0.780273 -0.925781 -4.000000 -0.216929 -1.477206 -5.733904
-0.785278 -0.914795 -4.000000 -0.229508 -1.484089 -5.747907
-0.783081 -0.917114 -4.000000 -0.225236 -1.504025 -5.751467
-0.782471 -0.919312 -4.000000 -0.217641 -1.510434 -5.774964
-0.785522 -0.919922 -4.000000 -0.199841 -1.538677 -5.760249
-0.782837 -0.919434 -4.000000 -0.163765 -1.534880 -5.756689
-0.780151 -0.915405 -4.000000 -0.132673 -1.449437 -5.798223
-0.790039 -0.915894 -4.000000 -0.103243 -1.374200 -5.820058
-0.784424 -0.919800 -4.000000 -0.091851 -1.306084 -5.913570
-0.783325 -0.913574 -4.000000 -0.106328 -1.287571 -6.029155
-0.781982 -0.922119 -4.000000 -0.117721 -1.380846 -6.160167
-0.780396 -0.918335 -4.000000 -0.146914 -1.526810 -6.355261
-0.783813 -0.918701 -4.000000 -0.267008 -1.702679 -6.559848
-0.782349 -0.917847 -4.000000 -0.391849 -1.856238 -6.725749
-0.783691 -0.915894 -4.000000 -0.504585 -1.950225 -6.855100
-0.782104 -0.913452 -4.000000 -0.611626 -2.001728 -6.954545
-0.777954 -0.918335 -4.000000 -0.704663 -2.033769 -7.044260
-0.785645 -0.918945 -4.000000 -0.740739 -2.068895 -7.107155
-0.788818 -0.922241 -4.000000 -0.734331 -2.070794 -7.136110
-0.788696 -0.923584 -4.000000 -0.665977 -1.993896 -7.129940
-0.775513 -0.917603 -4.000000 -0.568193 -1.821824 -7.077487
-0.779541 -0.914795 -4.000000 -0.448810 -1.615813 -6.990858
-0.781738 -0.922119 -4.000000 -0.351738 -1.424991 -6.894023
-0.782593 -0.920532 -4.000000 -0.287894 -1.315577 -6.812378
-0.780762 -0.915894 -4.000000 -0.229271 -1.284486 -6.741651
-0.784790 -0.913208 -4.000000 -0.184888 -1.299913 -6.699879
-0.782471 -0.911011 -4.000000 -0.177293 -1.357349 -6.643392
-0.788940 -0.915649 -4.000000 -0.232831 -1.419058 -6.591652
-0.781494 -0.922607 -4.000000 -0.359096 -1.463678 -6.542759
-0.788574 -0.921265 -4.000000 -0.516690 -1.521114 -6.491494
-0.790161 -0.920288 -4.000000 -0.676182 -1.568345 -6.444026
-0.787231 -0.918579 -4.000000 -0.794378 -1.637173 -6.400830
-0.786499 -0.922119 -4.000000 -0.872226 -1.693423 -6.366890
-0.779785 -0.924316 -4.000000 -0.939156 -1.701967 -6.312777
-0.780640 -0.919800 -4.000000 -0.987573 -1.673724 -6.232556
-0.790771 -0.920044 -4.000000 -1.003237 -1.586383 -6.139044
-0.785034 -0.920532 -4.000000 -0.982351 -1.459880 -6.051465
-0.786011 -0.924072 -4.000000 -0.957193 -1.351890 -5.972431
-0.784790 -0.925293 -4.000000 -0.972620 -1.298726 -5.904077
-0.786621 -0.914063 -4.000000 -1.034804 -1.276179 -5.849251
-0.785034 -0.922241 -4.000000 -1.100310 -1.260989 -5.802258
-0.788574 -0.917236 -4.000000 -1.147778 -1.260514 -5.760486
-0.782227 -0.919556 -4.000000 -1.190736 -1.297777 -5.738413
-0.785767 -0.913086 -4.000000 -1.219929 -1.353314 -5.706847
-0.781128 -0.917847 -4.000000 -1.230847 -1.363757 -5.661515
-0.781128 -0.921021 -4.000000 -1.235831 -1.346906 -5.624253
-0.780273 -0.911377 -4.000000 -1.231321 -1.292793 -5.567054
-0.783936 -0.914429 -4.000000 -1.217081 -1.223489 -5.527893
-0.779785 -0.914185 -4.000000 -1.222302 -1.176970 -5.502022
-0.776855 -0.920532 -4.000000 -1.245562 -1.159407 -5.502260
-0.778320 -0.921387 -4.000000 -1.276891 -1.184328 -5.497038
-0.792603 -0.919556 -4.000000 -1.322697 -1.252207 -5.497276
-0.780151 -0.916626 -4.000000 -1.367792 -1.314865 -5.490630
-0.783325 -0.913330 -4.000000 -1.398409 -1.344295 -5.484697
-0.782227 -0.916138 -4.000000 -1.401732 -1.323647 -5.472830
-0.785156 -0.913208 -4.000000 -1.380134 -1.287334 -5.456216
-0.782959 -0.917847 -4.000000 -1.360909 -1.270008 -5.431295
-0.781006 -0.911987 -4.000000 -1.315814 -1.276891 -5.415868
-0.779297 -0.921631 -4.000000 -1.243663 -1.333140 -5.384064
-0.779175 -0.915283 -4.000000 -1.159407 -1.404817 -5.335410
-0.779419 -0.919189 -4.000000 -1.058063 -1.419058 -5.267056
-0.789673 -0.916016 -4.000000 -0.940580 -1.392713 -5.208433
-0.783813 -0.917236 -4.000000 -0.800311 -1.294691 -5.148623
-0.784912 -0.921631 -4.000000 -0.621594 -1.158933 -5.126313
-0.784668 -0.920166 -4.000000 -0.440978 -1.071829 -5.133670
-0.778442 -0.914307 -4.000000 -0.305932 -1.081322 -5.166186
-0.780029 -0.919312 -4.000000 -0.214081 -1.189550 -5.188733
-0.779175 -0.917847 -4.000000 -0.085443 -1.375150 -5.211043
-0.782349 -0.918701 -4.000000 0.125790 -1.567158 -5.235489
-0.786987 -0.918945 -4.000000 0.391849 -1.702204 -5.236913
-0.786377 -0.911987 -4.000000 0.680692 -1.765574 -5.266818
-0.791992 -0.914551 -4.000000 0.933934 -1.743976 -5.286755
-0.785278 -0.920532 -4.000000 1.110990 -1.655686 -5.311201
-0.781494 -0.916016 -4.000000 1.251733 -1.588281 -5.373859
-0.785767 -0.918335 -4.000000 1.337887 -1.514943 -5.424887
-0.788818 -0.912720 -4.000000 1.349280 -1.601810 -5.559459
-0.783691 -0.917358 -4.000000 1.331954 -1.788122 -5.644901
-0.782104 -0.918579 -4.000000 1.252682 -1.928864 -5.737701
-0.787964 -0.913208 -4.000000 1.140183 -2.006949 -5.839758
-0.794800 -0.916016 -4.000000 1.031718 -2.014070 -5.905738
-0.783203 -0.915771 -4.000000 0.912811 -1.935747 -5.946561
-0.778076 -0.917969 -4.000000 0.832590 -1.840811 -5.990706
-0.787598 -0.919800 -4.000000 0.819773 -1.749198 -6.008507
-0.783569 -0.916870 -4.000000 0.859884 -1.640733 -6.029155
-0.782471 -0.918335 -4.000000 0.905453 -1.567870 -6.053601
-0.785278 -0.921753 -4.000000 0.920406 -1.535117 -6.050279
-0.786133 -0.919800 -4.000000 0.869615 -1.529895 -6.051228
-0.787109 -0.916870 -4.000000 0.780850 -1.522063 -6.041260
-0.784668 -0.908569 -4.000000 0.652448 -1.534880 -6.012541
-0.781250 -0.906982 -4.000000 0.470883 -1.534642 -5.975991
-0.784058 -0.916016 -4.000000 0.291454 -1.575702 -5.985960
-0.790161 -0.921021 -4.000000 0.172309 -1.577126 -5.970057
-0.780640 -0.919067 -4.000000 0.083069 -1.551968 -5.918317
-0.781494 -0.923462 -4.000000 0.065743 -1.535354 -5.892922
-0.781616 -0.914673 -4.000000 0.055775 -1.541050 -5.872510
-0.781372 -0.921265 -4.000000 -0.000949 -1.540813 -5.855422
-0.786011 -0.922974 -4.000000 -0.027531 -1.488124 -5.844267
-0.783569 -0.913574 -4.000000 -0.044145 -1.421194 -5.846641
-0.785034 -0.914185 -4.000000 -0.067642 -1.406241 -5.877495
-0.783569 -0.916748 -4.000000 -0.141217 -1.423567 -5.886039
-0.788696 -0.923584 -4.000000 -0.208859 -1.459168 -5.887226
-0.784180 -0.918457 -4.000000 -0.255378 -1.483614 -5.891261
-0.785156 -0.919067 -4.000000 -0.300710 -1.508535 -5.893396
-0.786499 -0.914551 -4.000000 -0.330615 -1.521826 -5.904314
-0.786133 -0.919556 -4.000000 -0.354586 -1.504025 -5.901703
-0.783081 -0.918213 -4.000000 -0.368115 -1.473408 -5.886751
-0.784912 -0.917114 -4.000000 -0.361707 -1.449674 -5.879631
-0.777100 -0.920898 -4.000000 -0.355773 -1.454184 -5.857321
-0.783203 -0.922607 -4.000000 -0.380456 -1.478155 -5.837859
-0.777222 -0.919922 -4.000000 -0.413447 -1.504025 -5.829315
-0.786133 -0.921387 -4.000000 -0.437181 -1.539864 -5.809378
-0.788818 -0.917847 -4.000000 -0.463763 -1.575940 -5.788492
-0.787231 -0.917847 -4.000000 -0.476817 -1.595639 -5.771166
-0.786499 -0.917847 -4.000000 -0.483937 -1.606082 -5.734141
-0.782837 -0.914673 -4.000000 -0.468747 -1.594452 -5.684300
-0.782959 -0.910278 -4.000000 -0.454269 -1.589231 -5.638968
-0.780762 -0.914185 -4.000000 -0.462102 -1.552680 -5.580820
-0.785400 -0.913940 -4.000000 -0.516215 -1.491921 -5.517924
-0.783691 -0.921753 -4.000000 -0.577212 -1.400070 -5.436279
-0.786865 -0.921387 -4.000000 -0.642717 -1.284960 -5.372197
-0.781738 -0.917969 -4.000000 -0.705375 -1.208062 -5.303369
-0.781372 -0.918213 -4.000000 -0.820011 -1.209486 -5.242135
-0.774414 -0.912354 -4.000000 -0.972146 -1.279976 -5.177104
-0.781128 -0.920166 -4.000000 -1.148964 -1.337887 -5.092610
-0.784424 -0.916016 -4.000000 -1.264786 -1.424991 -5.023307
-0.784912 -0.916504 -4.000000 -1.311542 -1.496431 -4.945459
-0.784668 -0.916016 -4.000000 -1.279027 -1.574990 -4.874732
-0.786011 -0.921265 -4.000000 -1.160357 -1.673724 -4.828926
-0.791626 -0.927979 -4.000000 -0.998016 -1.746587 -4.786441
-0.787720 -0.919434 -4.000000 -0.830691 -1.778865 -4.758910
-0.785278 -0.922607 -4.000000 -0.706087 -1.713597 -4.751315
-0.784668 -0.922119 -4.000000 -0.683540 -1.549120 -4.786204
-0.787598 -0.919800 -4.000000 -0.756878 -1.318900 -4.897517
-0.786743 -0.916992 -4.000000 -0.878396 -1.153236 -5.044668
-0.784180 -0.921143 -4.000000 -1.045721 -1.131876 -5.183274
-0.788940 -0.919067 -4.000000 -1.199281 -1.216369 -5.265869
-0.792847 -0.925781 -4.000000 -1.236780 -1.370403 -5.374096
-0.780884 -0.916626 -4.000000 -1.195958 -1.590417 -5.493478
-0.790161 -0.915894 -4.000000 -1.127841 -1.585908 -5.491580
-0.784424 -0.917480 -4.000000 -1.006560 -1.381795 -5.463099
-0.790771 -0.915649 -4.000000 -0.850865 -1.227761 -5.461437
-0.786743 -0.919434 -4.000000 -0.708698 -1.084645 -5.486358
-0.786255 -0.918457 -4.000000 -0.608303 -1.034329 -5.546642
-0.782471 -0.918213 -4.000000 -0.518589 -1.070167 -5.587702
-0.791260 -0.921997 -4.000000 -0.486310 -1.127841 -5.607876
-0.782471 -0.916748 -4.000000 -0.509570 -1.157271 -5.637544
-0.785645 -0.915527 -4.000000 -0.605218 -1.190261 -5.671484
