-0.780396 -0.915161 -4.000000 -0.284334 -1.496193 -5.831925
-0.786011 -0.916992 -4.000000 -0.291691 -1.409801 -5.834536
-0.789307 -0.918701 -4.000000 -0.296675 -1.341922 -5.843555
-0.786011 -0.920776 -4.000000 -0.311865 -1.338362 -5.823381
-0.783691 -0.916138 -4.000000 -0.324682 -1.428314 -5.846878
-0.785767 -0.920898 -4.000000 -0.380931 -1.454421 -5.830739
-0.777954 -0.923706 -4.000000 -0.409649 -1.429026 -5.783033
-0.786011 -0.924927 -4.000000 -0.416532 -1.438994 -5.759299
-0.786499 -0.921387 -4.000000 -0.418194 -1.437095 -5.750043
-0.783203 -0.919678 -4.000000 -0.404665 -1.426178 -5.714679
-0.780518 -0.919922 -4.000000 -0.397070 -1.428314 -5.688334
-0.780151 -0.923584 -4.000000 -0.415345 -1.437095 -5.668635
-0.786743 -0.918335 -4.000000 -0.428637 -1.446352 -5.638968
-0.780151 -0.920288 -4.000000 -0.409887 -1.432111 -5.579395
-0.787109 -0.921021 -4.000000 -0.367165 -1.422380 -5.545218
-0.789917 -0.914551 -4.000000 -0.347466 -1.446114 -5.494190
-0.778320 -0.920288 -4.000000 -0.361469 -1.458219 -5.422513
-0.783691 -0.913574 -4.000000 -0.398732 -1.488836 -5.361754
-0.786499 -0.921509 -4.000000 -0.431010 -1.536066 -5.304555
-0.781128 -0.921387 -4.000000 -0.428399 -1.586620 -5.241186
-0.783447 -0.920654 -4.000000 -0.391611 -1.660907 -5.193243
-0.784058 -0.917114 -4.000000 -0.353874 -1.744214 -5.158354
-0.787842 -0.923706 -4.000000 -0.329903 -1.805685 -5.109936
-0.782227 -0.915527 -4.000000 -0.321833 -1.799277 -5.069826
-0.783813 -0.919189 -4.000000 -0.336311 -1.734720 -5.040396
-0.781616 -0.917236 -4.000000 -0.379270 -1.630053 -5.035886
-0.793213 -0.919556 -4.000000 -0.420567 -1.526573 -5.063655
-0.788208 -0.921143 -4.000000 -0.461152 -1.472696 -5.080743
-0.784546 -0.913452 -4.000000 -0.501975 -1.470086 -5.104715
-0.785278 -0.920532 -4.000000 -0.529032 -1.476019 -5.129398
-0.784790 -0.917114 -4.000000 -0.523335 -1.487886 -5.149809
-0.783203 -0.918823 -4.000000 -0.481801 -1.478393 -5.155980
-0.786743 -0.920654 -4.000000 -0.406801 -1.447064 -5.153132
-0.793457 -0.926880 -4.000000 -0.311390 -1.383456 -5.149809
-0.784302 -0.919678 -4.000000 -0.214556 -1.300625 -5.147199
-0.783203 -0.923584 -4.000000 -0.157119 -1.217793 -5.159066
-0.784546 -0.919067 -4.000000 -0.140980 -1.152050 -5.182088
-0.779297 -0.918457 -4.000000 -0.172546 -1.108142 -5.225521
-0.780396 -0.912354 -4.000000 -0.236866 -1.101734 -5.275362
-0.778931 -0.915161 -4.000000 -0.282435 -1.116211 -5.319745
-0.782471 -0.926147 -4.000000 -0.297862 -1.133062 -5.361754
-0.788940 -0.916748 -4.000000 -0.292403 -1.158695 -5.397118
-0.782959 -0.922852 -4.000000 -0.281486 -1.200942 -5.427498
-0.782349 -0.921997 -4.000000 -0.283859 -1.228948 -5.458827
-0.785278 -0.918823 -4.000000 -0.288131 -1.225388 -5.493241
-0.787598 -0.914795 -4.000000 -0.287419 -1.200230 -5.520535
-0.784424 -0.923096 -4.000000 -0.290742 -1.179581 -5.542845
-0.785034 -0.924194 -4.000000 -0.312815 -1.193822 -5.583430
-0.781372 -0.921143 -4.000000 -0.317799 -1.237018 -5.623778
-0.793945 -0.917969 -4.000000 -0.322545 -1.293742 -5.659854
-0.786377 -0.924072 -4.000000 -0.323732 -1.362808 -5.705898
-0.779053 -0.920776 -4.000000 -0.325394 -1.426178 -5.739600
-0.787598 -0.922607 -4.000000 -0.333938 -1.454184 -5.756689
-0.788818 -0.920898 -4.000000 -0.327767 -1.444690 -5.776151
-0.788086 -0.917480 -4.000000 -0.322071 -1.424991 -5.805343
-0.791992 -0.919800 -4.000000 -0.321596 -1.450861 -5.835723
-0.780762 -0.918457 -4.000000 -0.305457 -1.470798 -5.849489
-0.788696 -0.917725 -4.000000 -0.289792 -1.472222 -5.858508
-0.784180 -0.916504 -4.000000 -0.277925 -1.441130 -5.876071
-0.787109 -0.914063 -4.000000 -0.261549 -1.407903 -5.875122
-0.791016 -0.911865 -4.000000 -0.255853 -1.384406 -5.896482
-0.784790 -0.915405 -4.000000 -0.271517 -1.393899 -5.922827
-0.777100 -0.919922 -4.000000 -0.302846 -1.407903 -5.969108
-0.781494 -0.915161 -4.000000 -0.342719 -1.417871 -6.008981
-0.786499 -0.920410 -4.000000 -0.371675 -1.420956 -6.065231
-0.779053 -0.917236 -4.000000 -0.399444 -1.421668 -6.090626
-0.782104 -0.918945 -4.000000 -0.421754 -1.429026 -6.119345
-0.788940 -0.918701 -4.000000 -0.431959 -1.460117 -6.148300
-0.787964 -0.920410 -4.000000 -0.446912 -1.488836 -6.172746
-0.782715 -0.920288 -4.000000 -0.447624 -1.507111 -6.210958
-0.783936 -0.915894 -4.000000 -0.445013 -1.506399 -6.226623
-0.787354 -0.920776 -4.000000 -0.456168 -1.486225 -6.257477
-0.784302 -0.919067 -4.000000 -0.477766 -1.466763 -6.265783
-0.785767 -0.923096 -4.000000 -0.489396 -1.460355 -6.269106
-0.782227 -0.918457 -4.000000 -0.512418 -1.464152 -6.279075
-0.778687 -0.917114 -4.000000 -0.526895 -1.458456 -6.282872
-0.790283 -0.921875 -4.000000 -0.519538 -1.443266 -6.279549
-0.781250 -0.914673 -4.000000 -0.524047 -1.421194 -6.282872
-0.788208 -0.918701 -4.000000 -0.514079 -1.407428 -6.278600
-0.781372 -0.911621 -4.000000 -0.504348 -1.371827 -6.273616
-0.789795 -0.921509 -4.000000 -0.501500 -1.335751 -6.271480
-0.786987 -0.913086 -4.000000 -0.510282 -1.322460 -6.281923
-0.785889 -0.916748 -4.000000 -0.528557 -1.331479 -6.278837
-0.783325 -0.918945 -4.000000 -0.538288 -1.342871 -6.271242
-0.789063 -0.912598 -4.000000 -0.537813 -1.341922 -6.263648
-0.787598 -0.919922 -4.000000 -0.538762 -1.323172 -6.255103
-0.779663 -0.921509 -4.000000 -0.556088 -1.301574 -6.243711
-0.790527 -0.924072 -4.000000 -0.579110 -1.293979 -6.227572
-0.791992 -0.924316 -4.000000 -0.593113 -1.299201 -6.218553
-0.795288 -0.923462 -4.000000 -0.614949 -1.306558 -6.210958
-0.783936 -0.915527 -4.000000 -0.626341 -1.320561 -6.189360
-0.787842 -0.914429 -4.000000 -0.641531 -1.341210 -6.187224
-0.779663 -0.913574 -4.000000 -0.658857 -1.354026 -6.173933
-0.782349 -0.919434 -4.000000 -0.664315 -1.357112 -6.151860
-0.785522 -0.916992 -4.000000 -0.654347 -1.351890 -6.145689
-0.788696 -0.915039 -4.000000 -0.645328 -1.336938 -6.131449
-0.780029 -0.920410 -4.000000 -0.652686 -1.323172 -6.120769
-0.782471 -0.908203 -4.000000 -0.669537 -1.315103 -6.107952
-0.785278 -0.914795 -4.000000 -0.687337 -1.309644 -6.104392
-0.785034 -0.917847 -4.000000 -0.703239 -1.302049 -6.100595
-0.780640 -0.919800 -4.000000 -0.711784 -1.290656 -6.089914
-0.787842 -0.921021 -4.000000 -0.719378 -1.268821 -6.073538
-0.784180 -0.910645 -4.000000 -0.726261 -1.260040 -6.058823
-0.782349 -0.915894 -4.000000 -0.739790 -1.272856 -6.054551
-0.787231 -0.911133 -4.000000 -0.739078 -1.287096 -6.042921
-0.788330 -0.914917 -4.000000 -0.752606 -1.296353 -6.022747
-0.785278 -0.917358 -4.000000 -0.768983 -1.310356 -6.003285
-0.785889 -0.920654 -4.000000 -0.780850 -1.325783 -5.989282
-0.782349 -0.915527 -4.000000 -0.772543 -1.323647 -5.967921
-0.786865 -0.917236 -4.000000 -0.763049 -1.302286 -5.951545
-0.783203 -0.920654 -4.000000 -0.749995 -1.277603 -5.920454
-0.784424 -0.918701 -4.000000 -0.722464 -1.255055 -5.881292
-0.783325 -0.916870 -4.000000 -0.697306 -1.237492 -5.848064
-0.780273 -0.915161 -4.000000 -0.678556 -1.226575 -5.825043
-0.781250 -0.916748 -4.000000 -0.676657 -1.220166 -5.807242
-0.787476 -0.913696 -4.000000 -0.696594 -1.226812 -5.788255
-0.781494 -0.919556 -4.000000 -0.711309 -1.246274 -5.784932
-0.781860 -0.919312 -4.000000 -0.734806 -1.276653 -5.776151
-0.783936 -0.912109 -4.000000 -0.753793 -1.313679 -5.763097
-0.786499 -0.917969 -4.000000 -0.753318 -1.344295 -5.741261
-0.788086 -0.919678 -4.000000 -0.737654 -1.365893 -5.722986
-0.782593 -0.913818 -4.000000 -0.701815 -1.380134 -5.680265
-0.790039 -0.911621 -4.000000 -0.636072 -1.377048 -5.631135
-0.787842 -0.921265 -4.000000 -0.549917 -1.360909 -5.583193
-0.781982 -0.909668 -4.000000 -0.437655 -1.344295 -5.527893
-0.789307 -0.921875 -4.000000 -0.317087 -1.311780 -5.479001
-0.784668 -0.918701 -4.000000 -0.222863 -1.276653 -5.432482
-0.788452 -0.921021 -4.000000 -0.173733 -1.260040 -5.398542
-0.782593 -0.923218 -4.000000 -0.181803 -1.251495 -5.373147
-0.785278 -0.915894 -4.000000 -0.242324 -1.256717 -5.376470
-0.785156 -0.922607 -4.000000 -0.326818 -1.265736 -5.379792
-0.783936 -0.918701 -4.000000 -0.414159 -1.285910 -5.394507
-0.790894 -0.918945 -4.000000 -0.481563 -1.307508 -5.417529
-0.786499 -0.917969 -4.000000 -0.524997 -1.333378 -5.440314
-0.786987 -0.913086 -4.000000 -0.531405 -1.370878 -5.463573
-0.788208 -0.917114 -4.000000 -0.496516 -1.404342 -5.488257
-0.788940 -0.912964 -4.000000 -0.435045 -1.401257 -5.486595
-0.785278 -0.911011 -4.000000 -0.365029 -1.365893 -5.493003
-0.784790 -0.915283 -4.000000 -0.324444 -1.359960 -5.496801
-0.787842 -0.914185 -4.000000 -0.336549 -1.399596 -5.502022
-0.786255 -0.917603 -4.000000 -0.347229 -1.445402 -5.510092
-0.788086 -0.912720 -4.000000 -0.356485 -1.470798 -5.538573
-0.786011 -0.922241 -4.000000 -0.348890 -1.492396 -5.566104
-0.787598 -0.909668 -4.000000 -0.320884 -1.516367 -5.583668
-0.788696 -0.921997 -4.000000 -0.290030 -1.530370 -5.625677
-0.785645 -0.919312 -4.000000 -0.240900 -1.523725 -5.674806
-0.780762 -0.916992 -4.000000 -0.196992 -1.506873 -5.752179
-0.791382 -0.915771 -4.000000 -0.184176 -1.508060 -5.772828
-0.790649 -0.916504 -4.000000 -0.241375 -1.492870 -5.734616
-0.784546 -0.918457 -4.000000 -0.277688 -1.484326 -5.680740
