-0.778809 -0.915527 -4.000000 -0.628240 -1.680132 -5.637306
-0.786865 -0.916626 -4.000000 -0.541611 -1.635275 -5.628525
-0.781494 -0.915649 -4.000000 -0.498889 -1.602047 -5.622591
-0.785156 -0.922729 -4.000000 -0.424364 -1.558614 -5.632797
-0.785400 -0.913940 -4.000000 -0.364317 -1.521351 -5.644901
-0.790527 -0.920166 -4.000000 -0.329428 -1.490022 -5.662465
-0.781494 -0.914551 -4.000000 -0.297862 -1.455133 -5.693556
-0.784668 -0.920532 -4.000000 -0.275789 -1.448725 -5.712069
-0.787842 -0.924194 -4.000000 -0.278875 -1.490972 -5.707797
-0.779541 -0.926880 -4.000000 -0.270093 -1.524437 -5.704237
-0.774658 -0.913818 -4.000000 -0.263210 -1.543899 -5.705898
-0.783081 -0.912842 -4.000000 -0.271043 -1.557427 -5.741973
-0.782349 -0.912842 -4.000000 -0.266058 -1.562411 -5.794188
-0.782959 -0.923096 -4.000000 -0.257514 -1.568819 -5.897431
-0.788330 -0.920288 -4.000000 -0.277925 -1.591367 -6.037225
-0.786987 -0.911987 -4.000000 -0.315900 -1.646192 -6.174645
-0.791260 -0.914795 -4.000000 -0.378558 -1.728549 -6.302096
-0.786377 -0.914917 -4.000000 -0.458067 -1.814941 -6.439754
-0.784912 -0.920044 -4.000000 -0.538050 -1.896349 -6.574326
-0.778809 -0.917969 -4.000000 -0.580772 -1.954972 -6.689198
-0.785522 -0.916870 -4.000000 -0.585281 -1.980130 -6.800748
-0.784546 -0.923706 -4.000000 -0.555376 -1.981079 -6.885005
-0.782471 -0.912476 -4.000000 -0.537813 -1.959719 -6.923216
-0.786987 -0.914429 -4.000000 -0.534965 -1.910589 -6.934608
-0.783569 -0.913818 -4.000000 -0.523573 -1.849355 -6.937694
-0.782837 -0.919189 -4.000000 -0.488209 -1.814229 -6.902805
-0.785400 -0.917603 -4.000000 -0.479427 -1.791682 -6.880258
-0.783691 -0.919678 -4.000000 -0.498652 -1.776967 -6.835638
-0.784668 -0.923462 -4.000000 -0.539237 -1.750622 -6.790306
-0.788208 -0.927612 -4.000000 -0.581246 -1.710274 -6.720290
-0.779419 -0.924438 -4.000000 -0.621119 -1.663518 -6.677331
-0.780518 -0.915161 -4.000000 -0.654347 -1.598961 -6.628914
-0.784058 -0.912598 -4.000000 -0.684727 -1.537253 -6.561035
-0.781006 -0.920654 -4.000000 -0.721752 -1.517554 -6.482950
-0.784302 -0.920898 -4.000000 -0.737179 -1.520164 -6.390625
-0.791504 -0.916138 -4.000000 -0.748097 -1.491446 -6.332239
-0.783691 -0.920776 -4.000000 -0.773492 -1.480766 -6.279787
-0.787598 -0.917847 -4.000000 -0.805296 -1.506636 -6.224724
-0.782104 -0.920166 -4.000000 -0.831878 -1.531319 -6.167762
-0.787842 -0.917114 -4.000000 -0.846830 -1.523487 -6.104155
-0.788940 -0.916260 -4.000000 -0.884805 -1.462728 -6.056449
-0.788208 -0.919067 -4.000000 -0.946038 -1.391763 -6.020611
-0.777832 -0.912842 -4.000000 -0.997779 -1.302523 -5.985722
-0.778687 -0.914917 -4.000000 -1.018664 -1.240578 -5.942051
-0.785156 -0.915161 -4.000000 -1.025310 -1.231796 -5.916893
-0.782227 -0.921753 -4.000000 -1.047383 -1.276891 -5.924014
-0.793579 -0.914429 -4.000000 -1.066607 -1.382507 -5.929947
-0.786987 -0.916992 -4.000000 -1.086069 -1.498092 -5.949172
-0.781738 -0.914673 -4.000000 -1.069693 -1.605844 -5.979551
-0.780762 -0.919067 -4.000000 -1.036702 -1.696983 -5.972431
-0.785278 -0.915283 -4.000000 -0.981165 -1.772220 -5.951782
-0.780762 -0.921143 -4.000000 -0.904504 -1.819925 -5.910248
-0.782593 -0.916260 -4.000000 -0.815976 -1.824435 -5.853286
-0.784546 -0.916626 -4.000000 -0.711546 -1.785036 -5.797511
-0.783203 -0.916870 -4.000000 -0.599996 -1.735907 -5.761198
-0.783569 -0.913940 -4.000000 -0.481326 -1.707189 -5.732480
-0.781860 -0.919556 -4.000000 -0.359808 -1.680369 -5.714679
-0.787720 -0.915283 -4.000000 -0.239714 -1.683455 -5.715629
-0.780151 -0.918945 -4.000000 -0.116771 -1.743027 -5.711357
-0.779907 -0.916748 -4.000000 -0.024446 -1.831792 -5.711594
-0.778687 -0.915527 -4.000000 0.027057 -1.927203 -5.694268
-0.781494 -0.918823 -4.000000 0.000237 -1.968026 -5.666499
-0.778320 -0.926514 -4.000000 -0.072389 -1.886143 -5.602655
-0.781250 -0.921143 -4.000000 -0.178005 -1.706002 -5.568478
-0.786255 -0.918335 -4.000000 -0.289080 -1.494294 -5.538098
-0.781860 -0.916748 -4.000000 -0.395884 -1.343583 -5.519348
-0.781372 -0.919922 -4.000000 -0.480614 -1.339549 -5.497276
-0.790039 -0.918457 -4.000000 -0.545645 -1.467000 -5.451231
-0.782715 -0.923706 -4.000000 -0.608778 -1.694610 -5.393558
-0.781738 -0.917847 -4.000000 -0.635123 -1.924355 -5.348938
-0.780396 -0.919067 -4.000000 -0.597386 -2.050620 -5.300520
-0.783813 -0.922363 -4.000000 -0.459728 -2.019054 -5.280347
-0.784180 -0.918457 -4.000000 -0.234492 -1.890415 -5.247594
-0.782349 -0.921753 -4.000000 -0.005934 -1.752995 -5.243321
-0.784668 -0.920044 -4.000000 0.208385 -1.633613 -5.246407
-0.786133 -0.912109 -4.000000 0.427450 -1.534405 -5.243796
-0.778809 -0.916382 -4.000000 0.616847 -1.450149 -5.253053
-0.789551 -0.920654 -4.000000 0.758777 -1.402918 -5.263733
-0.788452 -0.915771 -4.000000 0.830928 -1.354264 -5.278923
-0.788574 -0.919922 -4.000000 0.860833 -1.304422 -5.299809
-0.790161 -0.917480 -4.000000 0.842558 -1.297539 -5.333985
-0.786865 -0.917114 -4.000000 0.793191 -1.241290 -5.358194
-0.783569 -0.922363 -4.000000 0.736704 -1.194771 -5.398305
-0.784546 -0.922852 -4.000000 0.745248 -1.131639 -5.440077
-0.782349 -0.921143 -4.000000 0.748097 -1.025785 -5.467608
-0.782227 -0.914429 -4.000000 0.724600 -0.928713 -5.512228
-0.783325 -0.914917 -4.000000 0.679743 -0.893111 -5.542608
-0.787964 -0.917603 -4.000000 0.596673 -0.930611 -5.613098
-0.784912 -0.919800 -4.000000 0.501263 -1.022937 -5.694980
-0.783691 -0.920898 -4.000000 0.457117 -1.124756 -5.745059
-0.781006 -0.922241 -4.000000 0.473731 -1.199993 -5.773303
-0.781738 -0.917114 -4.000000 0.444301 -1.323172 -5.813176
-0.781494 -0.917603 -4.000000 0.381643 -1.373251 -5.865153
-0.778687 -0.906616 -4.000000 0.271755 -1.341210 -5.881767
-0.791870 -0.918823 -4.000000 0.153084 -1.323647 -5.934219
-0.786255 -0.922729 -4.000000 0.165426 -1.329106 -5.999962
-0.782349 -0.919800 -4.000000 0.154746 -1.242714 -5.985010
-0.784424 -0.917969 -4.000000 0.087104 -1.225151 -6.003285
-0.786499 -0.925537 -4.000000 0.075237 -1.292081 -6.029393
-0.777100 -0.916260 -4.000000 0.087579 -1.371590 -6.061671
-0.782593 -0.910522 -4.000000 0.100870 -1.404342 -6.106053
-0.783447 -0.913330 -4.000000 0.099446 -1.421431 -6.130262
-0.783691 -0.918335 -4.000000 0.056724 -1.440418 -6.124566
-0.778687 -0.925903 -4.000000 -0.033940 -1.427839 -6.112462
-0.787354 -0.919189 -4.000000 -0.142879 -1.416684 -6.125753
-0.782593 -0.921875 -4.000000 -0.242324 -1.417634 -6.133822
-0.790649 -0.910522 -4.000000 -0.277688 -1.419532 -6.133348
-0.780396 -0.920532 -4.000000 -0.264397 -1.433061 -6.130737
-0.786255 -0.910278 -4.000000 -0.220489 -1.452997 -6.106291
-0.785034 -0.911377 -4.000000 -0.190584 -1.477443 -6.085642
-0.786377 -0.915039 -4.000000 -0.153797 -1.490497 -6.045532
-0.787354 -0.918457 -4.000000 -0.158543 -1.475545 -6.008507
-0.783203 -0.917603 -4.000000 -0.190110 -1.464152 -5.990232
-0.780762 -0.915039 -4.000000 -0.216454 -1.470798 -5.956054
-0.785156 -0.916992 -4.000000 -0.241138 -1.464152 -5.941576
-0.790283 -0.918091 -4.000000 -0.286944 -1.470798 -5.900042
-0.785156 -0.920532 -4.000000 -0.342957 -1.475545 -5.870612
-0.783203 -0.912354 -4.000000 -0.389713 -1.477918 -5.846641
-0.782959 -0.916992 -4.000000 -0.414396 -1.478630 -5.813888
-0.782227 -0.917236 -4.000000 -0.435282 -1.474833 -5.782559
-0.788818 -0.916748 -4.000000 -0.453557 -1.478393 -5.741499
-0.785522 -0.913574 -4.000000 -0.478241 -1.494057 -5.697353
-0.784546 -0.920288 -4.000000 -0.503636 -1.490260 -5.649173
-0.784302 -0.913086 -4.000000 -0.534490 -1.443978 -5.600756
-0.782593 -0.917603 -4.000000 -0.563209 -1.381320 -5.558509
-0.781860 -0.913208 -4.000000 -0.599047 -1.326257 -5.532402
-0.788574 -0.915283 -4.000000 -0.638683 -1.317713 -5.485171
-0.781250 -0.914307 -4.000000 -0.683065 -1.349517 -5.446010
-0.782471 -0.916382 -4.000000 -0.734568 -1.365181 -5.411358
-0.784302 -0.914795 -4.000000 -0.774204 -1.344770 -5.376232
-0.784912 -0.920532 -4.000000 -0.784172 -1.307982 -5.367925
-0.784912 -0.922607 -4.000000 -0.788919 -1.302761 -5.345140
-0.783936 -0.917725 -4.000000 -0.786071 -1.329580 -5.319983
-0.781494 -0.916870 -4.000000 -0.797463 -1.372302 -5.270853
-0.780029 -0.916992 -4.000000 -0.809093 -1.417634 -5.224809
-0.789917 -0.919067 -4.000000 -0.835200 -1.465102 -5.195616
-0.792114 -0.911865 -4.000000 -0.858934 -1.478867 -5.197278
-0.781494 -0.916016 -4.000000 -0.874599 -1.495956 -5.207721
-0.777222 -0.917114 -4.000000 -0.918982 -1.548645 -5.219587
-0.782715 -0.917725 -4.000000 -0.945089 -1.631477 -5.256850
-0.787109 -0.914063 -4.000000 -0.952684 -1.729499 -5.311676
-0.785034 -0.917236 -4.000000 -0.952447 -1.784087 -5.338020
-0.791382 -0.920776 -4.000000 -0.932273 -1.780527 -5.368875
-0.786377 -0.917236 -4.000000 -0.874836 -1.684167 -5.407086
-0.786133 -0.914917 -4.000000 -0.796277 -1.546035 -5.429396
-0.784912 -0.921143 -4.000000 -0.666214 -1.377760 -5.450520
-0.785278 -0.920166 -4.000000 -0.502449 -1.192635 -5.455504
-0.786987 -0.920532 -4.000000 -0.360757 -1.066607 -5.463099
-0.783325 -0.916626 -4.000000 -0.314476 -0.998965 -5.467371
-0.786621 -0.915405 -4.000000 -0.366691 -0.965263 -5.487308
