-0.787964 -0.916748 -4.000000 -0.338210 -1.401732 -5.454317
-0.788818 -0.918457 -4.000000 -0.275315 -1.378472 -5.461912
-0.786255 -0.915649 -4.000000 -0.220964 -1.356874 -5.458589
-0.772339 -0.914185 -4.000000 -0.237103 -1.339786 -5.473779
-0.781982 -0.913330 -4.000000 -0.265821 -1.358536 -5.483984
-0.785767 -0.917725 -4.000000 -0.352213 -1.431874 -5.476152
-0.791626 -0.914795 -4.000000 -0.495567 -1.518741 -5.446959
-0.793579 -0.918213 -4.000000 -0.636547 -1.543661 -5.402814
-0.783691 -0.914307 -4.000000 -0.737179 -1.561224 -5.347751
-0.790161 -0.914429 -4.000000 -0.798887 -1.575940 -5.271565
-0.780884 -0.918213 -4.000000 -0.795327 -1.593503 -5.173781
-0.783569 -0.908203 -4.000000 -0.732907 -1.602047 -5.101155
-0.787231 -0.919312 -4.000000 -0.697068 -1.631714 -5.022595
-0.785889 -0.924194 -4.000000 -0.699205 -1.639547 -4.941187
-0.786499 -0.917603 -4.000000 -0.767796 -1.674910 -4.855982
-0.782227 -0.918213 -4.000000 -0.819536 -1.810906 -4.813973
-0.779907 -0.919800 -4.000000 -0.876260 -1.940969 -4.770065
-0.785400 -0.920410 -4.000000 -0.915421 -1.977757 -4.707644
-0.783447 -0.925659 -4.000000 -0.892637 -1.913675 -4.597044
-0.790161 -0.923096 -4.000000 -0.808856 -1.749910 -4.496649
-0.787842 -0.922485 -4.000000 -0.678319 -1.519690 -4.426396
-0.786255 -0.922241 -4.000000 -0.517877 -1.280926 -4.430668
-0.783569 -0.913940 -4.000000 -0.403478 -1.075626 -4.485732
-0.785522 -0.917969 -4.000000 -0.385203 -0.944140 -4.568563
-0.784790 -0.924438 -4.000000 -0.435994 -0.916134 -4.646411
-0.783447 -0.922241 -4.000000 -0.526421 -1.003712 -4.722360
-0.788818 -0.914429 -4.000000 -0.644379 -1.154898 -4.783831
-0.790161 -0.916138 -4.000000 -0.737179 -1.279501 -4.848625
-0.783813 -0.911011 -4.000000 -0.763286 -1.310593 -4.915080
-0.793091 -0.914673 -4.000000 -0.725075 -1.240815 -4.945222
-0.786011 -0.917603 -4.000000 -0.667638 -1.092952 -4.990554
-0.788696 -0.910889 -4.000000 -0.553478 -0.906877 -5.023544
-0.786255 -0.920288 -4.000000 -0.401580 -0.769220 -5.074573
-0.781372 -0.917358 -4.000000 -0.289080 -0.733619 -5.148860
-0.788574 -0.918579 -4.000000 -0.252055 -0.788682 -5.234066
-0.791992 -0.919189 -4.000000 -0.276501 -0.883618 -5.324729
-0.784668 -0.924561 -4.000000 -0.313527 -0.954345 -5.433194
-0.781860 -0.923584 -4.000000 -0.331564 -1.005136 -5.540234
-0.785400 -0.916626 -4.000000 -0.322783 -1.055215 -5.633034
-0.779907 -0.921143 -4.000000 -0.315188 -1.092715 -5.742211
-0.783936 -0.912842 -4.000000 -0.301897 -1.134012 -5.849489
-0.787231 -0.915161 -4.000000 -0.283384 -1.173173 -5.935881
-0.778687 -0.917725 -4.000000 -0.264872 -1.198568 -6.022273
-0.784668 -0.911865 -4.000000 -0.245647 -1.209249 -6.098696
-0.787842 -0.914673 -4.000000 -0.252530 -1.200230 -6.168949
-0.790161 -0.911499 -4.000000 -0.273891 -1.175072 -6.225198
-0.782349 -0.914429 -4.000000 -0.297387 -1.145167 -6.281210
-0.785278 -0.919312 -4.000000 -0.343906 -1.135436 -6.358583
-0.787354 -0.916016 -4.000000 -0.403478 -1.131639 -6.433108
-0.782593 -0.925171 -4.000000 -0.446200 -1.106480 -6.492681
-0.787842 -0.916504 -4.000000 -0.468747 -1.065658 -6.536114
-0.787964 -0.915161 -4.000000 -0.490108 -1.018902 -6.583345
-0.783691 -0.909790 -4.000000 -0.504585 -1.025547 -6.618946
-0.785767 -0.914673 -4.000000 -0.516690 -1.083696 -6.640306
-0.783081 -0.920166 -4.000000 -0.531880 -1.157034 -6.672110
-0.784058 -0.916748 -4.000000 -0.537576 -1.195008 -6.724562
-0.780396 -0.913696 -4.000000 -0.554664 -1.178632 -6.770844
-0.786499 -0.918091 -4.000000 -0.583857 -1.133300 -6.801698
-0.783936 -0.915039 -4.000000 -0.635835 -1.129028 -6.828043
-0.785034 -0.914429 -4.000000 -0.762100 -1.181005 -6.848454
-0.781128 -0.919678 -4.000000 -0.804109 -1.189787 -6.864593
-0.787109 -0.917603 -4.000000 -0.755691 -1.170088 -6.893786
-0.785889 -0.914917 -4.000000 -0.702290 -1.300150 -6.922504
-0.783936 -0.920654 -4.000000 -0.779900 -1.577838 -6.934608
-0.785156 -0.911255 -4.000000 -0.947937 -1.814941 -6.838011
-0.791626 -0.917114 -4.000000 -1.195720 -1.856950 -6.576937
-0.784424 -0.916626 -4.000000 -1.329106 -1.719056 -6.390625
-0.785767 -0.916870 -4.000000 -1.256005 -1.378472 -6.234929
-0.785889 -0.916260 -4.000000 -1.089392 -1.021750 -6.092762
-0.780029 -0.920288 -4.000000 -0.931323 -0.776577 -5.982162
-0.776855 -0.920532 -4.000000 -0.750707 -0.673097 -5.914995
-0.788940 -0.916138 -4.000000 -0.613287 -0.680929 -5.874409
-0.787476 -0.917358 -4.000000 -0.535677 -0.741214 -5.839046
-0.783569 -0.914795 -4.000000 -0.431010 -0.823571 -5.824568
-0.782104 -0.910767 -4.000000 -0.318511 -0.917083 -5.803207
-0.778564 -0.916138 -4.000000 -0.256328 -1.025785 -5.813650
-0.782227 -0.921631 -4.000000 -0.250869 -1.150626 -5.841894
-0.785889 -0.921143 -4.000000 -0.299286 -1.274280 -5.864916
-0.781494 -0.914795 -4.000000 -0.372862 -1.332903 -5.886989
-0.786621 -0.915649 -4.000000 -0.454032 -1.355213 -5.903365
-0.785400 -0.914673 -4.000000 -0.522149 -1.351890 -5.901229
-0.787231 -0.912598 -4.000000 -0.553952 -1.328631 -5.924251
-0.781128 -0.915649 -4.000000 -0.559648 -1.335276 -5.949883
-0.788086 -0.922485 -4.000000 -0.562259 -1.374438 -5.965548
-0.784180 -0.919922 -4.000000 -0.557750 -1.421431 -5.959852
-0.778076 -0.925049 -4.000000 -0.524285 -1.456795 -5.930184
-0.784546 -0.922363 -4.000000 -0.485124 -1.472934 -5.907162
-0.780518 -0.918701 -4.000000 -0.449285 -1.459880 -5.876071
-0.784180 -0.918213 -4.000000 -0.427213 -1.462016 -5.826704
-0.781982 -0.916016 -4.000000 -0.415820 -1.486462 -5.784220
-0.787842 -0.922852 -4.000000 -0.415345 -1.512332 -5.734379
-0.785156 -0.912109 -4.000000 -0.417482 -1.509959 -5.665313
-0.791748 -0.919189 -4.000000 -0.431247 -1.484801 -5.585566
-0.788208 -0.914185 -4.000000 -0.446674 -1.465576 -5.502497
-0.788208 -0.914795 -4.000000 -0.466611 -1.443741 -5.422276
-0.783691 -0.917358 -4.000000 -0.498652 -1.423330 -5.364128
-0.785767 -0.918579 -4.000000 -0.521911 -1.418583 -5.307404
-0.786133 -0.916992 -4.000000 -0.573889 -1.418820 -5.247594
-0.785278 -0.920776 -4.000000 -0.647939 -1.417871 -5.190632
-0.778442 -0.918579 -4.000000 -0.701341 -1.417159 -5.127025
-0.779785 -0.917969 -4.000000 -0.735992 -1.424516 -5.091187
-0.787476 -0.920654 -4.000000 -0.773967 -1.470798 -5.060807
-0.786621 -0.915039 -4.000000 -0.822384 -1.539864 -5.006693
-0.789307 -0.913818 -4.000000 -0.921592 -1.609404 -4.908672
-0.784912 -0.916626 -4.000000 -0.893586 -1.725464 -4.815160
-0.781982 -0.916748 -4.000000 -0.765422 -1.740179 -4.704559
-0.781982 -0.913574 -4.000000 -0.670724 -1.703866 -4.635256
-0.785889 -0.921753 -4.000000 -0.601183 -1.604895 -4.568089
-0.788940 -0.917236 -4.000000 -0.556563 -1.485038 -4.532013
-0.787842 -0.918579 -4.000000 -0.572227 -1.429975 -4.533674
-0.781738 -0.924805 -4.000000 -0.619458 -1.447538 -4.563579
-0.781738 -0.916504 -4.000000 -0.663129 -1.507823 -4.629085
-0.786011 -0.917847 -4.000000 -0.721989 -1.587094 -4.726395
-0.782471 -0.920776 -4.000000 -0.795327 -1.668977 -4.821805
-0.781250 -0.923218 -4.000000 -0.892162 -1.720954 -4.902264
-0.787231 -0.916138 -4.000000 -0.940580 -1.682031 -4.946409
-0.784302 -0.911133 -4.000000 -0.929187 -1.539626 -4.959700
-0.785889 -0.925537 -4.000000 -0.877210 -1.335514 -4.946646
-0.781616 -0.920898 -4.000000 -0.771831 -1.104819 -4.921488
-0.783203 -0.926025 -4.000000 -0.628002 -0.897621 -4.900127
-0.782471 -0.918823 -4.000000 -0.376659 -0.776103 -4.960886
-0.779541 -0.921265 -4.000000 -0.402766 -0.583145 -4.887074
-0.787354 -0.921143 -4.000000 -0.578398 -0.703951 -5.005981
-0.780151 -0.920044 -4.000000 -0.622544 -0.835438 -5.098307
-0.783325 -0.919800 -4.000000 -0.743587 -0.880532 -5.205822
-0.785034 -0.919556 -4.000000 -0.730533 -0.955769 -5.319033
-0.784912 -0.926514 -4.000000 -0.598335 -0.989234 -5.425836
-0.786621 -0.919312 -4.000000 -0.445013 -1.003237 -5.519111
-0.787109 -0.925049 -4.000000 -0.444776 -0.992557 -5.570614
-0.781860 -0.917969 -4.000000 -0.474681 -0.981639 -5.615708
-0.782837 -0.913940 -4.000000 -0.433858 -0.900706 -5.627575
-0.786987 -0.917603 -4.000000 -0.305694 -0.773255 -5.629949
-0.791504 -0.915039 -4.000000 -0.065743 -0.632987 -5.636594
-0.785645 -0.916138 -4.000000 0.198416 -0.470408 -5.644427
-0.781006 -0.917847 -4.000000 0.432671 -0.374760 -5.650835
-0.778320 -0.915283 -4.000000 0.539237 -0.393748 -5.658905
-0.784058 -0.920532 -4.000000 0.467086 -0.521911 -5.710170
-0.784668 -0.919556 -4.000000 0.283859 -0.675233 -5.832163
-0.787720 -0.921997 -4.000000 0.082120 -0.793903 -5.986909
-0.784302 -0.922607 -4.000000 -0.063607 -0.853950 -6.105579
-0.784424 -0.914673 -4.000000 -0.202214 -0.904029 -6.197192
-0.786499 -0.916992 -4.000000 -0.316849 -0.941766 -6.267682
-0.787231 -0.916260 -4.000000 -0.382355 -0.948886 -6.334375
-0.782104 -0.920532 -4.000000 -0.391137 -0.914235 -6.382555
-0.785522 -0.916260 -4.000000 -0.360520 -0.845169 -6.423615
-0.781494 -0.916138 -4.000000 -0.329428 -0.784647 -6.469421
-0.789673 -0.916626 -4.000000 -0.304033 -0.735043 -6.541098
-0.787109 -0.919556 -4.000000 -0.273416 -0.688287 -6.630813
-0.783813 -0.918701 -4.000000 -0.248258 -0.666214 -6.740227
-0.778931 -0.915894 -4.000000 -0.256090 -0.707274 -6.829941
