-0.779053 -0.923828 -4.000000 -0.201977 -1.382507 -5.675044
-0.782959 -0.918945 -4.000000 -0.160442 -1.316052 -5.657006
-0.785278 -0.917603 -4.000000 -0.152372 -1.218980 -5.701626
-0.783447 -0.924316 -4.000000 -0.193195 -1.222065 -5.738651
-0.785034 -0.916016 -4.000000 -0.260837 -1.307982 -5.763334
-0.779175 -0.921997 -4.000000 -0.319223 -1.348093 -5.738413
-0.780762 -0.913696 -4.000000 -0.336074 -1.365893 -5.704711
-0.786377 -0.917969 -4.000000 -0.326343 -1.369691 -5.690471
-0.787964 -0.911133 -4.000000 -0.317324 -1.377048 -5.657006
-0.784912 -0.914551 -4.000000 -0.315663 -1.361621 -5.640154
-0.786987 -0.915527 -4.000000 -0.363843 -1.335276 -5.619031
-0.781860 -0.917358 -4.000000 -0.426975 -1.335514 -5.600281
-0.781860 -0.915527 -4.000000 -0.486073 -1.384406 -5.599807
-0.780396 -0.919678 -4.000000 -0.538525 -1.483377 -5.592924
-0.778076 -0.912354 -4.000000 -0.560360 -1.602522 -5.563968
-0.784058 -0.916626 -4.000000 -0.524047 -1.696508 -5.557797
-0.787842 -0.918091 -4.000000 -0.458304 -1.739704 -5.505108
-0.784546 -0.919067 -4.000000 -0.363605 -1.699831 -5.450045
-0.784424 -0.919067 -4.000000 -0.260125 -1.592316 -5.390235
-0.786621 -0.921875 -4.000000 -0.182277 -1.451810 -5.327578
-0.788452 -0.916138 -4.000000 -0.155933 -1.310356 -5.273226
-0.790161 -0.916382 -4.000000 -0.183227 -1.216369 -5.251628
-0.782959 -0.918579 -4.000000 -0.231407 -1.196907 -5.266106
-0.783081 -0.917847 -4.000000 -0.285520 -1.266448 -5.297198
-0.781250 -0.920410 -4.000000 -0.329666 -1.401732 -5.316897
-0.786255 -0.920776 -4.000000 -0.376896 -1.536541 -5.323543
-0.787231 -0.924072 -4.000000 -0.403478 -1.577838 -5.312862
-0.778076 -0.921265 -4.000000 -0.431722 -1.616525 -5.304555
-0.789429 -0.924194 -4.000000 -0.431959 -1.590655 -5.198701
-0.783081 -0.921021 -4.000000 -0.386390 -1.500228 -5.131060
-0.781982 -0.912842 -4.000000 -0.366928 -1.364944 -5.126313
-0.781982 -0.919189 -4.000000 -0.336074 -1.243663 -5.118006
-0.784790 -0.919922 -4.000000 -0.325156 -1.188838 -5.121803
-0.785156 -0.919067 -4.000000 -0.374998 -1.193822 -5.146961
-0.779053 -0.917480 -4.000000 -0.472545 -1.197856 -5.190869
-0.785034 -0.922363 -4.000000 -0.613525 -1.189550 -5.251391
-0.785400 -0.914795 -4.000000 -0.809093 -1.108854 -5.319271
-0.773438 -0.917114 -4.000000 -0.852764 -0.965738 -5.382403
-0.779297 -0.921265 -4.000000 -0.920406 -0.938206 -5.442688
-0.790161 -0.916748 -4.000000 -0.959804 -1.077288 -5.481374
-0.784912 -0.919189 -4.000000 -0.908776 -1.315340 -5.515314
-0.779907 -0.917603 -4.000000 -0.800786 -1.513519 -5.528605
-0.780151 -0.916870 -4.000000 -0.675233 -1.570243 -5.493003
-0.784912 -0.915039 -4.000000 -0.532829 -1.532744 -5.399966
-0.787354 -0.916260 -4.000000 -0.407513 -1.384881 -5.323780
-0.779785 -0.922729 -4.000000 -0.305220 -1.294454 -5.316422
-0.783691 -0.913208 -4.000000 -0.214081 -1.288046 -5.308353
-0.781128 -0.916138 -4.000000 -0.153797 -1.331716 -5.315711
-0.788818 -0.914551 -4.000000 -0.154746 -1.360197 -5.341580
-0.790405 -0.918823 -4.000000 -0.169936 -1.371590 -5.367925
-0.788208 -0.916138 -4.000000 -0.202926 -1.401020 -5.418716
-0.781128 -0.922974 -4.000000 -0.240188 -1.428314 -5.468320
-0.786377 -0.923340 -4.000000 -0.281723 -1.482902 -5.523146
-0.786621 -0.920410 -4.000000 -0.317799 -1.537490 -5.570139
-0.781982 -0.919189 -4.000000 -0.333463 -1.562411 -5.610961
-0.784302 -0.916504 -4.000000 -0.342007 -1.552205 -5.636832
-0.785889 -0.912476 -4.000000 -0.345805 -1.518978 -5.669585
-0.791138 -0.919922 -4.000000 -0.329903 -1.476494 -5.693793
-0.783936 -0.917236 -4.000000 -0.297862 -1.454659 -5.727258
-0.780518 -0.911377 -4.000000 -0.277688 -1.468187 -5.769268
-0.782471 -0.917114 -4.000000 -0.271043 -1.476969 -5.794188
-0.786011 -0.918579 -4.000000 -0.266770 -1.473883 -5.830739
-0.782104 -0.916260 -4.000000 -0.266770 -1.467475 -5.867052
-0.788208 -0.919800 -4.000000 -0.282198 -1.456557 -5.888175
-0.777710 -0.916626 -4.000000 -0.287419 -1.463440 -5.912621
-0.789307 -0.918335 -4.000000 -0.274840 -1.444453 -5.919267
-0.792114 -0.916626 -4.000000 -0.249207 -1.412649 -5.936830
-0.783936 -0.921753 -4.000000 -0.238052 -1.382270 -5.959377
-0.789185 -0.912476 -4.000000 -0.243511 -1.367317 -5.983586
-0.783203 -0.913330 -4.000000 -0.269144 -1.367317 -6.008269
-0.786621 -0.915161 -4.000000 -0.305694 -1.376574 -6.053127
-0.789429 -0.913696 -4.000000 -0.326343 -1.375150 -6.090389
-0.788818 -0.916016 -4.000000 -0.347229 -1.365181 -6.130499
-0.781860 -0.916504 -4.000000 -0.364317 -1.364944 -6.158268
-0.777954 -0.907104 -4.000000 -0.387577 -1.394137 -6.178679
-0.788940 -0.925293 -4.000000 -0.420804 -1.425940 -6.191971
-0.780273 -0.913208 -4.000000 -0.454269 -1.449200 -6.202414
-0.783081 -0.918701 -4.000000 -0.478478 -1.464390 -6.227809
-0.779541 -0.917847 -4.000000 -0.485124 -1.444690 -6.229233
-0.782593 -0.921753 -4.000000 -0.485124 -1.409801 -6.210009
-0.780640 -0.915405 -4.000000 -0.479427 -1.423804 -6.271717
-0.790161 -0.919556 -4.000000 -0.486785 -1.417871 -6.281210
-0.784058 -0.914673 -4.000000 -0.493668 -1.414785 -6.247746
-0.782959 -0.924683 -4.000000 -0.499364 -1.395324 -6.228521
-0.792358 -0.916504 -4.000000 -0.516452 -1.414785 -6.219265
-0.787354 -0.915039 -4.000000 -0.519301 -1.426652 -6.230657
-0.782349 -0.916260 -4.000000 -0.518589 -1.438757 -6.220689
-0.787598 -0.918091 -4.000000 -0.521199 -1.433061 -6.206449
-0.782959 -0.916260 -4.000000 -0.521674 -1.415972 -6.191971
-0.787598 -0.917603 -4.000000 -0.516215 -1.392238 -6.189123
-0.781616 -0.920166 -4.000000 -0.531405 -1.382745 -6.174882
-0.783569 -0.912354 -4.000000 -0.547307 -1.388678 -6.175594
-0.792114 -0.918823 -4.000000 -0.578636 -1.395798 -6.176069
-0.783569 -0.920898 -4.000000 -0.612338 -1.393425 -6.153996
-0.793823 -0.913208 -4.000000 -0.636072 -1.368267 -6.138806
-0.786377 -0.914795 -4.000000 -0.650075 -1.337175 -6.135484
-0.786011 -0.919800 -4.000000 -0.662417 -1.313204 -6.121243
-0.787598 -0.909912 -4.000000 -0.664790 -1.297302 -6.101781
-0.786011 -0.921143 -4.000000 -0.669774 -1.293742 -6.099171
-0.791016 -0.918701 -4.000000 -0.679505 -1.306796 -6.101544
-0.787231 -0.920776 -4.000000 -0.698018 -1.326970 -6.098459
-0.787354 -0.920776 -4.000000 -0.702765 -1.351178 -6.086592
-0.791382 -0.919556 -4.000000 -0.709647 -1.360672 -6.086592
-0.789063 -0.923340 -4.000000 -0.714632 -1.354026 -6.078997
-0.786377 -0.915649 -4.000000 -0.715106 -1.334090 -6.054076
-0.783691 -0.918701 -4.000000 -0.718192 -1.303473 -6.037700
-0.783081 -0.920532 -4.000000 -0.714394 -1.274517 -6.017051
-0.786621 -0.921387 -4.000000 -0.699916 -1.252207 -5.990469
-0.784058 -0.918457 -4.000000 -0.692084 -1.246037 -5.971719
-0.780884 -0.916016 -4.000000 -0.695170 -1.255293 -5.947273
-0.790161 -0.917725 -4.000000 -0.697543 -1.264074 -5.937779
-0.789429 -0.925171 -4.000000 -0.700866 -1.256242 -5.915469
-0.788452 -0.913818 -4.000000 -0.694458 -1.247935 -5.905501
-0.788574 -0.923340 -4.000000 -0.696356 -1.248647 -5.893159
-0.786377 -0.923706 -4.000000 -0.702527 -1.246511 -5.862305
-0.786133 -0.921387 -4.000000 -0.707274 -1.238442 -5.841656
-0.788452 -0.916016 -4.000000 -0.708223 -1.211385 -5.830502
-0.790283 -0.918335 -4.000000 -0.725075 -1.181717 -5.816261
-0.791138 -0.917358 -4.000000 -0.742400 -1.154660 -5.798223
-0.783569 -0.926514 -4.000000 -0.754267 -1.144692 -5.791578
-0.784058 -0.914185 -4.000000 -0.774916 -1.157271 -5.784220
-0.786621 -0.916016 -4.000000 -0.791055 -1.198331 -5.761910
-0.787231 -0.920654 -4.000000 -0.788682 -1.243426 -5.745771
-0.786621 -0.924194 -4.000000 -0.777764 -1.298726 -5.721562
-0.786011 -0.915649 -4.000000 -0.744299 -1.361384 -5.701863
-0.776855 -0.920166 -4.000000 -0.703951 -1.413599 -5.674806
-0.786621 -0.918213 -4.000000 -0.653160 -1.438045 -5.628525
-0.786499 -0.916992 -4.000000 -0.588367 -1.435909 -5.576073
-0.780518 -0.915405 -4.000000 -0.528794 -1.397222 -5.530978
-0.783447 -0.913330 -4.000000 -0.476105 -1.337175 -5.501548
-0.785034 -0.914917 -4.000000 -0.442877 -1.289470 -5.471168
-0.786133 -0.917114 -4.000000 -0.445962 -1.267635 -5.451231
-0.782959 -0.912842 -4.000000 -0.492481 -1.274280 -5.462149
-0.790283 -0.914551 -4.000000 -0.573414 -1.318663 -5.478289
-0.781616 -0.914551 -4.000000 -0.686863 -1.425228 -5.524570
-0.785278 -0.913940 -4.000000 -0.781087 -1.582822 -5.583430
-0.783203 -0.917236 -4.000000 -0.817163 -1.723565 -5.629474
-0.786133 -0.922607 -4.000000 -0.776577 -1.778628 -5.644427
-0.783447 -0.920532 -4.000000 -0.683303 -1.754182 -5.617845
-0.779297 -0.923096 -4.000000 -0.579585 -1.715021 -5.564443
-0.786499 -0.914917 -4.000000 -0.501737 -1.696746 -5.508430
-0.780884 -0.915161 -4.000000 -0.464950 -1.667315 -5.473304
-0.784790 -0.918335 -4.000000 -0.455456 -1.606556 -5.470456
-0.787842 -0.912109 -4.000000 -0.474206 -1.551493 -5.478051
-0.783691 -0.914307 -4.000000 -0.490345 -1.512095 -5.495615
-0.784668 -0.913574 -4.000000 -0.490582 -1.493582 -5.522671
-0.782104 -0.914673 -4.000000 -0.483225 -1.525386 -5.565867
-0.793335 -0.919922 -4.000000 -0.454032 -1.571430 -5.593873
-0.785889 -0.914551 -4.000000 -0.412497 -1.629816 -5.597196
-0.786621 -0.916992 -4.000000 -0.371912 -1.686065 -5.595060
