-0.780273 -0.917114 -4.000000 -0.542560 -1.437095 -5.707559
-0.783325 -0.914551 -4.000000 -0.675233 -1.511146 -5.706372
-0.788086 -0.918579 -4.000000 -0.722464 -1.544611 -5.755739
-0.787476 -0.916748 -4.000000 -0.764710 -1.584484 -5.786831
-0.785400 -0.920166 -4.000000 -0.777289 -1.613914 -5.796324
-0.787476 -0.924316 -4.000000 -0.718192 -1.610116 -5.787305
-0.788452 -0.918945 -4.000000 -0.683303 -1.431637 -5.851862
-0.784790 -0.920776 -4.000000 -0.356010 -1.382745 -5.904314
-0.780518 -0.925415 -4.000000 -0.214081 -1.377523 -5.779473
-0.785278 -0.919922 -4.000000 -0.238527 -1.324834 -5.791103
-0.788574 -0.916504 -4.000000 -0.257040 -1.288758 -5.816736
-0.784546 -0.922241 -4.000000 -0.273653 -1.270720 -5.814363
-0.789795 -0.914917 -4.000000 -0.286707 -1.250546 -5.799647
-0.779663 -0.918091 -4.000000 -0.271517 -1.201416 -5.781135
-0.781860 -0.916260 -4.000000 -0.261312 -1.168901 -5.788255
-0.785767 -0.915405 -4.000000 -0.295963 -1.160594 -5.767844
-0.786621 -0.925049 -4.000000 -0.359571 -1.170800 -5.740312
-0.786377 -0.916504 -4.000000 -0.420567 -1.200942 -5.715154
-0.783569 -0.912842 -4.000000 -0.515740 -1.228711 -5.689521
-0.790527 -0.921631 -4.000000 -0.610202 -1.251258 -5.658667
-0.786865 -0.915527 -4.000000 -0.698492 -1.283774 -5.597196
-0.780273 -0.922729 -4.000000 -0.794853 -1.364944 -5.512940
-0.785034 -0.920410 -4.000000 -0.885517 -1.419295 -5.374096
-0.784180 -0.921143 -4.000000 -0.906165 -1.418346 -5.189920
-0.782471 -0.914429 -4.000000 -0.890263 -1.414073 -5.031139
-0.788818 -0.918457 -4.000000 -0.782511 -1.413599 -4.859542
-0.787964 -0.923462 -4.000000 -0.645328 -1.363045 -4.721410
-0.783691 -0.921753 -4.000000 -0.652448 -1.327444 -4.644037
-0.782104 -0.920898 -4.000000 -0.768983 -1.314153 -4.607962
-0.786499 -0.922607 -4.000000 -0.875074 -1.299913 -4.567377
-0.784912 -0.914185 -4.000000 -0.940342 -1.239154 -4.538421
-0.786499 -0.911133 -4.000000 -0.971908 -1.129265 -4.527740
-0.783447 -0.921631 -4.000000 -0.942004 -1.018190 -4.568800
-0.783569 -0.921387 -4.000000 -0.925152 -0.961703 -4.619591
-0.782837 -0.918945 -4.000000 -0.966212 -1.010358 -4.664211
-0.786133 -0.918091 -4.000000 -1.064471 -1.103158 -4.691505
-0.788086 -0.920776 -4.000000 -1.143980 -1.174360 -4.711442
-0.786987 -0.916382 -4.000000 -1.146116 -1.185277 -4.686521
-0.782715 -0.921631 -4.000000 -1.099598 -1.120484 -4.674891
-0.780518 -0.922119 -4.000000 -0.987336 -1.014630 -4.695303
-0.784302 -0.921265 -4.000000 -0.853238 -0.891213 -4.738974
-0.782349 -0.914307 -4.000000 -0.728160 -0.766846 -4.821331
-0.786377 -0.920410 -4.000000 -0.628477 -0.689474 -4.888735
-0.789551 -0.916870 -4.000000 -0.540186 -0.675233 -4.968719
-0.786743 -0.917725 -4.000000 -0.497940 -0.752606 -5.089762
-0.785278 -0.914673 -4.000000 -0.512180 -0.902605 -5.202736
-0.788086 -0.916626 -4.000000 -0.540186 -1.077050 -5.324255
-0.782593 -0.914551 -4.000000 -0.564395 -1.195483 -5.428684
-0.789551 -0.912231 -4.000000 -0.540186 -1.240578 -5.507007
-0.784790 -0.915161 -4.000000 -0.497940 -1.224913 -5.563731
-0.784424 -0.913940 -4.000000 -0.423652 -1.171986 -5.619506
-0.782227 -0.916504 -4.000000 -0.345805 -1.154898 -5.700202
-0.778076 -0.913696 -4.000000 -0.300473 -1.197856 -5.792290
-0.779907 -0.916870 -4.000000 -0.303321 -1.289707 -5.848777
-0.785522 -0.916870 -4.000000 -0.320409 -1.382745 -5.888175
-0.789185 -0.916626 -4.000000 -0.316849 -1.443741 -5.925675
-0.785034 -0.913330 -4.000000 -0.323020 -1.477443 -5.955105
-0.785645 -0.916260 -4.000000 -0.336786 -1.483614 -6.009693
-0.792969 -0.919434 -4.000000 -0.356960 -1.478393 -6.063807
-0.788208 -0.920410 -4.000000 -0.364317 -1.448013 -6.113648
-0.788086 -0.920532 -4.000000 -0.354824 -1.423330 -6.139993
-0.781616 -0.907227 -4.000000 -0.357672 -1.417634 -6.168949
-0.782715 -0.917358 -4.000000 -0.380931 -1.410988 -6.229233
-0.790283 -0.915649 -4.000000 -0.413921 -1.368504 -6.314438
-0.782227 -0.920044 -4.000000 -0.429823 -1.312729 -6.406526
-0.786621 -0.920654 -4.000000 -0.447149 -1.252207 -6.490307
-0.785645 -0.919067 -4.000000 -0.472070 -1.252207 -6.578124
-0.784546 -0.914185 -4.000000 -0.473494 -1.282824 -6.631999
-0.783203 -0.919556 -4.000000 -0.505772 -1.320087 -6.679942
-0.783936 -0.922607 -4.000000 -0.569617 -1.338599 -6.748771
-0.789429 -0.909058 -4.000000 -0.631325 -1.326732 -6.792204
-0.785278 -0.916626 -4.000000 -0.645803 -1.297539 -6.817362
-0.786377 -0.924927 -4.000000 -0.640581 -1.283536 -6.799325
-0.783081 -0.918701 -4.000000 -0.640819 -1.301099 -6.762300
-0.776367 -0.921143 -4.000000 -0.645566 -1.309644 -6.770607
-0.785889 -0.918579 -4.000000 -0.657670 -1.343821 -6.792204
-0.783203 -0.917236 -4.000000 -0.634648 -1.418346 -6.801935
-0.784302 -0.918457 -4.000000 -0.622544 -1.495956 -6.803359
-0.778442 -0.922974 -4.000000 -0.606879 -1.544136 -6.791255
-0.777588 -0.916016 -4.000000 -0.568667 -1.563123 -6.777252
-0.779175 -0.917358 -4.000000 -0.519063 -1.544373 -6.734530
-0.789185 -0.912964 -4.000000 -0.454269 -1.474358 -6.680417
-0.777222 -0.916260 -4.000000 -0.390899 -1.386305 -6.611825
-0.781494 -0.916016 -4.000000 -0.384254 -1.318900 -6.499089
-0.779663 -0.916260 -4.000000 -0.413684 -1.260989 -6.378046
-0.780518 -0.919800 -4.000000 -0.424839 -1.222065 -6.313963
-0.783936 -0.913452 -4.000000 -0.411311 -1.250309 -6.261511
-0.779785 -0.914307 -4.000000 -0.410836 -1.319849 -6.214993
-0.783447 -0.918579 -4.000000 -0.417244 -1.372302 -6.176306
-0.787720 -0.919556 -4.000000 -0.411311 -1.378710 -6.120294
-0.782104 -0.916260 -4.000000 -0.405377 -1.347143 -6.051702
-0.786011 -0.918091 -4.000000 -0.381168 -1.297065 -5.987621
-0.782715 -0.922119 -4.000000 -0.372387 -1.265973 -5.936118
-0.781738 -0.921021 -4.000000 -0.365504 -1.265261 -5.879868
-0.777344 -0.917236 -4.000000 -0.375947 -1.291606 -5.844742
-0.785156 -0.916260 -4.000000 -0.394934 -1.365419 -5.833350
-0.785156 -0.918945 -4.000000 -0.425076 -1.460355 -5.815786
-0.786987 -0.916504 -4.000000 -0.467323 -1.524674 -5.787543
-0.785278 -0.913818 -4.000000 -0.513367 -1.546035 -5.746958
-0.790161 -0.911987 -4.000000 -0.547544 -1.533693 -5.693793
-0.783447 -0.915039 -4.000000 -0.550155 -1.495006 -5.640629
-0.775757 -0.916504 -4.000000 -0.565819 -1.436146 -5.561120
-0.781616 -0.919189 -4.000000 -0.557512 -1.379659 -5.485883
-0.788574 -0.921631 -4.000000 -0.575313 -1.346431 -5.421327
-0.789917 -0.920898 -4.000000 -0.670724 -1.378235 -5.387150
-0.781372 -0.914917 -4.000000 -0.875311 -1.514231 -5.392134
-0.777100 -0.917603 -4.000000 -1.157983 -1.786935 -5.405425
-0.779175 -0.918701 -4.000000 -1.466051 -2.027835 -5.395694
-0.786255 -0.915527 -4.000000 -1.673961 -2.135113 -5.351311
-0.785156 -0.915649 -4.000000 -1.623408 -2.067946 -5.250442
-0.784058 -0.906128 -4.000000 -1.301099 -1.861935 -5.126313
-0.781006 -0.916138 -4.000000 -0.917558 -1.606556 -4.978687
-0.782104 -0.909912 -4.000000 -0.539474 -1.368504 -4.858830
-0.780762 -0.919678 -4.000000 -0.251106 -1.193822 -4.775999
-0.785400 -0.920166 -4.000000 -0.091613 -1.107430 -4.754401
-0.782959 -0.919434 -4.000000 -0.066693 -1.128316 -4.794036
-0.784912 -0.916382 -4.000000 -0.193195 -1.224439 -4.855745
-0.779419 -0.913452 -4.000000 -0.357197 -1.360672 -4.925760
-0.785767 -0.917236 -4.000000 -0.514079 -1.452523 -4.991978
-0.787231 -0.922729 -4.000000 -0.667401 -1.618898 -5.027817
-0.788818 -0.915771 -4.000000 -0.796514 -1.576177 -5.119667
-0.784424 -0.918091 -4.000000 -1.032668 -1.428551 -5.072199
-0.782104 -0.920532 -4.000000 -0.988997 -1.150151 -5.038260
-0.783691 -0.926270 -4.000000 -0.858460 -0.872938 -5.043006
-0.787964 -0.920288 -4.000000 -0.701578 -0.801261 -5.077895
-0.785400 -0.924072 -4.000000 -0.665977 -0.929899 -5.115870
-0.791992 -0.922729 -4.000000 -0.716530 -1.221590 -5.139604
-0.785645 -0.918457 -4.000000 -0.761388 -1.530133 -5.132009
-0.782959 -0.921265 -4.000000 -0.730296 -1.621984 -5.100443
-0.782227 -0.917969 -4.000000 -0.583857 -1.454184 -5.090949
-0.788940 -0.915894 -4.000000 -0.413209 -1.162018 -5.086202
-0.790161 -0.917603 -4.000000 -0.305457 -0.898096 -5.142927
-0.785278 -0.916504 -4.000000 -0.317324 -0.740976 -5.215790
-0.782715 -0.916504 -4.000000 -0.384254 -0.712733 -5.295299
-0.784424 -0.911743 -4.000000 -0.489396 -0.832352 -5.354871
-0.784546 -0.923096 -4.000000 -0.548731 -1.033617 -5.407324
-0.785522 -0.914795 -4.000000 -0.559174 -1.226812 -5.450520
-0.779419 -0.915283 -4.000000 -0.508383 -1.360909 -5.472592
-0.784668 -0.918091 -4.000000 -0.448098 -1.403868 -5.475441
-0.787720 -0.926758 -4.000000 -0.370488 -1.414073 -5.483510
-0.778076 -0.920532 -4.000000 -0.294302 -1.373013 -5.498700
-0.781372 -0.916260 -4.000000 -0.252530 -1.334802 -5.535725
-0.792725 -0.918091 -4.000000 -0.250157 -1.313204 -5.568715
-0.782715 -0.919678 -4.000000 -0.280299 -1.298489 -5.588177
-0.783691 -0.914063 -4.000000 -0.310204 -1.295878 -5.608114
-0.788696 -0.924805 -4.000000 -0.333226 -1.318663 -5.646088
-0.780273 -0.916382 -4.000000 -0.347941 -1.353314 -5.702338
-0.782349 -0.912231 -4.000000 -0.351501 -1.377048 -5.764996
-0.785645 -0.916504 -4.000000 -0.379032 -1.374438 -5.845454
-0.787231 -0.918945 -4.000000 -0.411548 -1.307033 -5.898143
