-0.786743 -0.920044 -4.000000 -0.464000 -1.651888 -5.648699
-0.781982 -0.915039 -4.000000 -0.537101 -1.628154 -5.639917
-0.794434 -0.918091 -4.000000 -0.496991 -1.498804 -5.676230
-0.785522 -0.919800 -4.000000 -0.419380 -1.346906 -5.746720
-0.780640 -0.914429 -4.000000 -0.371675 -1.260040 -5.811989
-0.785767 -0.915161 -4.000000 -0.339397 -1.251021 -5.841419
-0.784424 -0.921997 -4.000000 -0.298337 -1.131164 -5.844504
-0.790649 -0.915283 -4.000000 -0.049604 -0.873887 -5.896245
-0.783691 -0.917480 -4.000000 -0.109414 -1.123806 -5.858508
-0.790527 -0.916504 -4.000000 -0.258938 -1.326020 -5.856609
-0.781738 -0.916870 -4.000000 -0.252767 -1.366843 -5.827653
-0.781006 -0.917358 -4.000000 -0.248733 -1.351416 -5.811989
-0.782471 -0.921143 -4.000000 -0.219065 -1.358061 -5.838571
-0.785522 -0.923462 -4.000000 -0.153322 -1.352602 -5.910485
-0.784668 -0.915894 -4.000000 -0.116297 -1.392238 -6.052177
-0.783325 -0.914917 -4.000000 -0.175869 -1.512095 -6.210483
-0.787598 -0.916260 -4.000000 -0.276501 -1.634325 -6.366653
-0.785645 -0.925171 -4.000000 -0.372624 -1.734957 -6.533029
-0.783691 -0.911865 -4.000000 -0.479902 -1.793343 -6.690148
-0.777832 -0.915039 -4.000000 -0.579110 -1.832742 -6.829229
-0.782471 -0.913452 -4.000000 -0.688287 -1.843422 -6.952409
-0.781006 -0.924561 -4.000000 -0.786546 -1.853390 -7.041886
-0.785767 -0.919312 -4.000000 -0.865343 -1.852204 -7.097661
-0.779785 -0.915771 -4.000000 -0.890738 -1.821824 -7.113563
-0.788696 -0.918213 -4.000000 -0.882906 -1.751571 -7.098848
-0.785034 -0.913940 -4.000000 -0.856561 -1.687252 -7.049244
-0.777100 -0.916748 -4.000000 -0.832115 -1.654262 -6.972820
-0.785889 -0.917358 -4.000000 -0.831640 -1.628866 -6.892837
-0.786255 -0.922485 -4.000000 -0.807194 -1.573803 -6.815701
-0.784546 -0.918579 -4.000000 -0.768745 -1.513756 -6.718866
-0.785522 -0.914063 -4.000000 -0.713682 -1.475070 -6.618234
-0.790039 -0.922852 -4.000000 -0.660993 -1.454421 -6.547506
-0.780273 -0.922974 -4.000000 -0.641056 -1.449200 -6.473219
-0.781738 -0.922485 -4.000000 -0.620882 -1.440893 -6.405102
-0.777710 -0.917725 -4.000000 -0.625866 -1.429738 -6.357397
-0.778687 -0.918457 -4.000000 -0.628240 -1.419770 -6.289043
-0.789551 -0.922119 -4.000000 -0.595724 -1.403156 -6.211195
-0.785034 -0.922485 -4.000000 -0.544933 -1.379659 -6.139518
-0.785767 -0.915283 -4.000000 -0.493905 -1.359248 -6.078047
-0.785034 -0.922241 -4.000000 -0.450709 -1.349754 -6.008744
-0.789429 -0.918701 -4.000000 -0.390425 -1.292081 -5.945611
-0.786621 -0.920532 -4.000000 -0.353400 -1.217318 -5.889599
-0.785156 -0.920166 -4.000000 -0.359571 -1.196195 -5.856846
-0.786377 -0.918213 -4.000000 -0.394460 -1.244850 -5.854948
-0.788208 -0.915161 -4.000000 -0.439080 -1.314391 -5.875359
-0.782593 -0.910522 -4.000000 -0.471832 -1.368741 -5.895770
-0.787720 -0.915527 -4.000000 -0.507196 -1.420956 -5.901941
-0.779907 -0.918945 -4.000000 -0.540186 -1.466526 -5.895295
-0.781860 -0.918335 -4.000000 -0.574601 -1.498092 -5.901941
-0.781616 -0.916992 -4.000000 -0.594537 -1.506636 -5.889836
-0.776489 -0.918335 -4.000000 -0.599996 -1.490022 -5.876308
-0.785400 -0.920532 -4.000000 -0.603556 -1.443029 -5.863492
-0.787842 -0.916748 -4.000000 -0.634885 -1.372302 -5.854948
-0.779785 -0.918579 -4.000000 -0.698018 -1.294217 -5.845217
-0.789307 -0.915527 -4.000000 -0.791530 -1.242239 -5.850201
-0.786133 -0.918335 -4.000000 -0.908064 -1.208774 -5.849963
-0.786011 -0.918457 -4.000000 -1.042873 -1.165103 -5.846878
-0.782593 -0.919434 -4.000000 -1.182667 -1.102446 -5.846878
-0.779541 -0.916748 -4.000000 -1.283062 -1.068269 -5.838571
-0.781738 -0.917603 -4.000000 -1.341447 -1.075389 -5.832875
-0.785034 -0.918213 -4.000000 -1.369453 -1.131401 -5.816973
-0.787231 -0.919434 -4.000000 -1.370640 -1.209961 -5.795375
-0.785278 -0.909546 -4.000000 -1.340261 -1.212809 -5.717290
-0.784668 -0.914551 -4.000000 -1.262413 -1.087018 -5.618319
-0.789429 -0.913574 -4.000000 -1.156322 -0.866767 -5.519586
-0.792603 -0.913208 -4.000000 -1.063285 -0.629189 -5.419428
-0.781372 -0.912964 -4.000000 -0.971434 -0.462339 -5.373621
-0.783569 -0.922974 -4.000000 -0.897858 -0.513604 -5.409223
-0.786011 -0.927368 -4.000000 -0.896434 -0.621832 -5.406137
-0.783569 -0.922729 -4.000000 -0.941529 -0.792954 -5.414444
-0.780029 -0.918335 -4.000000 -1.010358 -0.993269 -5.429871
-0.783203 -0.916748 -4.000000 -1.095800 -1.212334 -5.461912
-0.778198 -0.921021 -4.000000 -1.170088 -1.363757 -5.483273
-0.782715 -0.917480 -4.000000 -1.183141 -1.426415 -5.473067
-0.784790 -0.916138 -4.000000 -1.109803 -1.442554 -5.436517
-0.783203 -0.914429 -4.000000 -0.950548 -1.455845 -5.377419
-0.785156 -0.926514 -4.000000 -0.722701 -1.459168 -5.308115
-0.787109 -0.916016 -4.000000 -0.430061 -1.545560 -5.242847
-0.782227 -0.916626 -4.000000 -0.122942 -1.760590 -5.160253
-0.787109 -0.916138 -4.000000 0.171122 -1.994845 -5.050838
-0.783813 -0.920044 -4.000000 0.440266 -2.123721 -4.938577
-0.784912 -0.921509 -4.000000 0.641531 -2.058215 -4.823229
-0.779663 -0.915283 -4.000000 0.797463 -1.945953 -4.734939
-0.782227 -0.922852 -4.000000 0.928001 -1.777204 -4.735176
-0.785400 -0.913452 -4.000000 1.014155 -1.592553 -4.810887
-0.778320 -0.911621 -4.000000 1.082746 -1.508535 -4.903450
-0.787842 -0.914917 -4.000000 1.144455 -1.479817 -4.992453
-0.792725 -0.916260 -4.000000 1.184328 -1.537253 -5.045617
-0.791626 -0.913696 -4.000000 1.146828 -1.734720 -5.073861
-0.778320 -0.920776 -4.000000 1.092240 -1.977519 -5.114208
-0.785400 -0.916260 -4.000000 1.053554 -2.180920 -5.178765
-0.788696 -0.917358 -4.000000 1.007747 -2.271109 -5.275125
-0.786377 -0.924683 -4.000000 0.960516 -2.255445 -5.379318
-0.781738 -0.917847 -4.000000 0.866292 -2.097139 -5.505345
-0.786133 -0.917358 -4.000000 0.732907 -1.910827 -5.624965
-0.791870 -0.918945 -4.000000 0.597623 -1.770558 -5.753840
-0.788330 -0.917725 -4.000000 0.511943 -1.683217 -5.878682
-0.785645 -0.917603 -4.000000 0.464238 -1.661382 -5.972668
-0.786621 -0.919434 -4.000000 0.414159 -1.753470 -6.025358
-0.784058 -0.917725 -4.000000 0.369064 -1.897061 -6.010406
-0.784424 -0.914673 -4.000000 0.321596 -1.955209 -5.975991
-0.787354 -0.912842 -4.000000 0.268907 -1.852678 -5.947985
-0.784668 -0.917236 -4.000000 0.211470 -1.691050 -5.947748
-0.786621 -0.914185 -4.000000 0.111313 -1.602047 -5.943713
-0.779785 -0.915161 -4.000000 0.011630 -1.583534 -5.946798
-0.780640 -0.921631 -4.000000 -0.063370 -1.601335 -5.961039
-0.787231 -0.915405 -4.000000 -0.092563 -1.632427 -5.966735
-0.780518 -0.916016 -4.000000 -0.122468 -1.647616 -5.953444
-0.786743 -0.919312 -4.000000 -0.134335 -1.624594 -5.933744
-0.780396 -0.913574 -4.000000 -0.144303 -1.574990 -5.899805
-0.787720 -0.918945 -4.000000 -0.177531 -1.526098 -5.866103
-0.779785 -0.916992 -4.000000 -0.219777 -1.466288 -5.849726
-0.785522 -0.917847 -4.000000 -0.277213 -1.380134 -5.854710
-0.788696 -0.925293 -4.000000 -0.351738 -1.293505 -5.855185
-0.783569 -0.916138 -4.000000 -0.438842 -1.242239 -5.844979
-0.791138 -0.923828 -4.000000 -0.545883 -1.235356 -5.839758
-0.787476 -0.916382 -4.000000 -0.654822 -1.265736 -5.826941
-0.789185 -0.919678 -4.000000 -0.744774 -1.322697 -5.827653
-0.785034 -0.921875 -4.000000 -0.820011 -1.385593 -5.797986
-0.787598 -0.915161 -4.000000 -0.871514 -1.451098 -5.768556
-0.783081 -0.919434 -4.000000 -0.909488 -1.513044 -5.727733
-0.791748 -0.919922 -4.000000 -0.941054 -1.578788 -5.696167
-0.788208 -0.919678 -4.000000 -0.933222 -1.569057 -5.638731
-0.782715 -0.916016 -4.000000 -0.902368 -1.505212 -5.569427
-0.788208 -0.918457 -4.000000 -0.883381 -1.415735 -5.511516
-0.773682 -0.919312 -4.000000 -0.862969 -1.336226 -5.432007
-0.782104 -0.919800 -4.000000 -0.846830 -1.302286 -5.375995
-0.789307 -0.920288 -4.000000 -0.804821 -1.310593 -5.347751
-0.787109 -0.917480 -4.000000 -0.757828 -1.388203 -5.301233
-0.783081 -0.916626 -4.000000 -0.717480 -1.516367 -5.252578
-0.786865 -0.923218 -4.000000 -0.688524 -1.571430 -5.183512
-0.786133 -0.915894 -4.000000 -0.669774 -1.490497 -5.113734
-0.786377 -0.916870 -4.000000 -0.713445 -1.287808 -5.088101
-0.786743 -0.911011 -4.000000 -0.877922 -1.106955 -5.106139
-0.782715 -0.914429 -4.000000 -1.093664 -0.990421 -5.174730
-0.777100 -0.920532 -4.000000 -1.310830 -0.994930 -5.272040
-0.780518 -0.923462 -4.000000 -1.439232 -1.099123 -5.351074
-0.788086 -0.917358 -4.000000 -1.434485 -1.241290 -5.388099
-0.782715 -0.914063 -4.000000 -1.307033 -1.343583 -5.436279
-0.793945 -0.913086 -4.000000 -1.077525 -1.362333 -5.481374
-0.784790 -0.917603 -4.000000 -0.833776 -1.325783 -5.518399
-0.781250 -0.918823 -4.000000 -0.662417 -1.314865 -5.529554
-0.790771 -0.916016 -4.000000 -0.564633 -1.309169 -5.509143
-0.785767 -0.918213 -4.000000 -0.549680 -1.316527 -5.501310
-0.778687 -0.920898 -4.000000 -0.557512 -1.353077 -5.515788
-0.788208 -0.920288 -4.000000 -0.562259 -1.429738 -5.533351
-0.786743 -0.916382 -4.000000 -0.580060 -1.497380 -5.511754
-0.785522 -0.920410 -4.000000 -0.601895 -1.517554 -5.509855
-0.787598 -0.916382 -4.000000 -0.619933 -1.472934 -5.516026
-0.779785 -0.922852 -4.000000 -0.637259 -1.393188 -5.529079
