-0.784912 -0.920166 -4.000000 -0.370014 -1.343109 -5.857321
-0.786987 -0.914917 -4.000000 -0.376896 -1.317951 -5.844030
-0.782959 -0.918335 -4.000000 -0.352450 -1.280688 -5.856846
-0.789917 -0.915039 -4.000000 -0.349128 -1.261701 -5.865628
-0.790894 -0.917480 -4.000000 -0.357672 -1.268821 -5.861830
-0.786621 -0.922485 -4.000000 -0.379032 -1.301574 -5.873935
-0.789185 -0.921387 -4.000000 -0.400393 -1.342159 -5.870849
-0.777954 -0.915283 -4.000000 -0.409175 -1.383931 -5.866103
-0.790039 -0.918213 -4.000000 -0.421516 -1.432586 -5.859694
-0.785767 -0.918945 -4.000000 -0.431722 -1.488361 -5.851150
-0.782837 -0.909668 -4.000000 -0.419380 -1.509247 -5.825755
-0.785767 -0.913330 -4.000000 -0.402766 -1.497617 -5.797037
-0.785034 -0.917603 -4.000000 -0.364317 -1.450149 -5.765233
-0.782837 -0.912109 -4.000000 -0.337498 -1.385830 -5.724411
-0.790771 -0.915283 -4.000000 -0.325394 -1.306321 -5.683588
-0.793335 -0.918335 -4.000000 -0.328242 -1.259802 -5.646563
-0.787964 -0.922485 -4.000000 -0.328954 -1.263362 -5.656768
-0.786011 -0.920654 -4.000000 -0.365504 -1.226100 -5.626152
-0.781372 -0.926758 -4.000000 -0.417007 -1.204502 -5.605266
-0.778931 -0.918335 -4.000000 -0.507671 -1.250783 -5.605740
-0.782471 -0.914917 -4.000000 -0.612101 -1.331479 -5.605503
-0.782227 -0.917114 -4.000000 -0.690186 -1.429263 -5.596247
-0.781860 -0.918091 -4.000000 -0.681167 -1.517079 -5.563731
-0.784180 -0.919922 -4.000000 -0.561784 -1.565734 -5.496326
-0.788574 -0.916260 -4.000000 -0.396596 -1.516842 -5.430346
-0.780884 -0.916626 -4.000000 -0.253005 -1.458931 -5.353210
-0.785767 -0.917236 -4.000000 -0.184176 -1.378710 -5.263733
-0.787476 -0.922119 -4.000000 -0.161154 -1.324596 -5.192056
-0.786011 -0.918945 -4.000000 -0.191534 -1.284248 -5.160015
-0.783813 -0.913208 -4.000000 -0.237815 -1.284011 -5.180901
-0.781860 -0.918213 -4.000000 -0.283859 -1.329580 -5.223860
-0.784546 -0.915039 -4.000000 -0.317561 -1.392001 -5.262309
-0.779053 -0.920898 -4.000000 -0.358858 -1.441605 -5.286755
-0.779419 -0.914185 -4.000000 -0.397308 -1.480766 -5.303606
-0.784302 -0.910400 -4.000000 -0.431485 -1.476969 -5.297435
-0.782471 -0.924438 -4.000000 -0.431722 -1.433061 -5.288653
-0.778564 -0.916992 -4.000000 -0.388289 -1.360435 -5.269666
-0.784302 -0.922974 -4.000000 -0.317561 -1.269771 -5.244034
-0.787476 -0.921265 -4.000000 -0.239239 -1.206401 -5.236913
-0.783569 -0.919312 -4.000000 -0.184888 -1.203078 -5.231692
-0.784790 -0.921021 -4.000000 -0.170173 -1.232033 -5.242847
-0.779785 -0.918579 -4.000000 -0.193195 -1.257192 -5.249967
-0.784058 -0.919800 -4.000000 -0.225473 -1.237492 -5.261359
-0.787720 -0.919312 -4.000000 -0.254429 -1.193110 -5.280109
-0.779663 -0.923340 -4.000000 -0.278875 -1.162493 -5.296723
-0.786499 -0.916626 -4.000000 -0.276264 -1.162967 -5.305267
-0.777588 -0.916260 -4.000000 -0.277688 -1.179819 -5.330425
-0.786377 -0.920654 -4.000000 -0.259888 -1.201654 -5.356296
-0.781128 -0.920532 -4.000000 -0.251818 -1.220166 -5.382878
-0.784058 -0.919556 -4.000000 -0.257989 -1.235356 -5.399491
-0.783569 -0.917236 -4.000000 -0.293115 -1.244850 -5.437703
-0.785767 -0.918091 -4.000000 -0.319460 -1.272856 -5.482323
-0.783447 -0.912109 -4.000000 -0.338685 -1.315577 -5.514839
-0.784424 -0.917236 -4.000000 -0.342245 -1.371115 -5.551627
-0.784668 -0.920166 -4.000000 -0.321359 -1.413836 -5.581294
-0.788818 -0.916748 -4.000000 -0.285520 -1.409801 -5.591025
-0.785034 -0.918823 -4.000000 -0.251818 -1.395561 -5.607164
-0.779785 -0.915894 -4.000000 -0.250869 -1.367555 -5.629712
-0.785522 -0.910278 -4.000000 -0.284334 -1.345245 -5.659142
-0.792236 -0.920532 -4.000000 -0.327055 -1.349517 -5.689759
-0.784180 -0.918457 -4.000000 -0.346042 -1.372302 -5.724648
-0.785278 -0.918213 -4.000000 -0.350077 -1.392950 -5.766419
-0.787354 -0.913940 -4.000000 -0.345805 -1.402206 -5.775676
-0.784058 -0.915771 -4.000000 -0.332514 -1.391289 -5.799647
-0.786255 -0.916138 -4.000000 -0.320647 -1.369216 -5.819346
-0.784668 -0.918091 -4.000000 -0.322545 -1.357349 -5.849251
-0.788574 -0.920654 -4.000000 -0.331564 -1.359010 -5.881055
-0.785889 -0.917725 -4.000000 -0.353400 -1.392001 -5.926624
-0.785522 -0.914185 -4.000000 -0.367165 -1.418820 -5.968396
-0.790527 -0.907349 -4.000000 -0.373336 -1.423092 -6.009693
-0.789917 -0.920166 -4.000000 -0.373099 -1.434485 -6.024883
-0.790283 -0.921753 -4.000000 -0.371675 -1.463915 -6.060247
-0.781494 -0.916992 -4.000000 -0.378083 -1.491209 -6.105341
-0.781250 -0.919800 -4.000000 -0.382355 -1.501177 -6.141417
-0.777832 -0.915039 -4.000000 -0.394934 -1.498092 -6.165151
-0.785034 -0.920898 -4.000000 -0.398732 -1.490022 -6.199091
-0.781616 -0.913940 -4.000000 -0.405140 -1.468662 -6.237065
-0.782837 -0.918091 -4.000000 -0.417719 -1.440181 -6.264122
-0.789429 -0.918701 -4.000000 -0.431010 -1.438994 -6.302571
-0.788208 -0.920898 -4.000000 -0.456880 -1.448725 -6.336986
-0.781250 -0.918091 -4.000000 -0.484886 -1.467000 -6.364992
-0.786499 -0.913086 -4.000000 -0.517402 -1.483851 -6.383504
-0.780151 -0.915894 -4.000000 -0.551816 -1.504737 -6.395134
-0.776123 -0.915527 -4.000000 -0.567718 -1.513994 -6.395846
-0.776855 -0.916626 -4.000000 -0.564633 -1.506873 -6.397270
-0.784668 -0.914673 -4.000000 -0.548493 -1.489073 -6.389438
-0.782959 -0.918213 -4.000000 -0.512892 -1.480766 -6.391336
-0.786865 -0.912476 -4.000000 -0.482275 -1.476257 -6.378046
-0.781372 -0.922607 -4.000000 -0.456643 -1.464864 -6.347666
-0.783813 -0.912964 -4.000000 -0.445962 -1.440893 -6.331764
-0.787476 -0.923584 -4.000000 -0.464950 -1.421431 -6.320135
-0.786133 -0.908447 -4.000000 -0.493193 -1.424279 -6.328916
-0.783691 -0.917358 -4.000000 -0.525234 -1.451810 -6.334612
-0.785767 -0.913940 -4.000000 -0.553715 -1.472222 -6.352413
-0.784912 -0.917603 -4.000000 -0.568430 -1.502839 -6.350039
-0.777954 -0.924194 -4.000000 -0.585518 -1.512570 -6.346242
-0.783813 -0.923706 -4.000000 -0.604743 -1.487649 -6.341495
-0.791138 -0.926392 -4.000000 -0.624442 -1.447064 -6.344581
-0.789185 -0.920410 -4.000000 -0.653635 -1.435434 -6.350989
-0.784424 -0.919189 -4.000000 -0.683777 -1.435197 -6.353600
-0.781616 -0.926392 -4.000000 -0.717954 -1.453472 -6.331289
-0.780151 -0.915405 -4.000000 -0.740739 -1.478393 -6.331764
-0.785278 -0.916016 -4.000000 -0.752843 -1.486700 -6.322033
-0.789429 -0.914063 -4.000000 -0.760201 -1.483851 -6.308505
-0.782104 -0.914673 -4.000000 -0.765185 -1.470798 -6.289992
-0.784180 -0.924072 -4.000000 -0.763049 -1.451098 -6.272904
-0.788818 -0.916626 -4.000000 -0.758540 -1.420007 -6.249407
-0.790161 -0.927979 -4.000000 -0.736467 -1.394374 -6.209534
-0.785034 -0.922363 -4.000000 -0.713920 -1.356400 -6.174407
-0.787476 -0.921509 -4.000000 -0.705138 -1.335989 -6.141892
-0.783813 -0.919434 -4.000000 -0.712258 -1.323172 -6.109139
-0.780640 -0.923096 -4.000000 -0.729109 -1.322223 -6.087304
-0.781616 -0.917725 -4.000000 -0.748334 -1.329818 -6.066418
-0.782715 -0.911865 -4.000000 -0.759489 -1.323409 -6.031766
-0.784302 -0.917603 -4.000000 -0.769457 -1.296590 -6.012304
-0.780029 -0.914795 -4.000000 -0.777289 -1.260040 -5.980026
-0.787598 -0.908569 -4.000000 -0.787020 -1.217793 -5.952494
-0.778198 -0.922607 -4.000000 -0.826182 -1.186701 -5.932083
-0.787598 -0.918701 -4.000000 -0.867004 -1.182429 -5.919504
-0.785889 -0.911987 -4.000000 -0.889789 -1.188363 -5.912621
-0.778687 -0.921631 -4.000000 -0.902368 -1.198568 -5.896957
-0.780273 -0.923706 -4.000000 -0.892162 -1.225388 -5.888175
-0.785400 -0.912720 -4.000000 -0.886703 -1.237018 -5.863966
-0.784790 -0.921265 -4.000000 -0.869615 -1.237492 -5.835011
-0.787109 -0.920532 -4.000000 -0.864631 -1.229423 -5.805581
-0.789185 -0.915161 -4.000000 -0.861308 -1.209011 -5.783271
-0.782471 -0.921265 -4.000000 -0.866767 -1.197144 -5.747432
-0.789917 -0.923706 -4.000000 -0.880295 -1.206163 -5.724885
-0.786499 -0.917969 -4.000000 -0.883855 -1.239154 -5.694743
-0.784180 -0.921753 -4.000000 -0.857036 -1.290656 -5.670297
-0.779419 -0.920288 -4.000000 -0.808618 -1.342634 -5.635645
-0.779053 -0.914917 -4.000000 -0.748097 -1.383219 -5.610961
-0.780029 -0.917358 -4.000000 -0.681167 -1.409564 -5.564206
-0.784180 -0.913330 -4.000000 -0.612575 -1.409564 -5.513177
-0.790405 -0.915405 -4.000000 -0.549680 -1.367317 -5.474729
-0.783813 -0.918335 -4.000000 -0.502687 -1.323647 -5.441976
-0.784668 -0.910034 -4.000000 -0.471358 -1.312492 -5.428684
-0.786865 -0.907349 -4.000000 -0.446912 -1.332191 -5.399966
-0.786865 -0.913696 -4.000000 -0.426738 -1.347143 -5.386438
-0.787598 -0.915283 -4.000000 -0.411311 -1.352128 -5.379555
-0.786377 -0.916870 -4.000000 -0.392798 -1.391289 -5.379792
-0.784180 -0.922363 -4.000000 -0.362656 -1.453709 -5.374808
-0.785645 -0.920410 -4.000000 -0.300235 -1.511383 -5.377182
-0.779663 -0.911865 -4.000000 -0.239951 -1.543661 -5.359856
-0.785278 -0.918823 -4.000000 -0.164714 -1.530133 -5.335172
-0.789063 -0.914185 -4.000000 -0.096123 -1.457507 -5.345378
-0.781128 -0.916748 -4.000000 -0.045569 -1.320561 -5.373859
-0.785400 -0.913818 -4.000000 -0.026582 -1.207113 -5.413020
-0.791016 -0.921509 -4.000000 -0.086392 -1.230372 -5.427023
-0.783325 -0.915771 -4.000000 -0.178955 -1.322460 -5.417055
