-0.786499 -0.917725 -4.000000 -0.567955 -1.671350 -5.914045
-0.780762 -0.913696 -4.000000 -0.581009 -1.671113 -5.879868
-0.781128 -0.922363 -4.000000 -0.510994 -1.578076 -5.901941
-0.777344 -0.919678 -4.000000 -0.503399 -1.490972 -5.917843
-0.781372 -0.918335 -4.000000 -0.479665 -1.456320 -5.962700
-0.786865 -0.912231 -4.000000 -0.425788 -1.397460 -5.988807
-0.794434 -0.914795 -4.000000 -0.440741 -1.418346 -6.028918
-0.787964 -0.912720 -4.000000 -0.430298 -1.443029 -6.025833
-0.783691 -0.911743 -4.000000 -0.362419 -1.452048 -6.004472
-0.789063 -0.913452 -4.000000 -0.263448 -1.456557 -5.988807
-0.782227 -0.916138 -4.000000 -0.138132 -1.426890 -5.958190
-0.782593 -0.916748 -4.000000 -0.005934 -1.387966 -5.919029
-0.783203 -0.920410 -4.000000 0.121281 -1.334802 -5.886989
-0.784790 -0.909302 -4.000000 0.198179 -1.296353 -5.863492
-0.786255 -0.918091 -4.000000 0.250157 -1.288758 -5.850438
-0.781006 -0.914307 -4.000000 0.287182 -1.312729 -5.839046
-0.790894 -0.916992 -4.000000 0.330378 -1.349042 -5.825517
-0.789673 -0.914917 -4.000000 0.404191 -1.402681 -5.820770
-0.790894 -0.916260 -4.000000 0.493430 -1.454896 -5.808904
-0.783203 -0.913452 -4.000000 0.570803 -1.527285 -5.793239
-0.783936 -0.915894 -4.000000 0.632275 -1.620085 -5.759062
-0.785645 -0.919067 -4.000000 0.688287 -1.712410 -5.715391
-0.790649 -0.922729 -4.000000 0.717242 -1.794530 -5.676705
-0.789551 -0.922607 -4.000000 0.736704 -1.857900 -5.637781
-0.786987 -0.921509 -4.000000 0.762100 -1.929339 -5.632322
-0.786133 -0.915527 -4.000000 0.761388 -1.959956 -5.598382
-0.788940 -0.912109 -4.000000 0.774916 -1.942630 -5.573936
-0.780151 -0.917725 -4.000000 0.799125 -1.886855 -5.531453
-0.783325 -0.920288 -4.000000 0.802210 -1.784562 -5.488969
-0.779053 -0.920898 -4.000000 0.744299 -1.680844 -5.455741
-0.786499 -0.918213 -4.000000 0.603319 -1.631002 -5.455029
-0.792358 -0.919556 -4.000000 0.434095 -1.655448 -5.485409
-0.789185 -0.915894 -4.000000 0.321121 -1.698882 -5.503684
-0.785278 -0.917969 -4.000000 0.207198 -1.772220 -5.534301
-0.786621 -0.925781 -4.000000 0.114398 -1.856001 -5.517687
-0.785889 -0.918579 -4.000000 -0.017801 -1.909165 -5.460963
-0.793091 -0.918091 -4.000000 -0.198416 -1.870004 -5.408510
-0.782349 -0.916504 -4.000000 -0.286470 -1.654499 -5.371723
-0.787720 -0.921631 -4.000000 -0.370488 -1.429026 -5.327578
-0.786987 -0.918945 -4.000000 -0.492956 -1.317001 -5.312625
-0.790161 -0.914063 -4.000000 -0.627053 -1.312729 -5.323068
-0.784668 -0.921387 -4.000000 -0.772543 -1.342871 -5.335172
-0.785767 -0.923584 -4.000000 -0.945801 -1.375624 -5.345852
-0.785889 -0.921265 -4.000000 -1.079424 -1.388203 -5.351786
-0.784668 -0.919800 -4.000000 -1.176496 -1.355213 -5.338970
-0.788330 -0.915649 -4.000000 -1.232271 -1.268346 -5.291739
-0.787231 -0.923828 -4.000000 -1.274517 -1.153711 -5.255900
-0.783203 -0.921509 -4.000000 -1.332903 -1.066607 -5.236439
-0.787720 -0.923950 -4.000000 -1.435434 -1.035278 -5.242372
-0.790527 -0.916260 -4.000000 -1.557427 -1.053079 -5.274413
-0.790161 -0.919922 -4.000000 -1.697220 -1.112889 -5.311201
-0.788208 -0.919922 -4.000000 -1.792631 -1.185040 -5.340868
-0.788574 -0.918213 -4.000000 -1.828944 -1.219217 -5.361517
-0.780762 -0.915161 -4.000000 -1.844371 -1.210673 -5.386675
-0.781616 -0.921265 -4.000000 -1.842947 -1.167952 -5.406849
-0.793335 -0.922363 -4.000000 -1.832979 -1.071591 -5.394745
-0.789185 -0.918457 -4.000000 -1.831555 -0.943428 -5.405188
-0.787842 -0.921875 -4.000000 -1.838200 -0.806482 -5.441976
-0.781494 -0.914307 -4.000000 -1.859798 -0.760201 -5.504633
-0.786011 -0.921509 -4.000000 -1.891127 -0.830928 -5.595534
-0.795532 -0.915405 -4.000000 -1.894450 -0.961465 -5.688572
-0.784302 -0.914185 -4.000000 -1.856713 -1.074440 -5.782084
-0.792725 -0.915894 -4.000000 -1.779815 -1.126892 -5.836672
-0.781494 -0.921143 -4.000000 -1.678708 -1.101259 -5.849726
-0.780273 -0.924561 -4.000000 -1.563360 -0.978791 -5.835011
-0.785156 -0.917847 -4.000000 -1.436858 -0.806482 -5.834299
-0.782471 -0.918701 -4.000000 -1.303473 -0.704189 -5.869188
-0.790649 -0.916748 -4.000000 -1.153948 -0.692084 -5.912147
-0.784302 -0.916748 -4.000000 -1.012019 -0.745011 -5.954156
-0.786621 -0.913574 -4.000000 -0.876023 -0.851102 -6.030342
-0.777832 -0.913696 -4.000000 -0.787495 -1.005611 -6.136908
-0.783081 -0.912109 -4.000000 -0.752131 -1.166053 -6.190310
-0.785767 -0.916992 -4.000000 -0.709173 -1.278315 -6.232081
-0.789551 -0.921143 -4.000000 -0.609490 -1.315577 -6.278125
-0.783447 -0.914551 -4.000000 -0.461152 -1.307982 -6.319660
-0.776489 -0.924561 -4.000000 -0.299286 -1.276891 -6.338172
-0.783569 -0.918091 -4.000000 -0.134809 -1.274280 -6.355735
-0.781738 -0.920166 -4.000000 -0.001661 -1.330530 -6.394660
-0.786865 -0.920532 -4.000000 0.115347 -1.400308 -6.447112
-0.779419 -0.919067 -4.000000 0.226423 -1.475070 -6.478203
-0.780029 -0.912476 -4.000000 0.312340 -1.579974 -6.507159
-0.778076 -0.918457 -4.000000 0.350552 -1.707663 -6.523298
-0.788696 -0.919800 -4.000000 0.378083 -1.784562 -6.546794
-0.782715 -0.915405 -4.000000 0.400393 -1.777916 -6.556051
-0.790283 -0.922729 -4.000000 0.452845 -1.731635 -6.540624
-0.781982 -0.917480 -4.000000 0.468510 -1.703154 -6.535639
-0.786743 -0.922363 -4.000000 0.434807 -1.671588 -6.535402
-0.783447 -0.920410 -4.000000 0.405377 -1.644768 -6.547506
-0.781982 -0.912109 -4.000000 0.386865 -1.624357 -6.533266
-0.784058 -0.915161 -4.000000 0.392323 -1.647854 -6.503124
-0.781372 -0.915405 -4.000000 0.413209 -1.696508 -6.471795
-0.781616 -0.914795 -4.000000 0.444064 -1.750147 -6.455181
-0.784058 -0.918701 -4.000000 0.486548 -1.785511 -6.448298
-0.787842 -0.925293 -4.000000 0.539237 -1.781713 -6.420767
-0.789307 -0.922607 -4.000000 0.595487 -1.740416 -6.378283
-0.782837 -0.915527 -4.000000 0.618746 -1.688676 -6.339596
-0.789185 -0.915283 -4.000000 0.613287 -1.629578 -6.304945
-0.781006 -0.924072 -4.000000 0.544696 -1.568819 -6.285957
-0.788086 -0.919556 -4.000000 0.442402 -1.523013 -6.268631
-0.788208 -0.920532 -4.000000 0.311628 -1.503313 -6.269106
-0.785767 -0.912354 -4.000000 0.174445 -1.510196 -6.281448
-0.796631 -0.920654 -4.000000 0.045095 -1.530845 -6.279787
-0.785522 -0.920898 -4.000000 -0.078322 -1.531557 -6.256290
-0.783081 -0.918823 -4.000000 -0.186312 -1.518741 -6.217129
-0.783813 -0.923828 -4.000000 -0.244935 -1.475307 -6.164202
-0.782837 -0.911133 -4.000000 -0.255853 -1.410751 -6.098221
-0.785767 -0.915039 -4.000000 -0.233780 -1.326732 -5.999725
-0.793213 -0.915894 -4.000000 -0.183939 -1.226337 -5.897431
-0.788574 -0.920654 -4.000000 -0.136233 -1.149439 -5.806056
-0.785767 -0.921753 -4.000000 -0.119145 -1.126180 -5.726072
-0.786255 -0.916382 -4.000000 -0.152372 -1.171274 -5.677892
-0.786621 -0.920532 -4.000000 -0.213132 -1.239628 -5.619743
-0.785645 -0.917358 -4.000000 -0.268907 -1.291606 -5.563019
-0.784302 -0.919800 -4.000000 -0.307118 -1.311068 -5.490156
-0.784912 -0.920654 -4.000000 -0.306644 -1.290656 -5.401153
-0.787231 -0.915649 -4.000000 -0.285283 -1.246274 -5.309539
-0.780396 -0.922974 -4.000000 -0.265584 -1.218742 -5.202736
-0.788086 -0.920654 -4.000000 -0.268432 -1.242714 -5.118481
-0.777710 -0.911377 -4.000000 -0.314239 -1.368504 -5.044668
-0.785522 -0.917847 -4.000000 -0.344143 -1.551968 -4.972754
-0.791626 -0.920410 -4.000000 -0.337023 -1.750859 -4.898229
-0.786499 -0.918213 -4.000000 -0.317324 -1.892077 -4.779321
-0.775757 -0.915405 -4.000000 -0.303321 -1.893738 -4.641901
-0.782471 -0.921265 -4.000000 -0.270093 -1.811618 -4.478374
-0.786499 -0.919922 -4.000000 -0.134097 -1.617474 -4.345701
-0.782715 -0.922241 -4.000000 0.009968 -1.397222 -4.291824
-0.783203 -0.914551 -4.000000 0.078797 -1.356400 -4.286366
-0.783813 -0.913330 -4.000000 0.049129 -1.339074 -4.323628
-0.784546 -0.916748 -4.000000 -0.135996 -1.304185 -4.379403
-0.787109 -0.915039 -4.000000 -0.257752 -1.247698 -4.437077
-0.780518 -0.924561 -4.000000 -0.316612 -1.183616 -4.539370
-0.780762 -0.911133 -4.000000 -0.443114 -1.217081 -4.708356
-0.788940 -0.913208 -4.000000 -0.548968 -1.335039 -4.918403
-0.786377 -0.915161 -4.000000 -0.593351 -1.434247 -5.107088
-0.786621 -0.919922 -4.000000 -0.555139 -1.443504 -5.198464
-0.784180 -0.923340 -4.000000 -0.379032 -1.353552 -5.208433
-0.783569 -0.918945 -4.000000 -0.156170 -1.169376 -5.156693
-0.783203 -0.919800 -4.000000 -0.016139 -1.028395 -5.132246
-0.785889 -0.912964 -4.000000 0.030854 -0.963364 -5.167610
-0.795410 -0.914063 -4.000000 -0.038686 -0.989946 -5.246644
-0.786255 -0.911133 -4.000000 -0.181091 -1.084645 -5.347751
-0.782837 -0.914307 -4.000000 -0.354112 -1.187651 -5.441263
-0.787354 -0.914551 -4.000000 -0.528082 -1.282587 -5.519586
-0.785889 -0.919189 -4.000000 -0.631800 -1.374438 -5.578446
-0.793823 -0.913818 -4.000000 -0.654822 -1.420482 -5.616420
-0.783325 -0.919800 -4.000000 -0.588604 -1.391051 -5.614996
-0.793457 -0.921265 -4.000000 -0.463051 -1.304659 -5.587702
-0.789673 -0.917847 -4.000000 -0.346754 -1.246511 -5.565629
-0.773804 -0.920044 -4.000000 -0.257752 -1.234407 -5.561832
-0.789185 -0.918701 -4.000000 -0.217166 -1.246037 -5.563731
