-0.788330 -0.914673 -4.000000 0.229508 -0.971434 -5.691183
-0.782715 -0.910034 -4.000000 0.135047 -1.031481 -5.701151
-0.785156 -0.919189 -4.000000 -0.072151 -1.199043 -5.774014
-0.786865 -0.924438 -4.000000 -0.260837 -1.339786 -5.834774
-0.787964 -0.917236 -4.000000 -0.308780 -1.413836 -5.835011
-0.790283 -0.918091 -4.000000 -0.270568 -1.444216 -5.826229
-0.792480 -0.916748 -4.000000 -0.225948 -1.460829 -5.820058
-0.783569 -0.918823 -4.000000 -0.201977 -1.483614 -5.807717
-0.784302 -0.917114 -4.000000 -0.212657 -1.525861 -5.772116
-0.779785 -0.918335 -4.000000 -0.230220 -1.571193 -5.743635
-0.783203 -0.915161 -4.000000 -0.242324 -1.554816 -5.701626
-0.780884 -0.919678 -4.000000 -0.229508 -1.482427 -5.669110
-0.781250 -0.917725 -4.000000 -0.236391 -1.422855 -5.655344
-0.794922 -0.919678 -4.000000 -0.260600 -1.373726 -5.657006
-0.787231 -0.918579 -4.000000 -0.304508 -1.350229 -5.679790
-0.785278 -0.920166 -4.000000 -0.332514 -1.337887 -5.694505
-0.777832 -0.920044 -4.000000 -0.342482 -1.338837 -5.699490
-0.784668 -0.926147 -4.000000 -0.363368 -1.323884 -5.708746
-0.785034 -0.911621 -4.000000 -0.386153 -1.327919 -5.712306
-0.788086 -0.921875 -4.000000 -0.413447 -1.341685 -5.731531
-0.788086 -0.915405 -4.000000 -0.425076 -1.364707 -5.726784
-0.791016 -0.918457 -4.000000 -0.422466 -1.383931 -5.696167
-0.786377 -0.912109 -4.000000 -0.413447 -1.361621 -5.633746
-0.785400 -0.918823 -4.000000 -0.386627 -1.312254 -5.544269
-0.787109 -0.914673 -4.000000 -0.363843 -1.312492 -5.466659
-0.785278 -0.922974 -4.000000 -0.379507 -1.394849 -5.405425
-0.781738 -0.914307 -4.000000 -0.387102 -1.499991 -5.336596
-0.774414 -0.913940 -4.000000 -0.394222 -1.586383 -5.266344
-0.784302 -0.910278 -4.000000 -0.365029 -1.603471 -5.189445
-0.781250 -0.913818 -4.000000 -0.342482 -1.562648 -5.131534
-0.783569 -0.921509 -4.000000 -0.370963 -1.521351 -5.080506
-0.784668 -0.916016 -4.000000 -0.402292 -1.458931 -5.027342
-0.783325 -0.918579 -4.000000 -0.418194 -1.394374 -4.997674
-0.788452 -0.920532 -4.000000 -0.417482 -1.345482 -4.986994
-0.785645 -0.911133 -4.000000 -0.472782 -1.411700 -5.003133
-0.785400 -0.917114 -4.000000 -0.451659 -1.436146 -5.010016
-0.782227 -0.915527 -4.000000 -0.483462 -1.418346 -5.013102
-0.780273 -0.920776 -4.000000 -0.505535 -1.442080 -4.988656
-0.789551 -0.915649 -4.000000 -0.518589 -1.440655 -4.992928
-0.784058 -0.917603 -4.000000 -0.558936 -1.450624 -5.003133
-0.790527 -0.920776 -4.000000 -0.575313 -1.463915 -5.018560
-0.780029 -0.910034 -4.000000 -0.555851 -1.445165 -5.047516
-0.783447 -0.917725 -4.000000 -0.497940 -1.362571 -5.069589
-0.787476 -0.916748 -4.000000 -0.431959 -1.275704 -5.109699
-0.787720 -0.918457 -4.000000 -0.395409 -1.255055 -5.161914
-0.779785 -0.921387 -4.000000 -0.456168 -1.289707 -5.226708
-0.787354 -0.918335 -4.000000 -0.574126 -1.368267 -5.286280
-0.783569 -0.917969 -4.000000 -0.644379 -1.408140 -5.329713
-0.787109 -0.921631 -4.000000 -0.645328 -1.373251 -5.367925
-0.788574 -0.921143 -4.000000 -0.641768 -1.320324 -5.382165
-0.781494 -0.916626 -4.000000 -0.617322 -1.239391 -5.384539
-0.785034 -0.917969 -4.000000 -0.544933 -1.170325 -5.365789
-0.789063 -0.913452 -4.000000 -0.484174 -1.155610 -5.398779
-0.783081 -0.917358 -4.000000 -0.459728 -1.185989 -5.438178
-0.778809 -0.921753 -4.000000 -0.475630 -1.240103 -5.506295
-0.783325 -0.928467 -4.000000 -0.497703 -1.296115 -5.558984
-0.783447 -0.917236 -4.000000 -0.468984 -1.322935 -5.614285
-0.786499 -0.917480 -4.000000 -0.405852 -1.329818 -5.659379
-0.785400 -0.921875 -4.000000 -0.336549 -1.338837 -5.688572
-0.783813 -0.918091 -4.000000 -0.301897 -1.332191 -5.724173
-0.792236 -0.918213 -4.000000 -0.290267 -1.326495 -5.771166
-0.782837 -0.919067 -4.000000 -0.308068 -1.331004 -5.854948
-0.787964 -0.918701 -4.000000 -0.358858 -1.349280 -5.942051
-0.786865 -0.924561 -4.000000 -0.392086 -1.359010 -6.021560
-0.786621 -0.921143 -4.000000 -0.406801 -1.350466 -6.091339
-0.779175 -0.916504 -4.000000 -0.398732 -1.350941 -6.162066
-0.789063 -0.916138 -4.000000 -0.400156 -1.369453 -6.219977
-0.783325 -0.916626 -4.000000 -0.410599 -1.402918 -6.276227
-0.781860 -0.916992 -4.000000 -0.414871 -1.430687 -6.332476
-0.789063 -0.913696 -4.000000 -0.412497 -1.470560 -6.400118
-0.788330 -0.915161 -4.000000 -0.403004 -1.493108 -6.456842
-0.785156 -0.917114 -4.000000 -0.407039 -1.509959 -6.493867
-0.788574 -0.918579 -4.000000 -0.387814 -1.490972 -6.494105
-0.784546 -0.918457 -4.000000 -0.373336 -1.428551 -6.476779
-0.784302 -0.915894 -4.000000 -0.375947 -1.392238 -6.471320
-0.786133 -0.915894 -4.000000 -0.370726 -1.315103 -6.447586
-0.784790 -0.920288 -4.000000 -0.374286 -1.259802 -6.452096
-0.786011 -0.917480 -4.000000 -0.331802 -1.250309 -6.481763
-0.792480 -0.918823 -4.000000 -0.280062 -1.295641 -6.541098
-0.786743 -0.923584 -4.000000 -0.257752 -1.387017 -6.614911
-0.785767 -0.919067 -4.000000 -0.258938 -1.486225 -6.670923
-0.784180 -0.918701 -4.000000 -0.271755 -1.572617 -6.715069
-0.786499 -0.915649 -4.000000 -0.260600 -1.612253 -6.705101
-0.785156 -0.918213 -4.000000 -0.215742 -1.584246 -6.674483
-0.778931 -0.911499 -4.000000 -0.210046 -1.513994 -6.627490
-0.785034 -0.917358 -4.000000 -0.215268 -1.440181 -6.565070
-0.782227 -0.916260 -4.000000 -0.211470 -1.406953 -6.521636
-0.781372 -0.917969 -4.000000 -0.215505 -1.396036 -6.475118
-0.791260 -0.915527 -4.000000 -0.213132 -1.393188 -6.446874
-0.782471 -0.916260 -4.000000 -0.234492 -1.362096 -6.401305
-0.785645 -0.921143 -4.000000 -0.232831 -1.335514 -6.374722
-0.779053 -0.921265 -4.000000 -0.248970 -1.320561 -6.329154
-0.787720 -0.913452 -4.000000 -0.281248 -1.312966 -6.318473
-0.786987 -0.921997 -4.000000 -0.314476 -1.323884 -6.321321
-0.789673 -0.927124 -4.000000 -0.373099 -1.335751 -6.310641
-0.789795 -0.915771 -4.000000 -0.441928 -1.340973 -6.301859
-0.785767 -0.918091 -4.000000 -0.505535 -1.345957 -6.280736
-0.782715 -0.919067 -4.000000 -0.570803 -1.350941 -6.252492
-0.790771 -0.921387 -4.000000 -0.629426 -1.340023 -6.188411
-0.788452 -0.919800 -4.000000 -0.657670 -1.326970 -6.138332
-0.786621 -0.917847 -4.000000 -0.689711 -1.304659 -6.079709
-0.785767 -0.915771 -4.000000 -0.717717 -1.286384 -6.019187
-0.780762 -0.916382 -4.000000 -0.765660 -1.261226 -5.965074
-0.786987 -0.918701 -4.000000 -0.829979 -1.234644 -5.926387
-0.784302 -0.919556 -4.000000 -0.875548 -1.210910 -5.896245
-0.783447 -0.917480 -4.000000 -0.918982 -1.197856 -5.873460
-0.787231 -0.916992 -4.000000 -0.984013 -1.179344 -5.853523
-0.781128 -0.916382 -4.000000 -1.032193 -1.150388 -5.839283
-0.784180 -0.918457 -4.000000 -1.074202 -1.134012 -5.839046
-0.781494 -0.918091 -4.000000 -1.095800 -1.135911 -5.835960
-0.782837 -0.918945 -4.000000 -1.128316 -1.158695 -5.842131
-0.788818 -0.924316 -4.000000 -1.173173 -1.198331 -5.840707
-0.790894 -0.919922 -4.000000 -1.209723 -1.234169 -5.827891
-0.791260 -0.917725 -4.000000 -1.204027 -1.237255 -5.766657
-0.783569 -0.916382 -4.000000 -1.175546 -1.209961 -5.703050
-0.782349 -0.914795 -4.000000 -1.125942 -1.195720 -5.633984
-0.781982 -0.923340 -4.000000 -1.083933 -1.233220 -5.587465
-0.783203 -0.916870 -4.000000 -1.092715 -1.322460 -5.575835
-0.787476 -0.918457 -4.000000 -1.117398 -1.429026 -5.537149
-0.786377 -0.912354 -4.000000 -1.117161 -1.521114 -5.432482
-0.779175 -0.921021 -4.000000 -1.055927 -1.524674 -5.305979
-0.788086 -0.920166 -4.000000 -0.905691 -1.478630 -5.205585
-0.781982 -0.919312 -4.000000 -0.753793 -1.432349 -5.129636
-0.792969 -0.917114 -4.000000 -0.629901 -1.417871 -5.058908
-0.781982 -0.915771 -4.000000 -0.531880 -1.415972 -5.019747
-0.784668 -0.914185 -4.000000 -0.471832 -1.398884 -5.016899
-0.788330 -0.919312 -4.000000 -0.447386 -1.410039 -5.050601
-0.780518 -0.916748 -4.000000 -0.450472 -1.495244 -5.092848
-0.788940 -0.918213 -4.000000 -0.496753 -1.656873 -5.117294
-0.782227 -0.917725 -4.000000 -0.575313 -1.832742 -5.155743
-0.780273 -0.919800 -4.000000 -0.630850 -1.924118 -5.150522
-0.784180 -0.912109 -4.000000 -0.580534 -1.886855 -5.104240
-0.789917 -0.913330 -4.000000 -0.471595 -1.689388 -5.071962
-0.781372 -0.918335 -4.000000 -0.381168 -1.443266 -5.059383
-0.788940 -0.922852 -4.000000 -0.323495 -1.257192 -5.089762
-0.784058 -0.915527 -4.000000 -0.309492 -1.149202 -5.126550
-0.783691 -0.915283 -4.000000 -0.358384 -1.174597 -5.176154
-0.781982 -0.913940 -4.000000 -0.401817 -1.266922 -5.221249
-0.785889 -0.914307 -4.000000 -0.428399 -1.317476 -5.276786
-0.784058 -0.918213 -4.000000 -0.438842 -1.337412 -5.339682
-0.782349 -0.918335 -4.000000 -0.477291 -1.343821 -5.411358
-0.780884 -0.920044 -4.000000 -0.475867 -1.218742 -5.446010
-0.783447 -0.915771 -4.000000 -0.577924 -1.132113 -5.460963
-0.787598 -0.915527 -4.000000 -0.593588 -1.183141 -5.513889
-0.786255 -0.916260 -4.000000 -0.546832 -1.188838 -5.567054
-0.775146 -0.908325 -4.000000 -0.530693 -1.214470 -5.611199
-0.785156 -0.911743 -4.000000 -0.500551 -1.232983 -5.629000
-0.778442 -0.913330 -4.000000 -0.447624 -1.257192 -5.657718
-0.783569 -0.908081 -4.000000 -0.419618 -1.269296 -5.680027
-0.783203 -0.910889 -4.000000 -0.416532 -1.258141 -5.688334
