-0.778076 -0.910400 -4.000000 -0.267957 -1.353789 -5.763334
-0.779907 -0.924194 -4.000000 -0.342957 -1.311780 -5.765470
-0.780151 -0.920532 -4.000000 -0.397782 -1.304659 -5.790865
-0.786499 -0.922119 -4.000000 -0.437181 -1.328156 -5.811989
-0.782104 -0.915771 -4.000000 -0.424839 -1.381083 -5.813176
-0.786621 -0.914063 -4.000000 -0.370726 -1.416447 -5.811989
-0.787842 -0.922852 -4.000000 -0.310204 -1.448962 -5.797986
-0.777832 -0.918091 -4.000000 -0.257514 -1.462253 -5.790154
-0.784180 -0.919800 -4.000000 -0.240900 -1.468424 -5.759537
-0.785400 -0.915649 -4.000000 -0.252767 -1.454184 -5.743635
-0.782837 -0.916748 -4.000000 -0.287182 -1.433061 -5.742448
-0.790283 -0.912598 -4.000000 -0.337261 -1.450387 -5.743398
-0.784912 -0.913940 -4.000000 -0.368352 -1.467000 -5.748619
-0.787109 -0.918579 -4.000000 -0.396121 -1.482427 -5.760011
-0.785156 -0.918823 -4.000000 -0.417482 -1.518978 -5.780897
-0.783691 -0.919434 -4.000000 -0.452133 -1.561936 -5.785407
-0.788086 -0.918457 -4.000000 -0.473494 -1.598012 -5.807242
-0.781128 -0.922729 -4.000000 -0.480614 -1.609167 -5.810090
-0.789185 -0.915894 -4.000000 -0.495092 -1.590180 -5.796562
-0.782837 -0.915894 -4.000000 -0.502924 -1.544136 -5.783983
-0.789917 -0.915527 -4.000000 -0.500313 -1.480054 -5.746008
-0.788696 -0.910767 -4.000000 -0.495092 -1.423092 -5.719901
-0.785156 -0.909180 -4.000000 -0.489633 -1.375150 -5.708034
-0.780151 -0.919312 -4.000000 -0.471832 -1.316527 -5.678604
-0.780273 -0.913086 -4.000000 -0.439317 -1.268584 -5.643240
-0.785400 -0.927490 -4.000000 -0.384491 -1.227761 -5.623303
-0.778931 -0.912476 -4.000000 -0.294777 -1.170800 -5.591500
-0.781860 -0.918945 -4.000000 -0.196518 -1.116211 -5.561832
-0.785645 -0.917480 -4.000000 -0.153797 -1.072066 -5.513652
-0.785278 -0.922729 -4.000000 -0.202451 -1.035041 -5.426548
-0.776855 -0.916138 -4.000000 -0.314951 -1.013918 -5.344429
-0.783936 -0.916504 -4.000000 -0.414871 -1.007272 -5.281059
-0.790894 -0.914429 -4.000000 -0.444776 -1.035516 -5.201787
-0.781738 -0.915649 -4.000000 -0.399681 -1.118110 -5.127974
-0.786255 -0.919189 -4.000000 -0.340821 -1.226337 -5.067690
-0.783203 -0.914673 -4.000000 -0.250157 -1.354026 -4.953292
-0.782959 -0.912354 -4.000000 -0.111313 -1.454421 -4.854558
-0.783691 -0.925415 -4.000000 0.022785 -1.474120 -4.741584
-0.781860 -0.917358 -4.000000 0.126265 -1.450387 -4.639528
-0.786987 -0.913086 -4.000000 0.177768 -1.471035 -4.584228
-0.787720 -0.919189 -4.000000 0.116771 -1.349042 -4.569512
-0.791504 -0.917603 -4.000000 0.045807 -1.143031 -4.495225
-0.784790 -0.909790 -4.000000 -0.032516 -0.924203 -4.442061
-0.780151 -0.921509 -4.000000 -0.161629 -0.645566 -4.465320
-0.786377 -0.915161 -4.000000 -0.331327 -0.514791 -4.587313
-0.785400 -0.919556 -4.000000 -0.546832 -0.580297 -4.715714
-0.785034 -0.918091 -4.000000 -0.707986 -0.750707 -4.818957
-0.782471 -0.919434 -4.000000 -0.717005 -0.925627 -4.904874
-0.784180 -0.921997 -4.000000 -0.598335 -0.994930 -4.993165
-0.782471 -0.921265 -4.000000 -0.429823 -0.964076 -5.072911
-0.782471 -0.915283 -4.000000 -0.293590 -0.891687 -5.122278
-0.784302 -0.927612 -4.000000 -0.267008 -0.829979 -5.183987
-0.786743 -0.924683 -4.000000 -0.333938 -0.793191 -5.268717
-0.789917 -0.917236 -4.000000 -0.419618 -0.795090 -5.350125
-0.781738 -0.917847 -4.000000 -0.448810 -0.842558 -5.438178
-0.781494 -0.915405 -4.000000 -0.407751 -0.878396 -5.494190
-0.780762 -0.918945 -4.000000 -0.346279 -0.920880 -5.539048
-0.785645 -0.923096 -4.000000 -0.286707 -0.974994 -5.591737
-0.786377 -0.914429 -4.000000 -0.258938 -1.033142 -5.648936
-0.785400 -0.907959 -4.000000 -0.253005 -1.079661 -5.681689
-0.786377 -0.910767 -4.000000 -0.253242 -1.082272 -5.698303
-0.782715 -0.917847 -4.000000 -0.250157 -1.071829 -5.737226
-0.783691 -0.912598 -4.000000 -0.274603 -1.083458 -5.764046
-0.780151 -0.918945 -4.000000 -0.342245 -1.132113 -5.780897
-0.787354 -0.918091 -4.000000 -0.417482 -1.201179 -5.812701
-0.784546 -0.913208 -4.000000 -0.477529 -1.273568 -5.865865
-0.779541 -0.915161 -4.000000 -0.489633 -1.310118 -5.889836
-0.781006 -0.919067 -4.000000 -0.468272 -1.302049 -5.927336
-0.785889 -0.921021 -4.000000 -0.458067 -1.286384 -5.970295
-0.790039 -0.916992 -4.000000 -0.449048 -1.311068 -6.024646
-0.789307 -0.918457 -4.000000 -0.451896 -1.368029 -6.066180
-0.788086 -0.919312 -4.000000 -0.449522 -1.406241 -6.125041
-0.784668 -0.922607 -4.000000 -0.488684 -1.396273 -6.177730
-0.793091 -0.913696 -4.000000 -0.552291 -1.390577 -6.225673
-0.781738 -0.918457 -4.000000 -0.636072 -1.380608 -6.283584
-0.789063 -0.916138 -4.000000 -0.701815 -1.313679 -6.332714
-0.781738 -0.911133 -4.000000 -0.808618 -1.238679 -6.411273
-0.784180 -0.919189 -4.000000 -0.922304 -1.174597 -6.504785
-0.778564 -0.919434 -4.000000 -1.024835 -1.127366 -6.586668
-0.785278 -0.919067 -4.000000 -1.090816 -1.075626 -6.672585
-0.788818 -0.919556 -4.000000 -1.111702 -0.996829 -6.744262
-0.787964 -0.921997 -4.000000 -1.105531 -0.925864 -6.801461
-0.788818 -0.924194 -4.000000 -1.124756 -0.899520 -6.844656
-0.788940 -0.919678 -4.000000 -1.162967 -0.937257 -6.866492
-0.786865 -0.918457 -4.000000 -1.240815 -1.013680 -6.915859
-0.787964 -0.917236 -4.000000 -1.365181 -1.105768 -6.929387
-0.789673 -0.920654 -4.000000 -1.522775 -1.142793 -6.873374
-0.786377 -0.922241 -4.000000 -1.574515 -1.043111 -6.738328
-0.784424 -0.917236 -4.000000 -1.362333 -0.752843 -6.522823
-0.786133 -0.920410 -4.000000 -0.919219 -0.353874 -6.364992
-0.789673 -0.919556 -4.000000 -0.477054 -0.078085 -6.239202
-0.782593 -0.913086 -4.000000 -0.132436 -0.207435 -6.142604
-0.784424 -0.916870 -4.000000 0.017563 -0.659569 -6.086117
-0.783691 -0.912598 -4.000000 -0.033940 -1.075626 -6.099171
-0.779053 -0.914429 -4.000000 -0.264160 -1.375624 -6.149012
-0.784546 -0.918701 -4.000000 -0.568905 -1.587806 -6.250594
-0.787109 -0.920532 -4.000000 -0.829979 -1.728312 -6.332476
-0.785156 -0.920776 -4.000000 -0.980215 -1.777204 -6.359770
-0.777466 -0.920898 -4.000000 -0.964076 -1.763913 -6.331052
-0.792358 -0.923828 -4.000000 -0.834488 -1.719293 -6.246559
-0.783203 -0.921021 -4.000000 -0.635360 -1.618423 -6.139044
-0.782837 -0.921875 -4.000000 -0.444301 -1.469374 -6.029155
-0.787109 -0.923584 -4.000000 -0.294539 -1.368979 -5.970295
-0.787720 -0.919067 -4.000000 -0.224049 -1.343821 -5.943713
-0.784424 -0.918091 -4.000000 -0.194856 -1.369691 -5.918792
-0.777832 -0.919434 -4.000000 -0.207198 -1.396273 -5.897906
-0.787720 -0.920532 -4.000000 -0.256565 -1.418583 -5.911197
-0.785522 -0.918213 -4.000000 -0.332276 -1.424279 -5.910248
-0.788452 -0.914673 -4.000000 -0.404665 -1.419770 -5.930659
-0.781372 -0.922485 -4.000000 -0.447386 -1.416447 -5.921403
-0.784058 -0.915161 -4.000000 -0.445488 -1.391051 -5.888650
-0.776367 -0.915405 -4.000000 -0.431485 -1.364232 -5.842606
-0.790649 -0.915161 -4.000000 -0.422466 -1.355688 -5.786593
-0.786621 -0.916260 -4.000000 -0.438368 -1.354264 -5.727733
-0.780273 -0.915527 -4.000000 -0.480614 -1.357349 -5.681214
-0.783447 -0.913086 -4.000000 -0.530930 -1.379896 -5.621405
-0.780273 -0.913818 -4.000000 -0.585044 -1.411463 -5.544269
-0.785400 -0.918091 -4.000000 -0.589079 -1.415735 -5.430583
-0.788086 -0.918091 -4.000000 -0.504111 -1.354976 -5.294112
-0.784668 -0.912598 -4.000000 -0.398494 -1.258853 -5.170695
-0.781738 -0.924316 -4.000000 -0.348653 -1.229185 -5.083117
-0.783936 -0.925049 -4.000000 -0.392561 -1.282587 -5.032563
-0.784790 -0.922974 -4.000000 -0.548019 -1.376336 -4.973228
-0.783936 -0.918823 -4.000000 -0.717242 -1.491209 -4.907722
-0.785889 -0.914429 -4.000000 -0.785122 -1.582585 -4.825840
-0.785522 -0.919067 -4.000000 -0.757353 -1.614389 -4.746806
-0.778687 -0.922485 -4.000000 -0.597148 -1.556715 -4.650683
-0.779297 -0.920044 -4.000000 -0.374760 -1.513519 -4.568563
-0.782959 -0.915161 -4.000000 -0.332751 -1.411937 -4.550763
-0.783813 -0.914307 -4.000000 -0.396833 -1.143743 -4.326239
-0.789795 -0.915039 -4.000000 -0.399206 -0.824520 -4.269277
-0.781128 -0.915527 -4.000000 -0.440266 -0.527133 -4.437788
-0.783203 -0.916870 -4.000000 -0.543035 -0.428399 -4.676078
-0.783081 -0.916626 -4.000000 -0.664078 -0.613762 -4.864289
-0.783325 -0.914673 -4.000000 -0.666452 -1.006797 -5.009542
-0.786377 -0.922241 -4.000000 -0.536626 -1.334327 -5.096645
-0.781250 -0.921753 -4.000000 -0.370488 -1.456320 -5.111598
-0.788452 -0.920410 -4.000000 -0.239002 -1.408615 -5.132721
-0.790894 -0.915771 -4.000000 -0.167562 -1.249834 -5.184936
-0.783447 -0.917358 -4.000000 -0.200315 -1.040025 -5.268242
-0.779175 -0.917480 -4.000000 -0.364555 -0.842558 -5.385726
-0.784912 -0.917969 -4.000000 -0.543272 -0.763998 -5.520061
-0.786987 -0.919800 -4.000000 -0.700629 -0.829030 -5.632797
-0.780518 -0.915039 -4.000000 -0.765660 -1.011782 -5.720376
-0.782593 -0.921265 -4.000000 -0.735992 -1.193110 -5.778998
-0.788452 -0.918701 -4.000000 -0.657907 -1.302049 -5.763097
-0.785278 -0.915039 -4.000000 -0.548493 -1.254818 -5.706135
-0.778198 -0.922485 -4.000000 -0.423415 -1.094139 -5.653446
-0.784424 -0.920410 -4.000000 -0.330378 -0.941766 -5.647512
-0.780884 -0.916870 -4.000000 -0.312102 -0.932510 -5.661753
