-0.782349 -0.920898 -4.000000 -0.357197 -1.411463 -5.956054
-0.787842 -0.911133 -4.000000 -0.344143 -1.412175 -5.967684
-0.790649 -0.914429 -4.000000 -0.352213 -1.419770 -5.953444
-0.787354 -0.912354 -4.000000 -0.359808 -1.424991 -5.955342
-0.782715 -0.924072 -4.000000 -0.389713 -1.444690 -5.961039
-0.781006 -0.914307 -4.000000 -0.404428 -1.467475 -5.963649
-0.781372 -0.911255 -4.000000 -0.404191 -1.451336 -5.965311
-0.785400 -0.912842 -4.000000 -0.408225 -1.420007 -5.960564
-0.783691 -0.918579 -4.000000 -0.397545 -1.400070 -5.936355
-0.786499 -0.912598 -4.000000 -0.378083 -1.393899 -5.925912
-0.786499 -0.912842 -4.000000 -0.354586 -1.415497 -5.891973
-0.780273 -0.918335 -4.000000 -0.344618 -1.453235 -5.865865
-0.789185 -0.921753 -4.000000 -0.332276 -1.505924 -5.835960
-0.785400 -0.917725 -4.000000 -0.300473 -1.546035 -5.793239
-0.789063 -0.919067 -4.000000 -0.262973 -1.563835 -5.748857
-0.787964 -0.916138 -4.000000 -0.235442 -1.548408 -5.663888
-0.788696 -0.921265 -4.000000 -0.221201 -1.496431 -5.564918
-0.784424 -0.912354 -4.000000 -0.254666 -1.412175 -5.461912
-0.781494 -0.917236 -4.000000 -0.364555 -1.331716 -5.357245
-0.789063 -0.914307 -4.000000 -0.576262 -1.308457 -5.244746
-0.785522 -0.921143 -4.000000 -0.820960 -1.397697 -5.151708
-0.786133 -0.921997 -4.000000 -0.973095 -1.609879 -5.042769
-0.785400 -0.916260 -4.000000 -0.903317 -1.818027 -4.916504
-0.785034 -0.919556 -4.000000 -0.646278 -1.919846 -4.778135
-0.783813 -0.917236 -4.000000 -0.324919 -1.917235 -4.641901
-0.780029 -0.921387 -4.000000 -0.003085 -1.846270 -4.538184
-0.791748 -0.918945 -4.000000 0.231881 -1.667553 -4.428533
-0.784546 -0.918579 -4.000000 0.361232 -1.398409 -4.400764
-0.784790 -0.914185 -4.000000 0.393985 -1.253394 -4.399102
-0.784180 -0.920654 -4.000000 0.302134 -1.146828 -4.359704
-0.786499 -0.919312 -4.000000 0.195094 -1.090341 -4.288739
-0.789185 -0.912476 -4.000000 0.077848 -1.100784 -4.350448
-0.781616 -0.912842 -4.000000 -0.106091 -1.161069 -4.496412
-0.783936 -0.921143 -4.000000 -0.280062 -1.241527 -4.656616
-0.781494 -0.914673 -4.000000 -0.385441 -1.249359 -4.782644
-0.781616 -0.920288 -4.000000 -0.392086 -1.171037 -4.914843
-0.781128 -0.924805 -4.000000 -0.355298 -1.030057 -5.047516
-0.787109 -0.913086 -4.000000 -0.336786 -0.919694 -5.187309
-0.787354 -0.918579 -4.000000 -0.369776 -0.915184 -5.300046
-0.785645 -0.919189 -4.000000 -0.415583 -0.981639 -5.390710
-0.784912 -0.921875 -4.000000 -0.456168 -1.031244 -5.467845
-0.786255 -0.919678 -4.000000 -0.429586 -1.031956 -5.537149
-0.785034 -0.919434 -4.000000 -0.382118 -1.027209 -5.598382
-0.788452 -0.909546 -4.000000 -0.339634 -1.057588 -5.644427
-0.786743 -0.909912 -4.000000 -0.344143 -1.126417 -5.663177
-0.782837 -0.922119 -4.000000 -0.378558 -1.198568 -5.666025
-0.777710 -0.920532 -4.000000 -0.425551 -1.248647 -5.673857
-0.783813 -0.916992 -4.000000 -0.459016 -1.285672 -5.684062
-0.784302 -0.916992 -4.000000 -0.452371 -1.307033 -5.706610
-0.781372 -0.915649 -4.000000 -0.377608 -1.275467 -5.719189
-0.783447 -0.919678 -4.000000 -0.278637 -1.206638 -5.734616
-0.783936 -0.914917 -4.000000 -0.201027 -1.149676 -5.741261
-0.788818 -0.925049 -4.000000 -0.164239 -1.139233 -5.760486
-0.789307 -0.921875 -4.000000 -0.157119 -1.191686 -5.780660
-0.785400 -0.917480 -4.000000 -0.183939 -1.279264 -5.793714
-0.784424 -0.916748 -4.000000 -0.209809 -1.378235 -5.812938
-0.781250 -0.916748 -4.000000 -0.225948 -1.428551 -5.818160
-0.786011 -0.916260 -4.000000 -0.212420 -1.424754 -5.818160
-0.783203 -0.911987 -4.000000 -0.195568 -1.364232 -5.822195
-0.787354 -0.910278 -4.000000 -0.186787 -1.289944 -5.825517
-0.790161 -0.916138 -4.000000 -0.188923 -1.227287 -5.827653
-0.779907 -0.919067 -4.000000 -0.207673 -1.194059 -5.843081
-0.785645 -0.915161 -4.000000 -0.244935 -1.212097 -5.849489
-0.797607 -0.915894 -4.000000 -0.282435 -1.284011 -5.864204
-0.781250 -0.917358 -4.000000 -0.298099 -1.375624 -5.854710
-0.780151 -0.926025 -4.000000 -0.279824 -1.429263 -5.847115
-0.792603 -0.920410 -4.000000 -0.249919 -1.393662 -5.841894
-0.785645 -0.915161 -4.000000 -0.213606 -1.311068 -5.863729
-0.782837 -0.919678 -4.000000 -0.176819 -1.224676 -5.880817
-0.791382 -0.917114 -4.000000 -0.165664 -1.150388 -5.896008
-0.786133 -0.916382 -4.000000 -0.182515 -1.087493 -5.936355
-0.781982 -0.918335 -4.000000 -0.240900 -1.019139 -5.991181
-0.785767 -0.920288 -4.000000 -0.324919 -1.001576 -6.103918
-0.783203 -0.914551 -4.000000 -0.422228 -0.964551 -6.206686
-0.785889 -0.919922 -4.000000 -0.545645 -0.904029 -6.299011
-0.783325 -0.915771 -4.000000 -0.665502 -0.856561 -6.394897
-0.784424 -0.918335 -4.000000 -0.794378 -0.848729 -6.498614
-0.783203 -0.914185 -4.000000 -0.913285 -0.890738 -6.591889
-0.791016 -0.917114 -4.000000 -0.990184 -0.913048 -6.667601
-0.786987 -0.912354 -4.000000 -1.037889 -0.862020 -6.733819
-0.780029 -0.916138 -4.000000 -1.092003 -0.775628 -6.781761
-0.784058 -0.919067 -4.000000 -1.142081 -0.698730 -6.819499
-0.780640 -0.920532 -4.000000 -1.213521 -0.704426 -6.875986
-0.781738 -0.914429 -4.000000 -1.330767 -0.834251 -6.931286
-0.780029 -0.914063 -4.000000 -1.472934 -1.047857 -6.972345
-0.785034 -0.915649 -4.000000 -1.619847 -1.266448 -6.971396
-0.781860 -0.915771 -4.000000 -1.708375 -1.407428 -6.920843
-0.789063 -0.920654 -4.000000 -1.679420 -1.428314 -6.826144
-0.782715 -0.916016 -4.000000 -1.503551 -1.325308 -6.655734
-0.789307 -0.913452 -4.000000 -1.206875 -1.151575 -6.457792
-0.778687 -0.916626 -4.000000 -0.908301 -1.058775 -6.289517
-0.785400 -0.917114 -4.000000 -0.782986 -1.130689 -6.199803
-0.787354 -0.917725 -4.000000 -0.867716 -1.346194 -6.197430
-0.788696 -0.917358 -4.000000 -0.991133 -1.593503 -6.221876
-0.782349 -0.916992 -4.000000 -0.971434 -1.743976 -6.230895
-0.788086 -0.916626 -4.000000 -0.781324 -1.730211 -6.196480
-0.778687 -0.918945 -4.000000 -0.527845 -1.635512 -6.151385
-0.789551 -0.917480 -4.000000 -0.335124 -1.547459 -6.108664
-0.783081 -0.918457 -4.000000 -0.238764 -1.519452 -6.084930
-0.779785 -0.920288 -4.000000 -0.238290 -1.527997 -6.050991
-0.781006 -0.913086 -4.000000 -0.291691 -1.545085 -6.010643
-0.784546 -0.924072 -4.000000 -0.366216 -1.555528 -5.962700
-0.784790 -0.924316 -4.000000 -0.447149 -1.570955 -5.946323
-0.782715 -0.920044 -4.000000 -0.542560 -1.589705 -5.948460
-0.788696 -0.915039 -4.000000 -0.606404 -1.589468 -5.938966
-0.784180 -0.916138 -4.000000 -0.618271 -1.565022 -5.926387
-0.787476 -0.915039 -4.000000 -0.583620 -1.509959 -5.927574
-0.787842 -0.918213 -4.000000 -0.520962 -1.449674 -5.913333
-0.791626 -0.914429 -4.000000 -0.485124 -1.423804 -5.900042
-0.785645 -0.917114 -4.000000 -0.466136 -1.437807 -5.872510
-0.786987 -0.919189 -4.000000 -0.452133 -1.445877 -5.843555
-0.789185 -0.911499 -4.000000 -0.445250 -1.419532 -5.822906
-0.790283 -0.921387 -4.000000 -0.440978 -1.366131 -5.797037
-0.779785 -0.919800 -4.000000 -0.448573 -1.324596 -5.781372
-0.780273 -0.916016 -4.000000 -0.474443 -1.309881 -5.766894
-0.779907 -0.919312 -4.000000 -0.483937 -1.318663 -5.749806
-0.781128 -0.923218 -4.000000 -0.468272 -1.338599 -5.725122
-0.787231 -0.919556 -4.000000 -0.426026 -1.343346 -5.692369
-0.784546 -0.911377 -4.000000 -0.374998 -1.335276 -5.646563
-0.788574 -0.917847 -4.000000 -0.338447 -1.330530 -5.577022
-0.785767 -0.921875 -4.000000 -0.320172 -1.332428 -5.493953
-0.783813 -0.917236 -4.000000 -0.337023 -1.370640 -5.388574
-0.784790 -0.920044 -4.000000 -0.408463 -1.429263 -5.275125
-0.782715 -0.919922 -4.000000 -0.547069 -1.445640 -5.167610
-0.784058 -0.916504 -4.000000 -0.723413 -1.491446 -5.053687
-0.781250 -0.927246 -4.000000 -0.817163 -1.724514 -5.011440
-0.786377 -0.914795 -4.000000 -0.823096 -1.897536 -4.947596
-0.782837 -0.922485 -4.000000 -0.712021 -1.950225 -4.794036
-0.786987 -0.921021 -4.000000 -0.468984 -1.876887 -4.677740
-0.784058 -0.920654 -4.000000 -0.158543 -1.695322 -4.582804
-0.788818 -0.914063 -4.000000 0.077610 -1.460829 -4.555984
-0.778931 -0.920410 -4.000000 0.150711 -1.125942 -4.606538
-0.783813 -0.912720 -4.000000 0.085443 -0.778713 -4.724496
-0.788574 -0.908691 -4.000000 -0.043433 -0.644379 -4.833435
-0.784058 -0.920044 -4.000000 -0.221201 -0.942241 -4.812549
-0.779175 -0.913696 -4.000000 -0.412735 -1.299201 -4.777185
-0.781860 -0.919800 -4.000000 -0.467560 -1.370165 -4.874969
-0.781860 -0.916748 -4.000000 -0.432909 -1.286384 -5.012864
-0.785522 -0.919067 -4.000000 -0.394460 -1.213046 -5.108750
-0.788818 -0.916992 -4.000000 -0.372387 -1.100072 -5.170933
-0.786987 -0.920532 -4.000000 -0.360995 -0.904979 -5.269666
-0.786865 -0.922363 -4.000000 -0.390662 -0.784884 -5.435567
-0.774292 -0.922119 -4.000000 -0.466848 -0.805058 -5.559221
-0.783691 -0.922729 -4.000000 -0.542323 -0.909013 -5.600044
-0.786743 -0.917969 -4.000000 -0.622306 -1.028395 -5.607639
-0.782959 -0.925415 -4.000000 -0.707274 -1.104582 -5.641579
-0.783447 -0.918335 -4.000000 -0.739790 -1.137572 -5.687860
-0.786743 -0.920410 -4.000000 -0.710359 -1.155135 -5.738651
-0.788086 -0.917969 -4.000000 -0.630376 -1.158695 -5.761910
-0.787842 -0.915405 -4.000000 -0.523573 -1.152050 -5.779948
