-0.779785 -0.925659 -4.000000 -0.340583 -1.301099 -5.773065
-0.783447 -0.921387 -4.000000 -0.399206 -1.379422 -5.785882
-0.784180 -0.918579 -4.000000 -0.434095 -1.432823 -5.838096
-0.777832 -0.917358 -4.000000 -0.474681 -1.440418 -5.843555
-0.783325 -0.918945 -4.000000 -0.473257 -1.411700 -5.844504
-0.789551 -0.920532 -4.000000 -0.446912 -1.391289 -5.837384
-0.786133 -0.924316 -4.000000 -0.410599 -1.389627 -5.830739
-0.776367 -0.915039 -4.000000 -0.368352 -1.410751 -5.821483
-0.780273 -0.913574 -4.000000 -0.343194 -1.424516 -5.808666
-0.787720 -0.921387 -4.000000 -0.340821 -1.419058 -5.796562
-0.786011 -0.918213 -4.000000 -0.343906 -1.396985 -5.777100
-0.779297 -0.918213 -4.000000 -0.351264 -1.347381 -5.755739
-0.786743 -0.917358 -4.000000 -0.352450 -1.294454 -5.738651
-0.780396 -0.915894 -4.000000 -0.350314 -1.263125 -5.738176
-0.782104 -0.918945 -4.000000 -0.350552 -1.254581 -5.747907
-0.785767 -0.916260 -4.000000 -0.358146 -1.292081 -5.772353
-0.789551 -0.922241 -4.000000 -0.373336 -1.359960 -5.797037
-0.787598 -0.922241 -4.000000 -0.336311 -1.443741 -5.826941
-0.789551 -0.919067 -4.000000 -0.266770 -1.526098 -5.865865
-0.781372 -0.915405 -4.000000 -0.194144 -1.607506 -5.923302
-0.784668 -0.912964 -4.000000 -0.162578 -1.673012 -6.004472
-0.784058 -0.919800 -4.000000 -0.177768 -1.724514 -6.104867
-0.790649 -0.920654 -4.000000 -0.224524 -1.796429 -6.220451
-0.792603 -0.915405 -4.000000 -0.274365 -1.859086 -6.352413
-0.793335 -0.914917 -4.000000 -0.310441 -1.863121 -6.418868
-0.784790 -0.915771 -4.000000 -0.308305 -1.786460 -6.443552
-0.786255 -0.916382 -4.000000 -0.275552 -1.653550 -6.443789
-0.787354 -0.922363 -4.000000 -0.205774 -1.537728 -6.439991
-0.788452 -0.916870 -4.000000 -0.077610 -1.482190 -6.459453
-0.786865 -0.913208 -4.000000 0.029430 -1.442792 -6.502174
-0.779297 -0.920288 -4.000000 0.021598 -1.440893 -6.597348
-0.782227 -0.912598 -4.000000 -0.127926 -1.509009 -6.794578
-0.776001 -0.914429 -4.000000 -0.399918 -1.671113 -7.053753
-0.782715 -0.921753 -4.000000 -0.765897 -1.944766 -7.308419
-0.782227 -0.916138 -4.000000 -1.115499 -2.237644 -7.492833
-0.780762 -0.914551 -4.000000 -1.321036 -2.356314 -7.545997
-0.783203 -0.914429 -4.000000 -1.309644 -2.190176 -7.416646
-0.785400 -0.920410 -4.000000 -1.104819 -1.863833 -7.161743
-0.789795 -0.915039 -4.000000 -0.807432 -1.521826 -6.872663
-0.782104 -0.911743 -4.000000 -0.515978 -1.286147 -6.646240
-0.778687 -0.918701 -4.000000 -0.366216 -1.195720 -6.496716
-0.781128 -0.916504 -4.000000 -0.333226 -1.202841 -6.399881
-0.789429 -0.915894 -4.000000 -0.370488 -1.286147 -6.361194
-0.787354 -0.920776 -4.000000 -0.401342 -1.383931 -6.357872
-0.784302 -0.918579 -4.000000 -0.397782 -1.454659 -6.325119
-0.780640 -0.915283 -4.000000 -0.379507 -1.530607 -6.269106
-0.779419 -0.916626 -4.000000 -0.373574 -1.619610 -6.207160
-0.779785 -0.921753 -4.000000 -0.357672 -1.693898 -6.138806
-0.783569 -0.921265 -4.000000 -0.306169 -1.714309 -6.089202
-0.788940 -0.915894 -4.000000 -0.257277 -1.691761 -6.026070
-0.781982 -0.919189 -4.000000 -0.231881 -1.637173 -5.977890
-0.786255 -0.923584 -4.000000 -0.231407 -1.563835 -5.949172
-0.788818 -0.914551 -4.000000 -0.269381 -1.498092 -5.923064
-0.780640 -0.918823 -4.000000 -0.310916 -1.460117 -5.916419
-0.787720 -0.922363 -4.000000 -0.355298 -1.476019 -5.921640
-0.781982 -0.916382 -4.000000 -0.381643 -1.523013 -5.914282
-0.786133 -0.916138 -4.000000 -0.371912 -1.529184 -5.905026
-0.784546 -0.919678 -4.000000 -0.326818 -1.486937 -5.886514
-0.780029 -0.921997 -4.000000 -0.277213 -1.438994 -5.863492
-0.787842 -0.916138 -4.000000 -0.240663 -1.423330 -5.839995
-0.792969 -0.911377 -4.000000 -0.215980 -1.418346 -5.825992
-0.784912 -0.918823 -4.000000 -0.198179 -1.406004 -5.809141
-0.787109 -0.916626 -4.000000 -0.190584 -1.379659 -5.785407
-0.785889 -0.913696 -4.000000 -0.205774 -1.370640 -5.774726
-0.789307 -0.922974 -4.000000 -0.223100 -1.358536 -5.768081
-0.783203 -0.919434 -4.000000 -0.252767 -1.345957 -5.759537
-0.775269 -0.919067 -4.000000 -0.277451 -1.349042 -5.755977
-0.778076 -0.916138 -4.000000 -0.314001 -1.340023 -5.744822
-0.787231 -0.918579 -4.000000 -0.355773 -1.308220 -5.738413
-0.782227 -0.916138 -4.000000 -0.406327 -1.278789 -5.741024
-0.783447 -0.921753 -4.000000 -0.461864 -1.251021 -5.751467
-0.786255 -0.919434 -4.000000 -0.508146 -1.223964 -5.761198
-0.781372 -0.913452 -4.000000 -0.554190 -1.200467 -5.783508
-0.781250 -0.919067 -4.000000 -0.616847 -1.181955 -5.811514
-0.776489 -0.918335 -4.000000 -0.698730 -1.151812 -5.826941
-0.784912 -0.916504 -4.000000 -0.811466 -1.099123 -5.842843
-0.786621 -0.916626 -4.000000 -0.958617 -1.083933 -5.883666
-0.786377 -0.920044 -4.000000 -1.142556 -1.136148 -5.950121
-0.787476 -0.916504 -4.000000 -1.337412 -1.205926 -5.989045
-0.783447 -0.919922 -4.000000 -1.505687 -1.213758 -5.990469
-0.778809 -0.919556 -4.000000 -1.587094 -1.147540 -5.962700
-0.786255 -0.918091 -4.000000 -1.616762 -1.121433 -5.963175
-0.788330 -0.916382 -4.000000 -1.654024 -1.156559 -5.924488
-0.786865 -0.925049 -4.000000 -1.687489 -1.194534 -5.858982
-0.786133 -0.921265 -4.000000 -1.677284 -1.213046 -5.749331
-0.780151 -0.914551 -4.000000 -1.610116 -1.264074 -5.653683
-0.786865 -0.915283 -4.000000 -1.482902 -1.384406 -5.542608
-0.783936 -0.909668 -4.000000 -1.331479 -1.504737 -5.413020
-0.776123 -0.917725 -4.000000 -1.167952 -1.562411 -5.267293
-0.785156 -0.915894 -4.000000 -1.001339 -1.586383 -5.133433
-0.782837 -0.914551 -4.000000 -0.869852 -1.636461 -4.986519
-0.782959 -0.915283 -4.000000 -0.758302 -1.657822 -4.853372
-0.791138 -0.916138 -4.000000 -0.664078 -1.598724 -4.750841
-0.782959 -0.921997 -4.000000 -0.592639 -1.481953 -4.696964
-0.785645 -0.920776 -4.000000 -0.589791 -1.363520 -4.677265
-0.782959 -0.925049 -4.000000 -0.589079 -1.297302 -4.722122
-0.780640 -0.917358 -4.000000 -0.538050 -1.312017 -4.851473
-0.784912 -0.923096 -4.000000 -0.417482 -1.366131 -4.857169
-0.786377 -0.920776 -4.000000 -0.013054 -1.657347 -4.856932
-0.785156 -0.926880 -4.000000 0.545883 -2.087408 -4.788815
-0.789795 -0.920410 -4.000000 1.143980 -2.324986 -4.700287
-0.787354 -0.921997 -4.000000 1.677284 -2.317390 -4.574971
-0.781494 -0.920776 -4.000000 2.088357 -2.173800 -4.548626
-0.783203 -0.918335 -4.000000 2.218894 -1.825147 -4.654955
-0.780396 -0.920166 -4.000000 2.083373 -1.452523 -4.833910
-0.780396 -0.917358 -4.000000 1.734008 -1.378947 -5.011915
-0.788330 -0.911987 -4.000000 1.166053 -1.499516 -5.217452
-0.783447 -0.915405 -4.000000 0.641293 -1.607506 -5.459538
-0.785156 -0.922974 -4.000000 0.308305 -1.609404 -5.694031
-0.781982 -0.917725 -4.000000 0.170648 -1.579262 -5.867764
-0.777954 -0.915894 -4.000000 0.178005 -1.515655 -5.967209
-0.777100 -0.922852 -4.000000 0.251343 -1.419058 -6.028918
-0.775146 -0.915039 -4.000000 0.313527 -1.393425 -6.068079
-0.780151 -0.920288 -4.000000 0.307593 -1.470323 -6.064994
-0.786255 -0.920288 -4.000000 0.236628 -1.580212 -6.054551
-0.787964 -0.916626 -4.000000 0.138844 -1.667790 -6.041497
-0.789673 -0.921143 -4.000000 0.016376 -1.743739 -6.018950
-0.789673 -0.925537 -4.000000 -0.087341 -1.781951 -5.997589
-0.787720 -0.918579 -4.000000 -0.122942 -1.738280 -5.961513
-0.787598 -0.916748 -4.000000 -0.090901 -1.615575 -5.930422
-0.783447 -0.917603 -4.000000 -0.057674 -1.493820 -5.904789
-0.784790 -0.916626 -4.000000 -0.031329 -1.417871 -5.871087
-0.785156 -0.914673 -4.000000 -0.041772 -1.386305 -5.862068
-0.781860 -0.916382 -4.000000 -0.085917 -1.401020 -5.880580
-0.789185 -0.918457 -4.000000 -0.135521 -1.421431 -5.905501
-0.784912 -0.914551 -4.000000 -0.165189 -1.445877 -5.936355
-0.783081 -0.911987 -4.000000 -0.187024 -1.466526 -5.956054
-0.787231 -0.916260 -4.000000 -0.199841 -1.467475 -5.956054
-0.790527 -0.917358 -4.000000 -0.201502 -1.438045 -5.955105
-0.792847 -0.916992 -4.000000 -0.201739 -1.401732 -5.935406
-0.786743 -0.910278 -4.000000 -0.201265 -1.368267 -5.913096
-0.791992 -0.912476 -4.000000 -0.206249 -1.335989 -5.899568
-0.790161 -0.920044 -4.000000 -0.237815 -1.332191 -5.883666
-0.786255 -0.915405 -4.000000 -0.278637 -1.354738 -5.876545
-0.787598 -0.918579 -4.000000 -0.320172 -1.365893 -5.850913
-0.780762 -0.912354 -4.000000 -0.371675 -1.370878 -5.834774
-0.786621 -0.918701 -4.000000 -0.416295 -1.384643 -5.807005
-0.779663 -0.925171 -4.000000 -0.477054 -1.413599 -5.746008
-0.787964 -0.922729 -4.000000 -0.525946 -1.417871 -5.661278
-0.784668 -0.915283 -4.000000 -0.574601 -1.407903 -5.588889
-0.785767 -0.915161 -4.000000 -0.642005 -1.377286 -5.504870
-0.788086 -0.918945 -4.000000 -0.732907 -1.291606 -5.433194
-0.784912 -0.920288 -4.000000 -0.874124 -1.181243 -5.352024
-0.782715 -0.919067 -4.000000 -1.048332 -1.090579 -5.290552
-0.789551 -0.925537 -4.000000 -1.221353 -1.051180 -5.241186
-0.784546 -0.924561 -4.000000 -1.380846 -1.037177 -5.156693
-0.784668 -0.916382 -4.000000 -1.495006 -1.025785 -5.066266
-0.781860 -0.917725 -4.000000 -1.538202 -1.009408 -4.929558
-0.783936 -0.915405 -4.000000 -1.574041 -1.003000 -4.813498
-0.785645 -0.916626 -4.000000 -1.661382 -1.114313 -4.738024
