-0.786865 -0.917236 -4.000000 -0.488209 -1.296115 -5.802970
-0.787109 -0.917480 -4.000000 -0.478953 -1.272144 -5.843081
-0.785645 -0.918701 -4.000000 -0.443826 -1.242239 -5.856371
-0.788696 -0.916138 -4.000000 -0.414159 -1.240578 -5.885802
-0.788574 -0.921631 -4.000000 -0.388051 -1.264312 -5.901703
-0.783691 -0.928589 -4.000000 -0.340821 -1.267397 -5.891973
-0.782593 -0.920288 -4.000000 -0.279587 -1.241052 -5.874884
-0.789063 -0.917969 -4.000000 -0.204350 -1.236543 -5.862305
-0.784424 -0.915771 -4.000000 -0.113211 -1.235356 -5.851388
-0.781494 -0.915649 -4.000000 -0.033940 -1.237255 -5.829552
-0.787354 -0.911621 -4.000000 0.060284 -1.258853 -5.807242
-0.785889 -0.916992 -4.000000 0.113211 -1.331004 -5.793477
-0.783325 -0.913574 -4.000000 0.173496 -1.474595 -5.804869
-0.782837 -0.911499 -4.000000 0.215505 -1.607031 -5.807717
-0.777954 -0.911987 -4.000000 0.274365 -1.638123 -5.792764
-0.783691 -0.916992 -4.000000 0.341533 -1.611778 -5.765945
-0.781250 -0.919556 -4.000000 0.428874 -1.559088 -5.718714
-0.787964 -0.917969 -4.000000 0.510519 -1.467950 -5.679790
-0.789063 -0.910156 -4.000000 0.601658 -1.390102 -5.648224
-0.789429 -0.910889 -4.000000 0.650550 -1.426415 -5.623541
-0.786255 -0.917114 -4.000000 0.631325 -1.588281 -5.616183
-0.785400 -0.914307 -4.000000 0.581484 -1.728549 -5.620930
-0.790649 -0.913330 -4.000000 0.588367 -1.799989 -5.617607
-0.783081 -0.916992 -4.000000 0.606167 -1.852916 -5.608114
-0.779907 -0.916260 -4.000000 0.642005 -1.907029 -5.568953
-0.777710 -0.914063 -4.000000 0.696356 -1.910115 -5.527418
-0.785400 -0.918335 -4.000000 0.792717 -1.832504 -5.473304
-0.784546 -0.918945 -4.000000 0.885279 -1.704341 -5.395457
-0.786499 -0.919312 -4.000000 0.864393 -1.603471 -5.318796
-0.785767 -0.922974 -4.000000 0.751657 -1.564785 -5.265394
-0.784790 -0.916748 -4.000000 0.580534 -1.577363 -5.262072
-0.788208 -0.914795 -4.000000 0.373811 -1.625306 -5.296960
-0.787720 -0.913574 -4.000000 0.193195 -1.689388 -5.337783
-0.782104 -0.918457 -4.000000 0.038924 -1.727125 -5.372435
-0.781006 -0.914429 -4.000000 -0.060759 -1.701018 -5.385251
-0.785034 -0.922485 -4.000000 -0.124841 -1.633851 -5.373147
-0.776978 -0.914551 -4.000000 -0.141455 -1.520402 -5.328526
-0.776123 -0.913818 -4.000000 -0.190822 -1.407428 -5.264920
-0.777588 -0.924683 -4.000000 -0.274128 -1.323172 -5.217689
-0.781372 -0.920166 -4.000000 -0.393273 -1.316052 -5.211993
-0.789673 -0.921997 -4.000000 -0.568905 -1.385593 -5.223860
-0.781372 -0.921265 -4.000000 -0.672385 -1.380608 -5.214366
-0.785645 -0.918213 -4.000000 -0.796277 -1.339549 -5.198939
-0.782715 -0.913940 -4.000000 -0.917320 -1.296827 -5.204160
-0.784668 -0.910645 -4.000000 -1.053316 -1.265498 -5.237863
-0.785034 -0.910889 -4.000000 -1.222777 -1.239391 -5.275600
-0.784180 -0.920898 -4.000000 -1.381795 -1.176021 -5.292213
-0.785156 -0.916870 -4.000000 -1.538914 -1.082272 -5.296723
-0.784302 -0.923828 -4.000000 -1.691761 -1.003712 -5.299334
-0.778564 -0.916260 -4.000000 -1.845558 -0.978791 -5.317372
-0.785645 -0.919800 -4.000000 -1.985114 -0.995880 -5.348938
-0.782593 -0.915405 -4.000000 -2.083373 -1.019614 -5.374571
-0.787476 -0.916626 -4.000000 -2.135350 -1.020563 -5.385726
-0.787720 -0.920532 -4.000000 -2.169528 -1.022699 -5.411358
-0.784058 -0.912720 -4.000000 -2.199432 -1.012494 -5.414444
-0.787964 -0.913208 -4.000000 -2.220793 -0.969298 -5.413732
-0.784302 -0.912842 -4.000000 -2.233847 -0.876260 -5.414444
-0.791260 -0.919922 -4.000000 -2.172850 -0.766372 -5.428447
-0.791870 -0.921875 -4.000000 -2.043262 -0.687100 -5.462387
-0.780396 -0.919922 -4.000000 -1.927915 -0.681167 -5.493241
-0.784424 -0.918335 -4.000000 -1.848881 -0.708698 -5.532640
-0.778564 -0.920288 -4.000000 -1.817315 -0.700391 -5.578921
-0.784790 -0.913696 -4.000000 -1.845083 -0.665502 -5.620455
-0.789551 -0.920410 -4.000000 -1.891602 -0.634885 -5.685486
-0.787842 -0.912842 -4.000000 -1.907979 -0.662654 -5.771404
-0.781372 -0.918701 -4.000000 -1.886143 -0.783460 -5.865628
-0.784302 -0.917480 -4.000000 -1.814466 -0.957668 -5.952732
-0.784668 -0.916992 -4.000000 -1.660907 -1.094613 -6.015864
-0.785767 -0.915161 -4.000000 -1.408140 -1.040500 -6.030817
-0.785522 -0.909058 -4.000000 -1.087256 -0.851814 -6.013728
-0.787964 -0.915771 -4.000000 -0.755217 -0.608540 -6.017763
-0.785156 -0.912964 -4.000000 -0.429349 -0.440978 -6.060247
-0.780518 -0.911011 -4.000000 -0.156407 -0.517639 -6.111750
-0.786133 -0.914673 -4.000000 -0.041535 -0.834014 -6.174170
-0.791870 -0.912964 -4.000000 -0.037500 -1.223489 -6.245135
-0.788452 -0.913818 -4.000000 -0.048180 -1.470323 -6.337698
-0.786011 -0.910278 -4.000000 -0.002373 -1.544848 -6.438330
-0.784668 -0.918213 -4.000000 0.060996 -1.551968 -6.481051
-0.791626 -0.908325 -4.000000 0.119382 -1.568107 -6.506921
-0.783813 -0.915405 -4.000000 0.190110 -1.543661 -6.534453
-0.784912 -0.923950 -4.000000 0.274840 -1.510908 -6.545371
-0.787598 -0.913696 -4.000000 0.377608 -1.493345 -6.534690
-0.788452 -0.915405 -4.000000 0.473257 -1.488361 -6.517601
-0.785767 -0.908081 -4.000000 0.558462 -1.458693 -6.492918
-0.786499 -0.915283 -4.000000 0.614711 -1.485750 -6.482475
-0.784302 -0.910278 -4.000000 0.633224 -1.580449 -6.474880
-0.785278 -0.908936 -4.000000 0.631562 -1.666841 -6.467523
-0.786011 -0.921021 -4.000000 0.644142 -1.708375 -6.460165
-0.781982 -0.913696 -4.000000 0.631325 -1.737331 -6.445925
-0.787598 -0.914551 -4.000000 0.593825 -1.788834 -6.433346
-0.783691 -0.917725 -4.000000 0.542797 -1.852441 -6.417207
-0.783813 -0.920532 -4.000000 0.486073 -1.896586 -6.405102
-0.787720 -0.915039 -4.000000 0.429823 -1.914861 -6.392523
-0.785400 -0.908325 -4.000000 0.401817 -1.887093 -6.351226
-0.781616 -0.916748 -4.000000 0.392323 -1.836302 -6.305894
-0.786743 -0.917725 -4.000000 0.385915 -1.823723 -6.247509
-0.789063 -0.916016 -4.000000 0.405140 -1.816603 -6.198853
-0.783813 -0.915649 -4.000000 0.426263 -1.764862 -6.168711
-0.789673 -0.916748 -4.000000 0.448336 -1.637173 -6.115072
-0.786621 -0.920898 -4.000000 0.419618 -1.493582 -6.047905
-0.783447 -0.914795 -4.000000 0.326343 -1.380608 -6.005659
-0.784424 -0.920898 -4.000000 0.195094 -1.321273 -5.984298
-0.782227 -0.915039 -4.000000 0.050316 -1.315577 -5.998775
-0.777954 -0.924438 -4.000000 -0.086155 -1.329580 -5.999962
-0.782837 -0.914673 -4.000000 -0.187024 -1.336938 -5.998064
-0.792603 -0.914063 -4.000000 -0.251106 -1.335514 -5.984773
-0.782715 -0.917114 -4.000000 -0.292878 -1.333140 -5.949883
-0.783325 -0.915405 -4.000000 -0.288843 -1.329106 -5.891023
-0.784424 -0.915894 -4.000000 -0.284808 -1.362808 -5.831451
-0.786133 -0.919678 -4.000000 -0.270093 -1.429026 -5.766419
-0.781860 -0.912109 -4.000000 -0.251343 -1.489310 -5.689284
-0.781494 -0.921753 -4.000000 -0.205299 -1.511620 -5.607401
-0.782715 -0.920166 -4.000000 -0.167325 -1.505212 -5.521247
-0.783691 -0.924561 -4.000000 -0.159018 -1.511146 -5.441976
-0.782715 -0.916992 -4.000000 -0.154509 -1.520402 -5.347751
-0.786865 -0.924316 -4.000000 -0.162578 -1.504025 -5.231929
-0.789185 -0.912720 -4.000000 -0.195568 -1.492633 -5.108987
-0.788940 -0.911133 -4.000000 -0.267720 -1.574990 -4.994351
-0.787964 -0.916260 -4.000000 -0.343906 -1.788834 -4.901552
-0.781860 -0.922363 -4.000000 -0.392561 -2.027598 -4.820381
-0.789673 -0.905884 -4.000000 -0.376422 -2.233135 -4.743483
-0.786011 -0.916748 -4.000000 -0.272467 -2.323561 -4.663499
-0.779907 -0.919556 -4.000000 -0.133860 -2.269922 -4.525842
-0.780884 -0.921631 -4.000000 0.053639 -2.063911 -4.357568
-0.791138 -0.922852 -4.000000 0.117009 -1.847694 -4.270701
-0.783569 -0.922974 -4.000000 -0.070965 -1.785511 -4.342378
-0.786255 -0.913574 -4.000000 -0.581009 -2.025225 -4.622677
-0.792969 -0.911987 -4.000000 -1.206401 -2.528861 -5.082880
-0.789551 -0.916016 -4.000000 -1.588281 -3.005677 -5.534301
-0.782593 -0.918213 -4.000000 -1.487886 -2.994997 -5.736752
-0.788330 -0.916626 -4.000000 -1.006797 -2.433213 -5.647749
-0.784302 -0.912720 -4.000000 -0.323495 -1.665179 -5.447434
-0.783447 -0.919067 -4.000000 0.109414 -1.186701 -5.320457
-0.794434 -0.912231 -4.000000 0.232593 -1.035278 -5.305742
-0.775391 -0.916992 -4.000000 0.188686 -1.045247 -5.337308
-0.780884 -0.912842 -4.000000 0.096123 -1.052130 -5.376707
-0.781738 -0.915161 -4.000000 -0.003797 -1.003000 -5.406612
-0.783691 -0.913086 -4.000000 -0.093987 -0.959329 -5.426074
-0.781738 -0.914795 -4.000000 -0.129113 -0.947700 -5.446722
-0.784058 -0.921631 -4.000000 -0.128638 -0.965263 -5.480187
-0.785522 -0.916016 -4.000000 -0.123892 -0.979741 -5.511754
-0.785645 -0.920044 -4.000000 -0.102294 -1.014155 -5.519111
-0.789917 -0.918335 -4.000000 -0.128876 -1.095563 -5.558272
-0.782715 -0.912231 -4.000000 -0.202214 -1.219217 -5.614996
-0.784302 -0.919067 -4.000000 -0.285995 -1.338125 -5.671246
-0.787231 -0.920044 -4.000000 -0.331564 -1.419770 -5.728208
-0.780029 -0.921143 -4.000000 -0.351026 -1.444216 -5.770454
-0.786987 -0.917480 -4.000000 -0.327292 -1.410276 -5.772116
-0.784790 -0.920410 -4.000000 -0.291929 -1.365656 -5.760249
-0.789429 -0.916138 -4.000000 -0.282910 -1.344295 -5.746483
