-0.784058 -0.921387 -4.000000 -0.371200 -1.343821 -5.934219
-0.785400 -0.910889 -4.000000 -0.398494 -1.364707 -5.962462
-0.784058 -0.924805 -4.000000 -0.393985 -1.410276 -5.969583
-0.786255 -0.918945 -4.000000 -0.381168 -1.442792 -5.973855
-0.781982 -0.912598 -4.000000 -0.377846 -1.457981 -5.969583
-0.784668 -0.919434 -4.000000 -0.363843 -1.460829 -5.943713
-0.786743 -0.916382 -4.000000 -0.337498 -1.438994 -5.911435
-0.788452 -0.914673 -4.000000 -0.308305 -1.410276 -5.880817
-0.780518 -0.914307 -4.000000 -0.285283 -1.380134 -5.849489
-0.785889 -0.912231 -4.000000 -0.278163 -1.368029 -5.839283
-0.786133 -0.917236 -4.000000 -0.287182 -1.363520 -5.831213
-0.784668 -0.919678 -4.000000 -0.293115 -1.365893 -5.837859
-0.778198 -0.922974 -4.000000 -0.310916 -1.383456 -5.841894
-0.786011 -0.914917 -4.000000 -0.327530 -1.411937 -5.847353
-0.790283 -0.920776 -4.000000 -0.343431 -1.412412 -5.852574
-0.784302 -0.914673 -4.000000 -0.347941 -1.385355 -5.841182
-0.778076 -0.907593 -4.000000 -0.342007 -1.354264 -5.824805
-0.778809 -0.920166 -4.000000 -0.323020 -1.320087 -5.822432
-0.784180 -0.913940 -4.000000 -0.309729 -1.305134 -5.814837
-0.788696 -0.914917 -4.000000 -0.287894 -1.295878 -5.796562
-0.787231 -0.918701 -4.000000 -0.263448 -1.279976 -5.783745
-0.780396 -0.913086 -4.000000 -0.281723 -1.274992 -5.779473
-0.789185 -0.917236 -4.000000 -0.351738 -1.298726 -5.783033
-0.785156 -0.923584 -4.000000 -0.426975 -1.363995 -5.778524
-0.789185 -0.923950 -4.000000 -0.505060 -1.454421 -5.787543
-0.785767 -0.923950 -4.000000 -0.528082 -1.526573 -5.781610
-0.787354 -0.912720 -4.000000 -0.481563 -1.551731 -5.758350
-0.787842 -0.917847 -4.000000 -0.390899 -1.520639 -5.699252
-0.784668 -0.921631 -4.000000 -0.297625 -1.449674 -5.642528
-0.784058 -0.916138 -4.000000 -0.231881 -1.368979 -5.593636
-0.784912 -0.916382 -4.000000 -0.225473 -1.303948 -5.559696
-0.786621 -0.919067 -4.000000 -0.251818 -1.271195 -5.543557
-0.789917 -0.915405 -4.000000 -0.275552 -1.341210 -5.564443
-0.787964 -0.910522 -4.000000 -0.343194 -1.395798 -5.538098
-0.786255 -0.914307 -4.000000 -0.356248 -1.463915 -5.524807
-0.789307 -0.912964 -4.000000 -0.330615 -1.566921 -5.535725
-0.790161 -0.915894 -4.000000 -0.311628 -1.588519 -5.547592
-0.792969 -0.912231 -4.000000 -0.328004 -1.566921 -5.547592
-0.783081 -0.920654 -4.000000 -0.365267 -1.532032 -5.532402
-0.787354 -0.917358 -4.000000 -0.403004 -1.468187 -5.505820
-0.792358 -0.916138 -4.000000 -0.419380 -1.395086 -5.464760
-0.785278 -0.912476 -4.000000 -0.394222 -1.317239 -5.440789
-0.791382 -0.920898 -4.000000 -0.355773 -1.265498 -5.415868
-0.787109 -0.914917 -4.000000 -0.341295 -1.281400 -5.397356
-0.784058 -0.915161 -4.000000 -0.344855 -1.377760 -5.399017
-0.786987 -0.916870 -4.000000 -0.356010 -1.474358 -5.386200
-0.790649 -0.916504 -4.000000 -0.360995 -1.549357 -5.364128
-0.786987 -0.911133 -4.000000 -0.347466 -1.560275 -5.344191
-0.786621 -0.914673 -4.000000 -0.330852 -1.506636 -5.322356
-0.782837 -0.909058 -4.000000 -0.317087 -1.381083 -5.300995
-0.786011 -0.918457 -4.000000 -0.300947 -1.248647 -5.293400
-0.780884 -0.918823 -4.000000 -0.297150 -1.156085 -5.305505
-0.782959 -0.920410 -4.000000 -0.319697 -1.140657 -5.321169
-0.788330 -0.913940 -4.000000 -0.325631 -1.186464 -5.358194
-0.787842 -0.910278 -4.000000 -0.336786 -1.255055 -5.376232
-0.783325 -0.912598 -4.000000 -0.351738 -1.339786 -5.391897
-0.789063 -0.918335 -4.000000 -0.344381 -1.418108 -5.396169
-0.784546 -0.917358 -4.000000 -0.313289 -1.448962 -5.395931
-0.783325 -0.919312 -4.000000 -0.270093 -1.441368 -5.388574
-0.785645 -0.914307 -4.000000 -0.218353 -1.382033 -5.357957
-0.786255 -0.920166 -4.000000 -0.166376 -1.277365 -5.353685
-0.779907 -0.915527 -4.000000 -0.158781 -1.190261 -5.369349
-0.788574 -0.915161 -4.000000 -0.178480 -1.156559 -5.402339
-0.783203 -0.920166 -4.000000 -0.208147 -1.168664 -5.435567
-0.781128 -0.919556 -4.000000 -0.250394 -1.206163 -5.488731
-0.792358 -0.914429 -4.000000 -0.296913 -1.262176 -5.553051
-0.793945 -0.917236 -4.000000 -0.325394 -1.317476 -5.605266
-0.785278 -0.919678 -4.000000 -0.329666 -1.336226 -5.646563
-0.790771 -0.915283 -4.000000 -0.310916 -1.335039 -5.668161
-0.781372 -0.914185 -4.000000 -0.279824 -1.327207 -5.675518
-0.776001 -0.918701 -4.000000 -0.248495 -1.317476 -5.704948
-0.789917 -0.918335 -4.000000 -0.239951 -1.314865 -5.726784
-0.777344 -0.923340 -4.000000 -0.250157 -1.322697 -5.752891
-0.780396 -0.915405 -4.000000 -0.271755 -1.332191 -5.793477
-0.781860 -0.917725 -4.000000 -0.300473 -1.343109 -5.830739
-0.788940 -0.917358 -4.000000 -0.320647 -1.376099 -5.860169
-0.776978 -0.919434 -4.000000 -0.343431 -1.413599 -5.886276
-0.781372 -0.924194 -4.000000 -0.367640 -1.438519 -5.906213
-0.776367 -0.914307 -4.000000 -0.369539 -1.475782 -5.924014
-0.789185 -0.913818 -4.000000 -0.365029 -1.477681 -5.936830
-0.792358 -0.917725 -4.000000 -0.331090 -1.462965 -5.938016
-0.788452 -0.917847 -4.000000 -0.297387 -1.424042 -5.918555
-0.786621 -0.919312 -4.000000 -0.282198 -1.401494 -5.907162
-0.792847 -0.914917 -4.000000 -0.287419 -1.381320 -5.912147
-0.785889 -0.914673 -4.000000 -0.323732 -1.382507 -5.934219
-0.785156 -0.918457 -4.000000 -0.359333 -1.411225 -5.962462
-0.784668 -0.912476 -4.000000 -0.393036 -1.444690 -5.985722
-0.787964 -0.920654 -4.000000 -0.410124 -1.464152 -6.007795
-0.785400 -0.920654 -4.000000 -0.400156 -1.460117 -6.019661
-0.779419 -0.920044 -4.000000 -0.390662 -1.437570 -6.031291
-0.777344 -0.914917 -4.000000 -0.382118 -1.417159 -6.038412
-0.780640 -0.916748 -4.000000 -0.376659 -1.398884 -6.045769
-0.786865 -0.916870 -4.000000 -0.377134 -1.385830 -6.063095
-0.788696 -0.918091 -4.000000 -0.381643 -1.395324 -6.086117
-0.786011 -0.914917 -4.000000 -0.392323 -1.410513 -6.107240
-0.790283 -0.917114 -4.000000 -0.403478 -1.425466 -6.140468
-0.786011 -0.916748 -4.000000 -0.421754 -1.418108 -6.164677
-0.788208 -0.930054 -4.000000 -0.445725 -1.383219 -6.179866
-0.787720 -0.919434 -4.000000 -0.475155 -1.349280 -6.216179
-0.793945 -0.916138 -4.000000 -0.506484 -1.341922 -6.258901
-0.794434 -0.919556 -4.000000 -0.538288 -1.365893 -6.304470
-0.782837 -0.917847 -4.000000 -0.567006 -1.401969 -6.332476
-0.780518 -0.915405 -4.000000 -0.592876 -1.440418 -6.355023
-0.783691 -0.924316 -4.000000 -0.611626 -1.481478 -6.380894
-0.785034 -0.915894 -4.000000 -0.621832 -1.506636 -6.379944
-0.788940 -0.913208 -4.000000 -0.620170 -1.502601 -6.375435
-0.790894 -0.916504 -4.000000 -0.606167 -1.474595 -6.352413
-0.791382 -0.917114 -4.000000 -0.595249 -1.442080 -6.330577
-0.789307 -0.915405 -4.000000 -0.603082 -1.431874 -6.311828
-0.781250 -0.913208 -4.000000 -0.606642 -1.418346 -6.289755
-0.790649 -0.913086 -4.000000 -0.610202 -1.416921 -6.281210
-0.785767 -0.917358 -4.000000 -0.624680 -1.423567 -6.275277
-0.783936 -0.914795 -4.000000 -0.642717 -1.424991 -6.259375
-0.784180 -0.919678 -4.000000 -0.662417 -1.417871 -6.252730
-0.782471 -0.917236 -4.000000 -0.676420 -1.384406 -6.234929
-0.790161 -0.923096 -4.000000 -0.678319 -1.326970 -6.215705
-0.787598 -0.918945 -4.000000 -0.678319 -1.273093 -6.201464
-0.783203 -0.918091 -4.000000 -0.687812 -1.252919 -6.179866
-0.783081 -0.920044 -4.000000 -0.693746 -1.255293 -6.168949
-0.783203 -0.920044 -4.000000 -0.705613 -1.272619 -6.158506
-0.781982 -0.921875 -4.000000 -0.721277 -1.295641 -6.151860
-0.789429 -0.916992 -4.000000 -0.735755 -1.310593 -6.147588
-0.782715 -0.913208 -4.000000 -0.744299 -1.318663 -6.138569
-0.781982 -0.923096 -4.000000 -0.749758 -1.319849 -6.120294
-0.785767 -0.916626 -4.000000 -0.739078 -1.301574 -6.113173
-0.783813 -0.913818 -4.000000 -0.713445 -1.278315 -6.074962
-0.784668 -0.918335 -4.000000 -0.699916 -1.260989 -6.047668
-0.780273 -0.919434 -4.000000 -0.688999 -1.258853 -6.019661
-0.787598 -0.922974 -4.000000 -0.710834 -1.257429 -6.014203
-0.783813 -0.914551 -4.000000 -0.741926 -1.253631 -6.010643
-0.788208 -0.914795 -4.000000 -0.780612 -1.235356 -5.997826
-0.786987 -0.917358 -4.000000 -0.817400 -1.220878 -5.978364
-0.782227 -0.923828 -4.000000 -0.852764 -1.215657 -5.967684
-0.780762 -0.912354 -4.000000 -0.879583 -1.223252 -5.961751
-0.789795 -0.914063 -4.000000 -0.899757 -1.237492 -5.950833
-0.783447 -0.922241 -4.000000 -0.914472 -1.268584 -5.937542
-0.782715 -0.914185 -4.000000 -0.921592 -1.312254 -5.908824
-0.786133 -0.913452 -4.000000 -0.912336 -1.345719 -5.878207
-0.785278 -0.918823 -4.000000 -0.893111 -1.369216 -5.844030
-0.783813 -0.921753 -4.000000 -0.874836 -1.383694 -5.801546
-0.778076 -0.919434 -4.000000 -0.855137 -1.406479 -5.759062
-0.787354 -0.917847 -4.000000 -0.845406 -1.440418 -5.726784
-0.785278 -0.918579 -4.000000 -0.824758 -1.473883 -5.682401
-0.782837 -0.917114 -4.000000 -0.788682 -1.476257 -5.638493
-0.784302 -0.918823 -4.000000 -0.746673 -1.471035 -5.586278
-0.784668 -0.917603 -4.000000 -0.705138 -1.443266 -5.536200
-0.781494 -0.921143 -4.000000 -0.675708 -1.419058 -5.488969
-0.780029 -0.906616 -4.000000 -0.628714 -1.388203 -5.463811
-0.785767 -0.914795 -4.000000 -0.589316 -1.362808 -5.437941
-0.789063 -0.918457 -4.000000 -0.572702 -1.358773 -5.424887
