-0.784424 -0.918701 -4.000000 -0.135284 -1.592079 -5.655581
-0.782227 -0.914429 -4.000000 -0.140268 -1.510434 -5.603367
-0.781372 -0.921631 -4.000000 -0.164002 -1.375862 -5.625914
-0.786133 -0.919312 -4.000000 -0.203163 -1.295403 -5.658667
-0.784302 -0.921387 -4.000000 -0.251106 -1.298726 -5.708746
-0.786987 -0.923950 -4.000000 -0.299998 -1.346431 -5.768793
-0.784546 -0.913452 -4.000000 -0.344143 -1.404342 -5.807954
-0.780884 -0.924316 -4.000000 -0.342719 -1.447538 -5.801071
-0.784668 -0.917236 -4.000000 -0.316137 -1.456320 -5.793951
-0.781738 -0.915771 -4.000000 -0.275315 -1.444453 -5.777337
-0.785645 -0.920776 -4.000000 -0.243511 -1.425466 -5.728920
-0.779907 -0.920654 -4.000000 -0.219540 -1.396985 -5.676230
-0.778198 -0.916992 -4.000000 -0.205062 -1.367080 -5.636120
-0.778076 -0.917969 -4.000000 -0.213606 -1.331242 -5.604554
-0.784790 -0.923096 -4.000000 -0.242087 -1.296827 -5.590313
-0.783203 -0.914307 -4.000000 -0.264160 -1.243663 -5.612148
-0.785278 -0.916992 -4.000000 -0.281486 -1.171274 -5.646326
-0.789673 -0.920288 -4.000000 -0.329903 -1.101259 -5.670534
-0.787842 -0.918335 -4.000000 -0.421754 -1.034804 -5.675756
-0.784180 -0.910889 -4.000000 -0.502449 -1.049519 -5.667449
-0.787476 -0.917847 -4.000000 -0.570566 -1.155847 -5.648699
-0.789673 -0.924072 -4.000000 -0.614711 -1.291606 -5.602655
-0.787720 -0.913940 -4.000000 -0.607591 -1.427839 -5.540946
-0.784058 -0.917480 -4.000000 -0.563683 -1.530845 -5.464048
-0.788696 -0.920898 -4.000000 -0.504823 -1.614863 -5.369586
-0.782104 -0.914185 -4.000000 -0.452608 -1.676809 -5.269429
-0.783691 -0.916260 -4.000000 -0.423890 -1.705053 -5.148148
-0.780518 -0.922852 -4.000000 -0.414633 -1.702204 -5.029953
-0.783691 -0.916260 -4.000000 -0.407988 -1.669926 -4.951393
-0.784302 -0.915527 -4.000000 -0.400393 -1.633376 -4.894669
-0.782837 -0.921631 -4.000000 -0.377846 -1.590417 -4.861204
-0.781860 -0.917847 -4.000000 -0.420092 -1.527997 -4.858830
-0.786621 -0.920288 -4.000000 -0.487972 -1.573329 -4.885412
-0.780273 -0.913330 -4.000000 -0.629189 -1.564310 -4.939051
-0.786011 -0.918213 -4.000000 -0.778001 -1.437807 -4.985096
-0.777344 -0.916748 -4.000000 -0.889551 -1.385593 -5.077421
-0.772949 -0.916138 -4.000000 -0.984013 -1.429738 -5.181139
-0.781006 -0.920898 -4.000000 -1.080136 -1.549832 -5.283669
-0.791382 -0.918823 -4.000000 -1.187176 -1.715258 -5.342055
-0.787231 -0.914917 -4.000000 -1.198094 -1.795717 -5.333748
-0.789185 -0.920776 -4.000000 -1.044060 -1.735907 -5.256375
-0.783813 -0.920288 -4.000000 -0.763761 -1.531794 -5.152895
-0.786377 -0.916382 -4.000000 -0.517164 -1.326257 -5.055585
-0.787720 -0.914307 -4.000000 -0.334412 -1.160594 -4.989367
-0.792114 -0.912109 -4.000000 -0.260125 -1.077050 -4.994114
-0.785767 -0.915161 -4.000000 -0.264160 -1.058538 -5.037548
-0.781738 -0.911743 -4.000000 -0.282672 -1.075863 -5.113971
-0.786987 -0.921631 -4.000000 -0.292166 -1.138521 -5.215553
-0.780884 -0.914673 -4.000000 -0.351026 -1.221590 -5.308353
-0.785522 -0.919067 -4.000000 -0.427925 -1.272381 -5.382878
-0.786865 -0.909668 -4.000000 -0.474918 -1.301811 -5.434143
-0.785645 -0.916382 -4.000000 -0.471595 -1.310830 -5.478526
-0.784668 -0.919556 -4.000000 -0.444064 -1.302286 -5.504396
-0.787476 -0.915894 -4.000000 -0.408937 -1.279264 -5.530741
-0.784546 -0.912598 -4.000000 -0.375947 -1.257903 -5.564680
-0.781738 -0.918091 -4.000000 -0.329666 -1.245087 -5.601468
-0.780762 -0.910889 -4.000000 -0.294777 -1.264549 -5.649411
-0.787476 -0.915405 -4.000000 -0.303558 -1.335989 -5.718002
-0.780151 -0.920288 -4.000000 -0.338685 -1.421431 -5.792527
-0.780762 -0.908569 -4.000000 -0.356960 -1.482902 -5.848064
-0.787842 -0.917725 -4.000000 -0.330140 -1.516130 -5.897194
-0.787842 -0.921753 -4.000000 -0.298099 -1.538202 -5.937304
-0.780518 -0.916016 -4.000000 -0.279112 -1.551256 -5.981450
-0.782715 -0.917969 -4.000000 -0.245647 -1.544848 -6.021086
-0.780029 -0.925171 -4.000000 -0.209809 -1.519690 -6.052889
-0.784180 -0.916992 -4.000000 -0.183464 -1.472459 -6.093712
-0.785034 -0.916992 -4.000000 -0.168274 -1.428314 -6.148300
-0.787964 -0.920898 -4.000000 -0.173258 -1.417396 -6.209059
-0.781616 -0.918701 -4.000000 -0.194619 -1.420956 -6.275277
-0.787109 -0.922119 -4.000000 -0.214318 -1.446352 -6.343868
-0.786377 -0.919312 -4.000000 -0.238052 -1.491446 -6.389201
-0.788696 -0.918335 -4.000000 -0.273653 -1.513756 -6.419106
-0.780762 -0.916748 -4.000000 -0.279112 -1.495956 -6.439517
-0.788818 -0.920532 -4.000000 -0.280299 -1.475070 -6.458029
-0.786133 -0.918579 -4.000000 -0.285046 -1.455371 -6.466573
-0.787842 -0.911255 -4.000000 -0.284096 -1.423567 -6.472744
-0.786377 -0.920044 -4.000000 -0.285758 -1.417871 -6.481051
-0.781860 -0.916260 -4.000000 -0.271755 -1.421431 -6.473931
-0.784058 -0.918823 -4.000000 -0.254429 -1.443266 -6.461589
-0.788208 -0.920654 -4.000000 -0.239714 -1.451573 -6.438330
-0.787354 -0.919800 -4.000000 -0.236628 -1.443741 -6.403678
-0.788452 -0.923584 -4.000000 -0.235679 -1.415972 -6.373061
-0.779541 -0.913940 -4.000000 -0.229983 -1.394611 -6.351463
-0.785645 -0.915894 -4.000000 -0.234967 -1.365656 -6.336986
-0.782837 -0.923340 -4.000000 -0.247309 -1.354264 -6.303758
-0.786865 -0.917969 -4.000000 -0.270805 -1.352365 -6.285720
-0.787964 -0.920044 -4.000000 -0.304033 -1.365181 -6.286195
-0.784790 -0.920654 -4.000000 -0.345805 -1.373488 -6.289992
-0.782227 -0.914551 -4.000000 -0.378083 -1.357112 -6.281448
-0.783569 -0.915894 -4.000000 -0.398020 -1.333615 -6.279787
-0.786743 -0.923462 -4.000000 -0.428874 -1.321985 -6.275040
-0.786255 -0.917236 -4.000000 -0.469222 -1.312492 -6.281685
-0.785400 -0.918213 -4.000000 -0.500076 -1.310830 -6.264122
-0.788330 -0.917358 -4.000000 -0.527133 -1.322460 -6.255815
-0.782349 -0.915161 -4.000000 -0.571515 -1.348093 -6.236591
-0.783813 -0.922363 -4.000000 -0.611151 -1.374200 -6.222350
-0.778809 -0.912354 -4.000000 -0.625629 -1.358536 -6.196717
-0.783447 -0.916382 -4.000000 -0.630376 -1.332428 -6.159455
-0.786133 -0.911621 -4.000000 -0.617559 -1.314628 -6.140468
-0.788330 -0.913696 -4.000000 -0.612575 -1.314153 -6.120531
-0.781616 -0.910889 -4.000000 -0.627290 -1.326970 -6.084693
-0.785522 -0.921021 -4.000000 -0.648176 -1.326732 -6.072826
-0.778442 -0.919189 -4.000000 -0.690660 -1.284723 -6.032715
-0.781738 -0.917480 -4.000000 -0.749758 -1.230847 -5.995453
-0.787842 -0.912109 -4.000000 -0.829979 -1.208299 -5.971956
-0.793213 -0.921265 -4.000000 -0.938443 -1.211385 -5.933033
-0.781860 -0.921265 -4.000000 -1.058063 -1.210910 -5.929710
-0.782593 -0.916382 -4.000000 -1.142081 -1.246749 -5.930422
-0.782104 -0.921265 -4.000000 -1.193347 -1.311542 -5.927099
-0.791138 -0.920776 -4.000000 -1.235594 -1.360909 -5.919267
-0.785400 -0.920044 -4.000000 -1.253394 -1.414311 -5.911197
-0.786255 -0.915283 -4.000000 -1.266922 -1.467238 -5.908824
-0.778076 -0.917847 -4.000000 -1.266448 -1.527759 -5.894109
-0.780396 -0.914795 -4.000000 -1.242239 -1.568582 -5.861830
-0.776123 -0.915771 -4.000000 -1.182667 -1.574990 -5.796087
-0.781982 -0.915283 -4.000000 -1.097699 -1.513044 -5.704948
-0.782104 -0.915527 -4.000000 -0.999203 -1.409564 -5.594348
-0.781616 -0.910400 -4.000000 -0.891450 -1.292555 -5.507007
-0.787109 -0.916138 -4.000000 -0.816213 -1.214708 -5.441026
-0.787598 -0.919434 -4.000000 -0.778239 -1.200942 -5.409935
-0.779541 -0.918091 -4.000000 -0.784410 -1.244612 -5.398779
-0.782837 -0.915649 -4.000000 -0.808381 -1.318663 -5.393083
-0.779175 -0.916016 -4.000000 -0.828080 -1.372776 -5.368875
-0.784546 -0.915894 -4.000000 -0.847067 -1.382982 -5.336122
-0.788574 -0.916992 -4.000000 -0.825232 -1.409564 -5.304793
-0.781372 -0.919800 -4.000000 -0.767321 -1.445402 -5.279397
-0.783325 -0.916748 -4.000000 -0.660755 -1.506873 -5.276074
-0.781982 -0.914307 -4.000000 -0.515266 -1.518028 -5.247356
-0.790161 -0.914307 -4.000000 -0.353162 -1.475782 -5.219350
-0.786133 -0.915161 -4.000000 -0.196755 -1.397934 -5.157404
-0.785278 -0.914917 -4.000000 -0.083544 -1.288995 -5.054636
-0.783813 -0.916016 -4.000000 -0.013291 -1.127129 -4.935254
-0.784790 -0.916748 -4.000000 -0.019225 -0.965738 -4.857406
-0.778687 -0.916260 -4.000000 -0.057674 -0.833776 -4.811837
-0.789063 -0.918335 -4.000000 -0.071677 -0.793666 -4.838181
-0.782959 -0.918823 -4.000000 -0.125790 -0.905928 -4.954953
-0.783081 -0.913452 -4.000000 -0.220252 -1.143031 -5.122990
-0.779907 -0.915527 -4.000000 -0.319697 -1.404105 -5.274176
-0.790283 -0.911377 -4.000000 -0.414396 -1.606794 -5.366501
-0.785645 -0.918213 -4.000000 -0.425076 -1.645955 -5.396643
-0.778076 -0.919922 -4.000000 -0.459016 -1.427602 -5.297910
-0.779907 -0.917725 -4.000000 -0.431722 -1.474120 -5.315236
-0.785522 -0.911377 -4.000000 -0.359333 -1.406953 -5.283432
-0.785278 -0.914917 -4.000000 -0.295014 -1.312729 -5.303131
-0.780151 -0.912842 -4.000000 -0.269144 -1.271907 -5.326391
-0.777100 -0.921387 -4.000000 -0.225948 -1.276416 -5.355109
-0.779175 -0.919922 -4.000000 -0.210283 -1.282350 -5.416580
-0.787109 -0.917725 -4.000000 -0.246359 -1.307745 -5.461912
-0.786011 -0.921875 -4.000000 -0.292641 -1.343109 -5.524333
-0.782349 -0.914673 -4.000000 -0.350077 -1.361621 -5.570851
