-0.785156 -0.916626 -4.000000 0.080696 -1.352840 -5.580107
-0.795044 -0.917969 -4.000000 0.031092 -1.355213 -5.602655
-0.786011 -0.912354 -4.000000 -0.021361 -1.368741 -5.649886
-0.787598 -0.913330 -4.000000 -0.081645 -1.402681 -5.660091
-0.779541 -0.918213 -4.000000 -0.143828 -1.467000 -5.684774
-0.785156 -0.918945 -4.000000 -0.234730 -1.547459 -5.681689
-0.787109 -0.919922 -4.000000 -0.318748 -1.602522 -5.663414
-0.786987 -0.917847 -4.000000 -0.344618 -1.611066 -5.634221
-0.781616 -0.919800 -4.000000 -0.335362 -1.575227 -5.584142
-0.783936 -0.920776 -4.000000 -0.308542 -1.488836 -5.546405
-0.787842 -0.922852 -4.000000 -0.276976 -1.382982 -5.486833
-0.785889 -0.917236 -4.000000 -0.236628 -1.330767 -5.445061
-0.787109 -0.919312 -4.000000 -0.240188 -1.343109 -5.413257
-0.784424 -0.915161 -4.000000 -0.277213 -1.372539 -5.380742
-0.781128 -0.918335 -4.000000 -0.308068 -1.399596 -5.352024
-0.782471 -0.917114 -4.000000 -0.331564 -1.413599 -5.315473
-0.789673 -0.915527 -4.000000 -0.343906 -1.367080 -5.277261
-0.780640 -0.916504 -4.000000 -0.363368 -1.293267 -5.223860
-0.783936 -0.917847 -4.000000 -0.379507 -1.203553 -5.159541
-0.782104 -0.917114 -4.000000 -0.412023 -1.146354 -5.109699
-0.785889 -0.919312 -4.000000 -0.445013 -1.161543 -5.096645
-0.782471 -0.912109 -4.000000 -0.485836 -1.223252 -5.128449
-0.786011 -0.912476 -4.000000 -0.570329 -1.318900 -5.157642
-0.782959 -0.924561 -4.000000 -0.627053 -1.496668 -5.211755
-0.780884 -0.921021 -4.000000 -0.655059 -1.460355 -5.164999
-0.790039 -0.918335 -4.000000 -0.675233 -1.436146 -5.103528
-0.782715 -0.917114 -4.000000 -0.647464 -1.406716 -5.024019
-0.786621 -0.920898 -4.000000 -0.671436 -1.425703 -5.003371
-0.781982 -0.923584 -4.000000 -0.749046 -1.423804 -5.018085
-0.788452 -0.921997 -4.000000 -0.826182 -1.441368 -5.062706
-0.785400 -0.914551 -4.000000 -0.884330 -1.509484 -5.118481
-0.778687 -0.913208 -4.000000 -0.912573 -1.553155 -5.165236
-0.784302 -0.912231 -4.000000 -0.912336 -1.577126 -5.204398
-0.784790 -0.917114 -4.000000 -0.844219 -1.570006 -5.216265
-0.784058 -0.914673 -4.000000 -0.734806 -1.516130 -5.211518
-0.783691 -0.913940 -4.000000 -0.606642 -1.420007 -5.192294
-0.786743 -0.917114 -4.000000 -0.485124 -1.328868 -5.160253
-0.787231 -0.907715 -4.000000 -0.386865 -1.243900 -5.160253
-0.788086 -0.914429 -4.000000 -0.335124 -1.192398 -5.183749
-0.781128 -0.919312 -4.000000 -0.327767 -1.203553 -5.233353
-0.776733 -0.918213 -4.000000 -0.348178 -1.263362 -5.306929
-0.785400 -0.912842 -4.000000 -0.379507 -1.337412 -5.399254
-0.789429 -0.918701 -4.000000 -0.389713 -1.401257 -5.485883
-0.786377 -0.921753 -4.000000 -0.390662 -1.435671 -5.549016
-0.780884 -0.913940 -4.000000 -0.371200 -1.430925 -5.598145
-0.779663 -0.918457 -4.000000 -0.339397 -1.415023 -5.649173
-0.787598 -0.920898 -4.000000 -0.309729 -1.412175 -5.713967
-0.785400 -0.917480 -4.000000 -0.304982 -1.402206 -5.769505
-0.782715 -0.920410 -4.000000 -0.297625 -1.390102 -5.843555
-0.785645 -0.921631 -4.000000 -0.274365 -1.386779 -5.909773
-0.784546 -0.922363 -4.000000 -0.263685 -1.395561 -5.968159
-0.786133 -0.915405 -4.000000 -0.278875 -1.418583 -6.053839
-0.786743 -0.916382 -4.000000 -0.304982 -1.421668 -6.133822
-0.783081 -0.925293 -4.000000 -0.333938 -1.431874 -6.197667
-0.782959 -0.914673 -4.000000 -0.339159 -1.421431 -6.253679
-0.789307 -0.916260 -4.000000 -0.326580 -1.415260 -6.295926
-0.782837 -0.917358 -4.000000 -0.323495 -1.418346 -6.336511
-0.779053 -0.919922 -4.000000 -0.329903 -1.424754 -6.367602
-0.783081 -0.911133 -4.000000 -0.330615 -1.456083 -6.368315
-0.785767 -0.915771 -4.000000 -0.330615 -1.495006 -6.368077
-0.778931 -0.921631 -4.000000 -0.328954 -1.523250 -6.361432
-0.781250 -0.922119 -4.000000 -0.309966 -1.528234 -6.352413
-0.782349 -0.927124 -4.000000 -0.304270 -1.534405 -6.332476
-0.780884 -0.922119 -4.000000 -0.319460 -1.533218 -6.338884
-0.780640 -0.918579 -4.000000 -0.338922 -1.533456 -6.344818
-0.785278 -0.916016 -4.000000 -0.347704 -1.530133 -6.343394
-0.785522 -0.919922 -4.000000 -0.346279 -1.516604 -6.343394
-0.789917 -0.921265 -4.000000 -0.358146 -1.504263 -6.343394
-0.784180 -0.919800 -4.000000 -0.378320 -1.476494 -6.324881
-0.789673 -0.918213 -4.000000 -0.390187 -1.419295 -6.296875
-0.789307 -0.923096 -4.000000 -0.386627 -1.364944 -6.269581
-0.791626 -0.924561 -4.000000 -0.394460 -1.315340 -6.247271
-0.783203 -0.912476 -4.000000 -0.398494 -1.281400 -6.238015
-0.775269 -0.916016 -4.000000 -0.401580 -1.269296 -6.228046
-0.789673 -0.914307 -4.000000 -0.395172 -1.288283 -6.222588
-0.776733 -0.921509 -4.000000 -0.393273 -1.292081 -6.219977
-0.779053 -0.916260 -4.000000 -0.439080 -1.296115 -6.222350
-0.779907 -0.919434 -4.000000 -0.495567 -1.319137 -6.212619
-0.777954 -0.915405 -4.000000 -0.547307 -1.311068 -6.197192
-0.786865 -0.920166 -4.000000 -0.574838 -1.270720 -6.167050
-0.783691 -0.914307 -4.000000 -0.555614 -1.227049 -6.134772
-0.788574 -0.919189 -4.000000 -0.519301 -1.203315 -6.102493
-0.786621 -0.920898 -4.000000 -0.489158 -1.209249 -6.075912
-0.783691 -0.913208 -4.000000 -0.490345 -1.227287 -6.041022
-0.781494 -0.920044 -4.000000 -0.532117 -1.260277 -6.019424
-0.778564 -0.915039 -4.000000 -0.559886 -1.314628 -6.001624
-0.777832 -0.920166 -4.000000 -0.593113 -1.332191 -5.975279
-0.786499 -0.913330 -4.000000 -0.615423 -1.321511 -5.943713
-0.784912 -0.917847 -4.000000 -0.625629 -1.288758 -5.896957
-0.777466 -0.920776 -4.000000 -0.629426 -1.259090 -5.874647
-0.785400 -0.919067 -4.000000 -0.630850 -1.249834 -5.844504
-0.788086 -0.917847 -4.000000 -0.632749 -1.251258 -5.822906
-0.786743 -0.921753 -4.000000 -0.618509 -1.255055 -5.808666
-0.786621 -0.925293 -4.000000 -0.621594 -1.265024 -5.788018
-0.786499 -0.915527 -4.000000 -0.640107 -1.271432 -5.778286
-0.778564 -0.924316 -4.000000 -0.680455 -1.267635 -5.781847
-0.782959 -0.918091 -4.000000 -0.728872 -1.258853 -5.772591
-0.781128 -0.916016 -4.000000 -0.791055 -1.255530 -5.782321
-0.786133 -0.911255 -4.000000 -0.862732 -1.267397 -5.799410
-0.782227 -0.917969 -4.000000 -0.918744 -1.307508 -5.799410
-0.791504 -0.917969 -4.000000 -0.942241 -1.380846 -5.790865
-0.781250 -0.912720 -4.000000 -0.918744 -1.484801 -5.778049
-0.783813 -0.917847 -4.000000 -0.863681 -1.586145 -5.743872
-0.779663 -0.923218 -4.000000 -0.782036 -1.624120 -5.713255
-0.779297 -0.916626 -4.000000 -0.678793 -1.621984 -5.658430
-0.780518 -0.927246 -4.000000 -0.600708 -1.626256 -5.638731
-0.780273 -0.918579 -4.000000 -0.581009 -1.636461 -5.609775
-0.779907 -0.916138 -4.000000 -0.574601 -1.504975 -5.370298
-0.779663 -0.913086 -4.000000 -0.648414 -1.451098 -5.353922
-0.781372 -0.916138 -4.000000 -0.699916 -1.513044 -5.324966
-0.786255 -0.918823 -4.000000 -0.683540 -1.387729 -5.243084
-0.786743 -0.923096 -4.000000 -0.676420 -1.312492 -5.208195
-0.789185 -0.916748 -4.000000 -0.681404 -1.256242 -5.212467
-0.780273 -0.921265 -4.000000 -0.681404 -1.211622 -5.237151
-0.791626 -0.920288 -4.000000 -0.744774 -1.239154 -5.270379
-0.790161 -0.921265 -4.000000 -0.863207 -1.318425 -5.312150
-0.787720 -0.914917 -4.000000 -0.962178 -1.506873 -5.395694
-0.786499 -0.916016 -4.000000 -1.045959 -1.680369 -5.467608
-0.792114 -0.918213 -4.000000 -1.121670 -1.842473 -5.508193
-0.789429 -0.918823 -4.000000 -1.138996 -1.906792 -5.533589
-0.786499 -0.920776 -4.000000 -1.036465 -1.837251 -5.519348
-0.783691 -0.925049 -4.000000 -0.871039 -1.704815 -5.462862
-0.779907 -0.921021 -4.000000 -0.665977 -1.507111 -5.365789
-0.786987 -0.914917 -4.000000 -0.491769 -1.318900 -5.258749
-0.785522 -0.918701 -4.000000 -0.397070 -1.216606 -5.202499
-0.782593 -0.918701 -4.000000 -0.308542 -1.175309 -5.191819
-0.783203 -0.919800 -4.000000 -0.256802 -1.180768 -5.230031
-0.778076 -0.924194 -4.000000 -0.246359 -1.205451 -5.253765
-0.781006 -0.914795 -4.000000 -0.269144 -1.198806 -5.291265
-0.780640 -0.915283 -4.000000 -0.308780 -1.169850 -5.313812
-0.782959 -0.918823 -4.000000 -0.334650 -1.134249 -5.356058
-0.789429 -0.916504 -4.000000 -0.380219 -1.138047 -5.415868
-0.790771 -0.917725 -4.000000 -0.488684 -1.246986 -5.497276
-0.788330 -0.919312 -4.000000 -0.615661 -1.403868 -5.576547
-0.776489 -0.917114 -4.000000 -0.731008 -1.381558 -5.561120
-0.776733 -0.917725 -4.000000 -0.749995 -1.502601 -5.579870
-0.787720 -0.915894 -4.000000 -0.650550 -1.502127 -5.596959
-0.787720 -0.915527 -4.000000 -0.507671 -1.413836 -5.590788
-0.785400 -0.922607 -4.000000 -0.392561 -1.301574 -5.605978
-0.787598 -0.918579 -4.000000 -0.342719 -1.226812 -5.592924
-0.786133 -0.914795 -4.000000 -0.289080 -1.258853 -5.600993
-0.783691 -0.915649 -4.000000 -0.269144 -1.283299 -5.581532
-0.787109 -0.923828 -4.000000 -0.317324 -1.282824 -5.569902
-0.784668 -0.918579 -4.000000 -0.315663 -1.281875 -5.589601
-0.783569 -0.918823 -4.000000 -0.299286 -1.288995 -5.619031
-0.781860 -0.920898 -4.000000 -0.297862 -1.314391 -5.648461
-0.787598 -0.922729 -4.000000 -0.334175 -1.353552 -5.659854
-0.782715 -0.919922 -4.000000 -0.370963 -1.387966 -5.652496
-0.785767 -0.920776 -4.000000 -0.407988 -1.409564 -5.645851
-0.789307 -0.916748 -4.000000 -0.407039 -1.415735 -5.656768
