-0.784912 -0.914429 -4.000000 -0.410836 -1.288046 -5.854948
-0.781372 -0.918335 -4.000000 -0.409175 -1.334327 -5.862068
-0.789185 -0.911987 -4.000000 -0.380694 -1.390814 -5.882954
-0.793579 -0.913208 -4.000000 -0.330378 -1.435434 -5.877969
-0.783447 -0.917358 -4.000000 -0.260837 -1.448250 -5.881292
-0.786865 -0.921753 -4.000000 -0.172309 -1.410513 -5.889362
-0.788574 -0.922607 -4.000000 -0.073575 -1.349754 -5.918792
-0.788574 -0.921021 -4.000000 0.012104 -1.252207 -5.936355
-0.783936 -0.918091 -4.000000 0.083781 -1.197856 -5.944425
-0.780640 -0.917480 -4.000000 0.150236 -1.229423 -5.920454
-0.792480 -0.920166 -4.000000 0.179429 -1.309169 -5.884615
-0.782837 -0.916626 -4.000000 0.177768 -1.425703 -5.880817
-0.788208 -0.914429 -4.000000 0.163290 -1.567633 -5.913808
-0.788330 -0.910522 -4.000000 0.148100 -1.744688 -5.936593
-0.788330 -0.918945 -4.000000 0.162815 -1.906792 -5.930184
-0.785156 -0.919312 -4.000000 0.250394 -1.999355 -5.873697
-0.780762 -0.922119 -4.000000 0.432671 -2.008611 -5.758587
-0.787354 -0.913208 -4.000000 0.686863 -1.924592 -5.647038
-0.785767 -0.918701 -4.000000 0.933697 -1.743502 -5.561832
-0.778442 -0.911255 -4.000000 1.178632 -1.518741 -5.485646
-0.787964 -0.918823 -4.000000 1.394137 -1.312017 -5.449096
-0.791992 -0.921143 -4.000000 1.507348 -1.186464 -5.406612
-0.780762 -0.920776 -4.000000 1.448013 -1.175072 -5.399729
-0.784790 -0.910278 -4.000000 1.313679 -1.263600 -5.453843
-0.787964 -0.913696 -4.000000 1.105768 -1.396036 -5.527418
-0.795166 -0.922363 -4.000000 0.823096 -1.554342 -5.583193
-0.782471 -0.923218 -4.000000 0.536152 -1.671113 -5.661753
-0.781860 -0.922119 -4.000000 0.264160 -1.732584 -5.712069
-0.783081 -0.910156 -4.000000 0.067642 -1.755131 -5.731056
-0.781250 -0.922852 -4.000000 -0.102768 -1.743027 -5.747195
-0.782715 -0.916748 -4.000000 -0.271992 -1.694610 -5.736278
-0.789429 -0.916504 -4.000000 -0.397308 -1.604420 -5.678604
-0.780884 -0.922974 -4.000000 -0.465662 -1.509722 -5.594585
-0.784058 -0.911133 -4.000000 -0.527133 -1.420719 -5.516737
-0.775146 -0.914795 -4.000000 -0.628714 -1.356400 -5.465947
-0.783081 -0.921997 -4.000000 -0.728397 -1.304659 -5.414207
-0.785156 -0.914307 -4.000000 -0.833539 -1.263837 -5.368637
-0.786865 -0.914795 -4.000000 -0.931798 -1.277365 -5.309777
-0.782349 -0.911133 -4.000000 -1.056639 -1.358061 -5.260885
-0.784912 -0.920532 -4.000000 -1.230372 -1.446114 -5.215553
-0.785522 -0.913452 -4.000000 -1.412887 -1.493345 -5.204873
-0.789673 -0.924683 -4.000000 -1.571667 -1.444216 -5.174968
-0.788940 -0.921265 -4.000000 -1.697932 -1.347855 -5.159541
-0.781616 -0.923950 -4.000000 -1.821824 -1.241052 -5.158828
-0.784180 -0.922485 -4.000000 -1.989386 -1.110515 -5.178528
-0.786377 -0.921997 -4.000000 -2.179733 -0.916846 -5.225759
-0.792725 -0.926880 -4.000000 -2.382659 -0.707749 -5.316185
-0.783203 -0.913452 -4.000000 -2.545712 -0.558936 -5.434143
-0.783691 -0.913208 -4.000000 -2.713274 -0.519301 -5.582006
-0.788696 -0.914673 -4.000000 -2.855204 -0.598810 -5.727021
-0.785767 -0.914673 -4.000000 -2.915013 -0.804584 -5.865865
-0.783813 -0.924316 -4.000000 -2.901248 -1.075389 -5.988095
-0.780396 -0.919678 -4.000000 -2.851406 -1.275467 -6.079234
-0.781372 -0.922852 -4.000000 -2.749113 -1.327444 -6.125041
-0.781250 -0.920044 -4.000000 -2.620237 -1.213758 -6.126702
-0.782227 -0.918701 -4.000000 -2.433925 -1.004424 -6.126227
-0.787964 -0.911621 -4.000000 -2.212961 -0.777764 -6.123854
-0.787476 -0.917480 -4.000000 -1.975383 -0.611626 -6.149250
-0.786743 -0.910400 -4.000000 -1.730923 -0.538525 -6.217841
-0.782227 -0.916504 -4.000000 -1.486700 -0.541373 -6.292603
-0.784546 -0.919678 -4.000000 -1.257666 -0.609965 -6.365467
-0.791260 -0.916870 -4.000000 -1.070167 -0.716056 -6.409374
-0.784058 -0.914307 -4.000000 -0.894773 -0.851340 -6.490545
-0.785889 -0.915283 -4.000000 -0.763286 -1.036465 -6.510719
-0.780762 -0.915161 -4.000000 -0.676657 -1.195246 -6.508820
-0.781006 -0.914673 -4.000000 -0.551104 -1.291606 -6.477254
-0.792358 -0.919556 -4.000000 -0.392561 -1.320799 -6.451384
-0.785278 -0.916626 -4.000000 -0.236391 -1.317713 -6.480577
-0.784546 -0.919434 -4.000000 -0.085443 -1.339549 -6.502649
-0.787964 -0.914795 -4.000000 0.109177 -1.437570 -6.518076
-0.784668 -0.918091 -4.000000 0.316849 -1.551968 -6.514991
-0.789307 -0.916992 -4.000000 0.496516 -1.658534 -6.481526
-0.791260 -0.919678 -4.000000 0.619933 -1.704103 -6.477016
-0.778687 -0.919067 -4.000000 0.748571 -1.685116 -6.459928
-0.782837 -0.918457 -4.000000 0.852289 -1.649990 -6.411036
-0.787109 -0.914917 -4.000000 0.935121 -1.627205 -6.370688
-0.793457 -0.916260 -4.000000 1.011307 -1.574753 -6.320372
-0.788574 -0.918579 -4.000000 1.082509 -1.515180 -6.252730
-0.786865 -0.910156 -4.000000 1.122382 -1.470798 -6.175831
-0.785767 -0.916016 -4.000000 1.149676 -1.465576 -6.103680
-0.774170 -0.916870 -4.000000 1.133300 -1.495244 -6.018475
-0.786255 -0.925781 -4.000000 1.059012 -1.551731 -5.953918
-0.786011 -0.919067 -4.000000 0.949124 -1.589468 -5.921403
-0.789307 -0.919067 -4.000000 0.815739 -1.564547 -5.904552
-0.785889 -0.922852 -4.000000 0.690186 -1.512807 -5.883903
-0.782959 -0.921265 -4.000000 0.618271 -1.443029 -5.861593
-0.777344 -0.920410 -4.000000 0.563683 -1.399833 -5.845929
-0.782593 -0.920044 -4.000000 0.457355 -1.404580 -5.831451
-0.782959 -0.923218 -4.000000 0.309017 -1.448962 -5.806530
-0.784058 -0.923950 -4.000000 0.139319 -1.531794 -5.789442
-0.787476 -0.919067 -4.000000 -0.044857 -1.638123 -5.751705
-0.778076 -0.920654 -4.000000 -0.201739 -1.733533 -5.703525
-0.779907 -0.920288 -4.000000 -0.303321 -1.767236 -5.639442
-0.778198 -0.914063 -4.000000 -0.306169 -1.714309 -5.544981
-0.778931 -0.911011 -4.000000 -0.215030 -1.586145 -5.436517
-0.782104 -0.916504 -4.000000 -0.100870 -1.455845 -5.289603
-0.784058 -0.921143 -4.000000 0.005459 -1.389390 -5.120142
-0.781128 -0.918213 -4.000000 0.083306 -1.409327 -4.990791
-0.789185 -0.912720 -4.000000 0.086155 -1.537016 -4.910096
-0.784424 -0.920288 -4.000000 0.047943 -1.698170 -4.835571
-0.791260 -0.914795 -4.000000 0.047943 -1.776729 -4.770777
-0.788574 -0.920532 -4.000000 0.065269 -1.757980 -4.700050
-0.783691 -0.920044 -4.000000 0.060284 -1.693423 -4.656854
-0.784668 -0.911133 -4.000000 0.014240 -1.637411 -4.660414
-0.787720 -0.923950 -4.000000 -0.055063 -1.598487 -4.712391
-0.775513 -0.916504 -4.000000 -0.095648 -1.628154 -4.803530
-0.781738 -0.915894 -4.000000 -0.121993 -1.788122 -4.950918
-0.784668 -0.913940 -4.000000 -0.195094 -2.039940 -5.058434
-0.782837 -0.916382 -4.000000 -0.290030 -2.267312 -5.122990
-0.789795 -0.914673 -4.000000 -0.357909 -2.361299 -5.097120
-0.789917 -0.922729 -4.000000 -0.526658 -2.206790 -5.151708
-0.789429 -0.922852 -4.000000 -0.840897 -1.954497 -5.197040
-0.788940 -0.912354 -4.000000 -0.708698 -1.864545 -5.022595
-0.783569 -0.912598 -4.000000 -0.461152 -1.490972 -5.165949
-0.788818 -0.912354 -4.000000 -0.394460 -1.071591 -5.199176
-0.785156 -0.916992 -4.000000 -0.355061 -0.899282 -5.233116
-0.784424 -0.923218 -4.000000 -0.265821 -0.903554 -5.329239
-0.787109 -0.926880 -4.000000 -0.242562 -0.916134 -5.410884
-0.779541 -0.920288 -4.000000 -0.339634 -0.943665 -5.431295
-0.784424 -0.918213 -4.000000 -0.429823 -0.975943 -5.461675
-0.786011 -0.918823 -4.000000 -0.476579 -1.021987 -5.532640
-0.787598 -0.916138 -4.000000 -0.520487 -1.098648 -5.644427
-0.781006 -0.913330 -4.000000 -0.547544 -1.201654 -5.719901
-0.782227 -0.914795 -4.000000 -0.498652 -1.289470 -5.741499
-0.779297 -0.918335 -4.000000 -0.481801 -1.297065 -5.735565
-0.775879 -0.915161 -4.000000 -0.508383 -1.278077 -5.728445
-0.783813 -0.923828 -4.000000 -0.428874 -1.268346 -5.769030
-0.787720 -0.915039 -4.000000 -0.363368 -1.203315 -5.770454
-0.784424 -0.923828 -4.000000 -0.334650 -1.185752 -5.782796
-0.785278 -0.920044 -4.000000 -0.391849 -1.192872 -5.791103
-0.780151 -0.913452 -4.000000 -0.463763 -1.206163 -5.776863
-0.782349 -0.918579 -4.000000 -0.485361 -1.199755 -5.743160
-0.783203 -0.917725 -4.000000 -0.456880 -1.189550 -5.735091
-0.794189 -0.915283 -4.000000 -0.424364 -1.176021 -5.734616
-0.783325 -0.915283 -4.000000 -0.435045 -1.144455 -5.729394
-0.785522 -0.919434 -4.000000 -0.478715 -1.176496 -5.748619
-0.780029 -0.913208 -4.000000 -0.478478 -1.228236 -5.770692
-0.785645 -0.912842 -4.000000 -0.464475 -1.270245 -5.797511
-0.783936 -0.913086 -4.000000 -0.449522 -1.328156 -5.813650
-0.794434 -0.918091 -4.000000 -0.427213 -1.384169 -5.816261
-0.780273 -0.918701 -4.000000 -0.414871 -1.413361 -5.793002
-0.791260 -0.912598 -4.000000 -0.378795 -1.410039 -5.788967
-0.781616 -0.917236 -4.000000 -0.333226 -1.367555 -5.774489
-0.781250 -0.920654 -4.000000 -0.284096 -1.349280 -5.784457
-0.786865 -0.925171 -4.000000 -0.261074 -1.360197 -5.796562
-0.777954 -0.919556 -4.000000 -0.289792 -1.414073 -5.823381
-0.780640 -0.915405 -4.000000 -0.313527 -1.458219 -5.830739
-0.782471 -0.915405 -4.000000 -0.330378 -1.476731 -5.842843
-0.783936 -0.918579 -4.000000 -0.328954 -1.475782 -5.850201
-0.786987 -0.918457 -4.000000 -0.317087 -1.466051 -5.869425
