-0.783203 -0.917847 -4.000000 -0.114161 -1.335514 -5.771166
-0.782837 -0.915894 -4.000000 -0.231169 -1.396510 -5.837622
-0.782959 -0.917725 -4.000000 -0.373336 -1.465576 -5.880105
-0.783569 -0.920044 -4.000000 -0.445488 -1.514943 -5.895058
-0.785522 -0.923706 -4.000000 -0.494380 -1.577363 -5.895770
-0.779297 -0.919189 -4.000000 -0.524285 -1.606794 -5.888175
-0.783936 -0.920532 -4.000000 -0.514079 -1.611303 -5.848777
-0.785156 -0.915039 -4.000000 -0.471832 -1.595164 -5.779948
-0.782349 -0.918213 -4.000000 -0.399918 -1.543424 -5.679316
-0.781006 -0.916504 -4.000000 -0.323257 -1.427127 -5.627101
-0.781982 -0.909790 -4.000000 -0.262024 -1.310593 -5.583430
-0.786133 -0.916504 -4.000000 -0.218590 -1.226575 -5.548541
-0.787720 -0.919189 -4.000000 -0.224761 -1.180293 -5.548304
-0.780884 -0.916992 -4.000000 -0.284096 -1.169613 -5.571801
-0.777100 -0.922119 -4.000000 -0.381643 -1.202129 -5.564206
-0.795532 -0.920288 -4.000000 -0.486785 -1.288995 -5.544981
-0.783691 -0.921021 -4.000000 -0.551341 -1.379896 -5.491580
-0.785278 -0.920410 -4.000000 -0.556563 -1.413599 -5.404950
-0.788452 -0.926514 -4.000000 -0.504348 -1.396273 -5.304793
-0.788940 -0.913208 -4.000000 -0.416770 -1.320561 -5.223385
-0.785278 -0.910400 -4.000000 -0.332514 -1.259565 -5.129636
-0.786743 -0.919434 -4.000000 -0.299286 -1.244375 -5.058434
-0.784912 -0.919312 -4.000000 -0.319223 -1.251970 -5.001709
-0.786621 -0.916138 -4.000000 -0.363843 -1.317476 -4.979637
-0.778442 -0.913452 -4.000000 -0.400868 -1.426652 -4.977026
-0.783081 -0.917358 -4.000000 -0.418431 -1.551256 -4.982247
-0.787231 -0.921509 -4.000000 -0.396358 -1.632189 -4.989605
-0.781250 -0.921143 -4.000000 -0.357909 -1.695084 -5.002184
-0.786743 -0.916748 -4.000000 -0.349840 -1.736856 -4.961599
-0.789795 -0.912964 -4.000000 -0.382355 -1.717869 -4.871409
-0.785889 -0.915771 -4.000000 -0.444301 -1.686303 -4.773862
-0.791260 -0.920654 -4.000000 -0.442402 -1.678233 -4.752739
-0.783325 -0.917969 -4.000000 -0.424602 -1.440181 -4.717375
-0.789673 -0.912964 -4.000000 -0.542797 -1.331242 -4.698388
-0.779785 -0.916748 -4.000000 -0.688999 -1.369216 -4.706221
-0.781006 -0.915527 -4.000000 -0.818349 -1.434010 -4.769828
-0.786011 -0.916626 -4.000000 -0.894298 -1.519452 -4.879479
-0.786011 -0.918945 -4.000000 -0.967162 -1.573329 -4.966583
-0.791992 -0.931030 -4.000000 -0.959329 -1.499516 -5.004557
-0.783569 -0.925049 -4.000000 -0.827843 -1.329580 -5.013813
-0.783569 -0.910767 -4.000000 -0.660043 -1.166528 -5.020222
-0.788452 -0.919800 -4.000000 -0.469222 -1.083458 -5.053212
-0.788086 -0.920410 -4.000000 -0.392323 -1.086069 -5.113259
-0.780518 -0.919189 -4.000000 -0.435994 -1.168189 -5.187072
-0.783081 -0.919434 -4.000000 -0.522861 -1.281400 -5.297198
-0.781982 -0.914429 -4.000000 -0.556088 -1.355688 -5.413257
-0.784058 -0.918945 -4.000000 -0.527370 -1.386542 -5.511754
-0.785645 -0.921509 -4.000000 -0.443589 -1.365656 -5.575835
-0.784180 -0.913818 -4.000000 -0.345567 -1.332666 -5.621167
-0.783203 -0.913696 -4.000000 -0.254191 -1.295878 -5.672907
-0.789795 -0.919678 -4.000000 -0.185125 -1.292793 -5.735328
-0.792114 -0.916870 -4.000000 -0.179904 -1.343109 -5.814125
-0.782837 -0.910400 -4.000000 -0.198891 -1.406479 -5.908587
-0.785156 -0.911987 -4.000000 -0.218353 -1.472222 -5.991181
-0.789917 -0.911377 -4.000000 -0.227372 -1.507348 -6.041260
-0.777954 -0.915405 -4.000000 -0.206486 -1.491921 -6.091576
-0.784790 -0.911987 -4.000000 -0.175394 -1.493582 -6.135009
-0.782837 -0.918823 -4.000000 -0.181565 -1.487886 -6.200515
-0.789673 -0.919189 -4.000000 -0.218116 -1.471747 -6.271242
-0.782471 -0.923340 -4.000000 -0.282198 -1.464152 -6.343868
-0.787109 -0.916626 -4.000000 -0.355536 -1.474595 -6.386827
-0.786499 -0.922729 -4.000000 -0.414396 -1.467238 -6.425276
-0.789063 -0.915405 -4.000000 -0.423652 -1.430212 -6.463725
-0.778320 -0.920044 -4.000000 -0.412972 -1.409089 -6.476779
-0.786377 -0.916260 -4.000000 -0.409649 -1.383219 -6.489833
-0.784058 -0.911011 -4.000000 -0.420330 -1.380371 -6.496953
-0.788696 -0.918213 -4.000000 -0.437181 -1.381320 -6.495054
-0.791138 -0.915161 -4.000000 -0.439080 -1.359010 -6.479627
-0.781250 -0.916382 -4.000000 -0.432197 -1.345482 -6.461589
-0.783325 -0.915039 -4.000000 -0.434095 -1.334564 -6.435956
-0.788696 -0.917358 -4.000000 -0.434807 -1.327919 -6.401067
-0.788452 -0.920532 -4.000000 -0.434095 -1.313916 -6.373774
-0.786621 -0.913696 -4.000000 -0.454507 -1.302998 -6.369976
-0.783447 -0.911865 -4.000000 -0.482987 -1.323172 -6.377334
-0.779419 -0.926636 -4.000000 -0.566057 -1.328156 -6.379232
-0.776978 -0.919922 -4.000000 -0.656721 -1.358773 -6.378757
-0.787964 -0.917725 -4.000000 -0.684727 -1.375387 -6.371637
-0.788086 -0.918091 -4.000000 -0.650312 -1.355688 -6.353125
-0.782959 -0.918335 -4.000000 -0.546595 -1.310356 -6.320609
-0.782471 -0.914429 -4.000000 -0.443826 -1.231796 -6.269106
-0.783081 -0.917358 -4.000000 -0.381643 -1.172461 -6.204075
-0.778564 -0.911133 -4.000000 -0.366453 -1.156085 -6.159218
-0.785034 -0.918335 -4.000000 -0.400156 -1.179107 -6.135484
-0.787476 -0.916748 -4.000000 -0.471120 -1.240340 -6.110326
-0.785522 -0.921753 -4.000000 -0.559648 -1.287571 -6.096560
-0.777344 -0.921143 -4.000000 -0.660518 -1.325308 -6.095373
-0.783325 -0.918213 -4.000000 -0.739078 -1.368267 -6.084930
-0.778442 -0.914795 -4.000000 -0.787970 -1.385118 -6.056212
-0.786987 -0.914917 -4.000000 -0.837099 -1.374438 -5.999725
-0.782959 -0.919678 -4.000000 -0.869377 -1.340498 -5.930896
-0.788696 -0.911133 -4.000000 -0.865343 -1.298963 -5.884852
-0.786743 -0.916016 -4.000000 -0.863681 -1.288046 -5.853761
-0.784668 -0.911621 -4.000000 -0.898570 -1.293742 -5.824331
-0.792114 -0.910156 -4.000000 -0.927526 -1.290182 -5.799884
-0.780640 -0.924927 -4.000000 -0.944140 -1.290419 -5.778049
-0.787964 -0.918823 -4.000000 -0.931798 -1.306321 -5.740075
-0.783813 -0.912842 -4.000000 -0.919694 -1.326257 -5.706610
-0.788208 -0.918701 -4.000000 -0.913997 -1.333378 -5.663651
-0.787476 -0.915649 -4.000000 -0.881957 -1.319375 -5.618082
-0.782349 -0.921387 -4.000000 -0.848017 -1.280688 -5.561595
-0.782349 -0.920044 -4.000000 -0.829267 -1.219217 -5.503684
-0.780518 -0.923706 -4.000000 -0.843745 -1.162493 -5.483273
-0.783325 -0.924561 -4.000000 -0.880295 -1.163679 -5.467134
-0.783447 -0.923340 -4.000000 -0.932035 -1.237492 -5.453368
-0.787598 -0.915771 -4.000000 -0.965975 -1.327207 -5.425124
-0.785522 -0.913818 -4.000000 -0.957905 -1.410276 -5.389523
-0.790649 -0.916748 -4.000000 -0.907115 -1.454896 -5.310014
-0.789673 -0.918579 -4.000000 -0.808381 -1.442080 -5.221012
-0.784546 -0.914673 -4.000000 -0.667401 -1.402681 -5.133433
-0.784058 -0.918213 -4.000000 -0.503636 -1.334802 -5.061519
-0.786499 -0.919189 -4.000000 -0.343669 -1.256954 -5.002658
-0.786621 -0.921387 -4.000000 -0.215030 -1.215182 -4.987231
-0.781494 -0.911621 -4.000000 -0.135284 -1.236543 -5.011677
-0.783325 -0.914551 -4.000000 -0.136945 -1.314391 -5.043481
-0.783203 -0.916138 -4.000000 -0.174682 -1.361147 -5.072436
-0.784546 -0.919189 -4.000000 -0.270568 -1.424279 -5.106139
-0.792847 -0.918335 -4.000000 -0.310916 -1.468899 -5.139604
-0.781860 -0.920288 -4.000000 -0.292641 -1.440893 -5.173543
-0.787964 -0.916504 -4.000000 -0.249207 -1.384881 -5.203923
-0.784912 -0.918335 -4.000000 -0.202214 -1.352365 -5.212230
-0.787598 -0.916748 -4.000000 -0.177531 -1.299201 -5.192294
-0.782593 -0.921021 -4.000000 -0.153084 -1.227999 -5.185885
-0.781982 -0.913452 -4.000000 -0.150948 -1.179344 -5.174493
-0.783447 -0.921143 -4.000000 -0.187261 -1.149202 -5.181613
-0.782959 -0.919067 -4.000000 -0.211233 -1.143268 -5.236676
-0.792236 -0.913818 -4.000000 -0.240188 -1.186464 -5.298385
-0.781860 -0.923096 -4.000000 -0.317324 -1.289707 -5.379080
-0.786255 -0.921631 -4.000000 -0.339634 -1.293267 -5.440077
-0.781128 -0.923828 -4.000000 -0.431485 -1.296827 -5.432957
-0.788452 -0.910400 -4.000000 -0.525234 -1.400308 -5.453368
-0.787476 -0.916382 -4.000000 -0.519775 -1.338362 -5.438415
-0.778442 -0.920410 -4.000000 -0.481801 -1.241527 -5.452893
-0.788574 -0.921509 -4.000000 -0.454981 -1.189550 -5.461437
-0.779297 -0.922485 -4.000000 -0.422466 -1.163679 -5.498937
-0.777466 -0.925171 -4.000000 -0.435282 -1.167952 -5.514364
-0.783203 -0.916138 -4.000000 -0.459728 -1.186701 -5.535250
-0.784180 -0.914917 -4.000000 -0.462576 -1.220878 -5.566104
-0.785278 -0.915894 -4.000000 -0.459253 -1.272144 -5.600519
-0.779175 -0.917725 -4.000000 -0.477529 -1.333615 -5.642053
-0.777832 -0.917480 -4.000000 -0.466136 -1.396748 -5.681452
-0.780640 -0.912598 -4.000000 -0.421991 -1.437570 -5.697353
-0.784180 -0.925171 -4.000000 -0.390425 -1.463203 -5.702575
-0.784546 -0.921387 -4.000000 -0.368352 -1.448488 -5.709458
-0.783081 -0.916748 -4.000000 -0.340346 -1.424516 -5.708508
-0.782104 -0.920410 -4.000000 -0.328242 -1.415497 -5.700439
-0.790649 -0.914429 -4.000000 -0.336786 -1.404817 -5.715154
-0.788086 -0.922852 -4.000000 -0.352925 -1.413836 -5.738888
-0.787354 -0.924194 -4.000000 -0.365979 -1.425228 -5.734853
-0.790405 -0.914307 -4.000000 -0.355536 -1.444216 -5.749568
-0.786865 -0.915039 -4.000000 -0.353162 -1.478630 -5.749094
