-0.787109 -0.928345 -4.000000 -0.510519 -1.314628 -5.722749
-0.784546 -0.919434 -4.000000 -0.462814 -1.284486 -5.727496
-0.788574 -0.915161 -4.000000 -0.464475 -1.248647 -5.772591
-0.787964 -0.922119 -4.000000 -0.493430 -1.255293 -5.802732
-0.786377 -0.915161 -4.000000 -0.506009 -1.324834 -5.815074
-0.771973 -0.915039 -4.000000 -0.520250 -1.399833 -5.810802
-0.780151 -0.919189 -4.000000 -0.529269 -1.415497 -5.789442
-0.784180 -0.917603 -4.000000 -0.544933 -1.400308 -5.772116
-0.784546 -0.919189 -4.000000 -0.550155 -1.362571 -5.716341
-0.785645 -0.913086 -4.000000 -0.539474 -1.295878 -5.675756
-0.791260 -0.919434 -4.000000 -0.520250 -1.243663 -5.652021
-0.784546 -0.916748 -4.000000 -0.475867 -1.237967 -5.630424
-0.781372 -0.919189 -4.000000 -0.400868 -1.272856 -5.608114
-0.784668 -0.923462 -4.000000 -0.279112 -1.329343 -5.581769
-0.785645 -0.924194 -4.000000 -0.140980 -1.376099 -5.533351
-0.783813 -0.909790 -4.000000 -0.004747 -1.353552 -5.484934
-0.787354 -0.913940 -4.000000 0.097072 -1.246511 -5.466896
-0.789063 -0.919556 -4.000000 0.149524 -1.072778 -5.492529
-0.788330 -0.919067 -4.000000 0.170648 -0.897858 -5.612148
-0.780396 -0.920166 -4.000000 0.153797 -0.808381 -5.881767
-0.791260 -0.919434 -4.000000 0.072626 -0.914947 -6.260562
-0.788452 -0.920166 -4.000000 -0.102056 -1.250071 -6.699642
-0.785522 -0.915527 -4.000000 -0.361232 -1.697695 -7.133262
-0.782593 -0.920044 -4.000000 -0.674521 -2.107819 -7.492596
-0.785400 -0.922363 -4.000000 -0.976181 -2.412327 -7.770996
-0.790283 -0.915527 -4.000000 -1.185040 -2.566123 -7.777166
-0.788086 -0.916870 -4.000000 -1.199993 -2.487089 -7.777166
-0.791870 -0.908325 -4.000000 -1.026022 -2.210350 -7.760315
-0.784424 -0.921997 -4.000000 -0.758065 -1.833691 -7.485475
-0.778442 -0.915405 -4.000000 -0.510519 -1.494532 -7.180968
-0.784424 -0.919800 -4.000000 -0.379507 -1.273331 -6.918469
-0.785767 -0.907593 -4.000000 -0.382118 -1.226575 -6.740939
-0.774658 -0.918457 -4.000000 -0.457592 -1.295878 -6.632949
-0.781372 -0.923340 -4.000000 -0.554427 -1.365656 -6.544658
-0.786255 -0.915649 -4.000000 -0.637971 -1.377523 -6.465861
-0.783936 -0.915894 -4.000000 -0.675470 -1.348093 -6.402254
-0.783325 -0.916748 -4.000000 -0.667164 -1.347855 -6.344343
-0.790894 -0.915405 -4.000000 -0.588129 -1.373726 -6.291654
-0.784424 -0.915894 -4.000000 -0.480614 -1.425466 -6.245135
-0.787842 -0.917847 -4.000000 -0.396121 -1.477206 -6.188885
-0.785278 -0.912720 -4.000000 -0.353874 -1.529658 -6.101781
-0.790161 -0.921509 -4.000000 -0.328954 -1.524199 -6.032715
-0.786865 -0.918701 -4.000000 -0.309729 -1.489310 -5.970295
-0.788574 -0.923218 -4.000000 -0.296438 -1.497855 -5.933507
-0.785522 -0.919556 -4.000000 -0.290267 -1.541525 -5.918792
-0.783569 -0.915283 -4.000000 -0.297387 -1.574278 -5.898381
-0.782471 -0.918091 -4.000000 -0.290030 -1.544136 -5.882954
-0.784912 -0.920044 -4.000000 -0.288606 -1.500228 -5.871799
-0.785645 -0.918823 -4.000000 -0.277213 -1.483851 -5.855897
-0.779907 -0.912964 -4.000000 -0.274603 -1.513519 -5.839758
-0.784668 -0.916992 -4.000000 -0.288368 -1.550781 -5.835011
-0.784302 -0.921387 -4.000000 -0.298337 -1.583772 -5.832637
-0.789917 -0.921631 -4.000000 -0.310204 -1.582110 -5.823381
-0.789551 -0.918945 -4.000000 -0.322308 -1.544848 -5.795138
-0.781738 -0.912354 -4.000000 -0.333226 -1.481953 -5.780185
-0.783081 -0.913086 -4.000000 -0.338685 -1.451336 -5.772353
-0.784546 -0.913940 -4.000000 -0.343194 -1.431874 -5.760011
-0.777222 -0.923462 -4.000000 -0.336311 -1.411463 -5.745296
-0.785645 -0.920532 -4.000000 -0.329903 -1.390814 -5.743635
-0.786987 -0.917358 -4.000000 -0.334412 -1.410039 -5.727258
-0.796509 -0.922729 -4.000000 -0.354349 -1.446589 -5.708034
-0.785645 -0.909180 -4.000000 -0.379982 -1.439944 -5.701863
-0.786011 -0.917725 -4.000000 -0.429823 -1.411700 -5.706372
-0.780518 -0.923218 -4.000000 -0.501500 -1.375387 -5.729394
-0.781006 -0.909912 -4.000000 -0.588841 -1.350229 -5.754078
-0.787354 -0.919922 -4.000000 -0.665265 -1.287808 -5.760961
-0.793701 -0.917480 -4.000000 -0.733619 -1.223252 -5.779236
-0.789429 -0.915405 -4.000000 -0.891450 -1.321273 -5.885327
-0.785767 -0.920044 -4.000000 -1.076101 -1.390577 -5.906213
-0.789795 -0.916870 -4.000000 -1.234882 -1.443266 -5.889124
-0.784790 -0.917236 -4.000000 -1.390102 -1.533456 -5.899330
-0.781860 -0.915039 -4.000000 -1.504263 -1.588281 -5.884615
-0.784424 -0.913452 -4.000000 -1.536304 -1.527522 -5.830502
-0.781860 -0.917236 -4.000000 -1.481953 -1.391051 -5.764284
-0.782959 -0.918335 -4.000000 -1.385118 -1.276891 -5.688097
-0.784668 -0.919189 -4.000000 -1.289470 -1.198806 -5.611199
-0.781982 -0.918213 -4.000000 -1.214708 -1.194534 -5.560883
-0.785522 -0.914307 -4.000000 -1.210910 -1.309406 -5.529079
-0.785034 -0.919312 -4.000000 -1.233695 -1.481241 -5.504870
-0.785767 -0.918823 -4.000000 -1.234407 -1.578313 -5.447909
-0.792725 -0.921997 -4.000000 -1.167714 -1.549120 -5.367451
-0.781982 -0.917480 -4.000000 -1.055927 -1.426415 -5.309539
-0.779907 -0.921753 -4.000000 -0.950548 -1.279501 -5.242135
-0.782471 -0.919678 -4.000000 -0.902130 -1.159882 -5.180901
-0.785767 -0.920898 -4.000000 -0.882194 -1.110515 -5.154319
-0.779053 -0.915771 -4.000000 -0.856086 -1.163917 -5.150047
-0.778442 -0.919678 -4.000000 -0.803397 -1.376811 -5.177578
-0.777832 -0.919922 -4.000000 -0.699205 -1.633851 -5.193955
-0.781738 -0.908203 -4.000000 -0.481089 -1.856950 -5.211993
-0.790039 -0.919678 -4.000000 -0.172072 -1.924592 -5.169509
-0.782593 -0.920410 -4.000000 0.221676 -1.915573 -5.124651
-0.781982 -0.914307 -4.000000 0.652923 -1.933849 -5.092136
-0.788452 -0.924561 -4.000000 1.039788 -1.972535 -5.075522
-0.781982 -0.926880 -4.000000 1.325783 -2.050145 -5.019747
-0.786743 -0.917358 -4.000000 1.523487 -2.131078 -4.971804
-0.784424 -0.920654 -4.000000 1.629578 -2.129892 -4.994114
-0.783569 -0.911865 -4.000000 1.718581 -1.994133 -5.054162
-0.790771 -0.913574 -4.000000 1.781476 -1.829419 -5.142689
-0.791504 -0.916382 -4.000000 1.749198 -1.726413 -5.279160
-0.784668 -0.919678 -4.000000 1.593740 -1.678945 -5.441976
-0.788940 -0.919922 -4.000000 1.331954 -1.683929 -5.582006
-0.785400 -0.917480 -4.000000 0.981165 -1.732347 -5.685486
-0.790405 -0.922363 -4.000000 0.601420 -1.777916 -5.785407
-0.790405 -0.916504 -4.000000 0.320409 -1.776729 -5.903128
-0.784912 -0.927856 -4.000000 0.201502 -1.729261 -5.987383
-0.784058 -0.918579 -4.000000 0.211233 -1.650464 -6.069028
-0.775024 -0.917603 -4.000000 0.241612 -1.581161 -6.114123
-0.787231 -0.914551 -4.000000 0.260125 -1.515655 -6.141654
-0.783936 -0.923340 -4.000000 0.225948 -1.450387 -6.162066
-0.791870 -0.914185 -4.000000 0.139793 -1.421668 -6.182952
-0.786987 -0.916504 -4.000000 0.016376 -1.462016 -6.187224
-0.786987 -0.921631 -4.000000 -0.088053 -1.556240 -6.177730
-0.783691 -0.913330 -4.000000 -0.129350 -1.616050 -6.158506
-0.783936 -0.921021 -4.000000 -0.114635 -1.594452 -6.136433
-0.778931 -0.916016 -4.000000 -0.052452 -1.542712 -6.111512
-0.780029 -0.923218 -4.000000 0.031092 -1.507823 -6.074962
-0.786133 -0.919678 -4.000000 0.069541 -1.496668 -6.026307
-0.778076 -0.920532 -4.000000 0.054351 -1.507823 -5.993080
-0.793335 -0.918091 -4.000000 -0.010206 -1.518978 -5.978839
-0.786255 -0.914185 -4.000000 -0.109177 -1.535592 -5.971482
-0.790894 -0.913574 -4.000000 -0.200553 -1.545797 -5.985247
-0.786255 -0.916260 -4.000000 -0.264634 -1.518741 -5.976466
-0.784546 -0.924805 -4.000000 -0.296201 -1.472934 -5.969820
-0.783447 -0.919678 -4.000000 -0.301422 -1.435671 -5.949883
-0.787109 -0.925537 -4.000000 -0.304033 -1.411700 -5.925437
-0.788940 -0.914551 -4.000000 -0.295251 -1.379422 -5.873697
-0.791626 -0.908569 -4.000000 -0.275789 -1.355213 -5.834536
-0.779541 -0.924072 -4.000000 -0.248258 -1.316289 -5.783033
-0.785034 -0.922974 -4.000000 -0.231644 -1.255767 -5.740787
-0.783813 -0.921387 -4.000000 -0.243986 -1.210198 -5.686911
-0.788086 -0.919800 -4.000000 -0.329666 -1.202366 -5.651309
-0.788818 -0.917236 -4.000000 -0.488446 -1.240578 -5.637781
-0.790771 -0.918091 -4.000000 -0.684964 -1.303236 -5.610961
-0.786743 -0.916382 -4.000000 -0.842795 -1.370403 -5.573699
-0.794434 -0.923706 -4.000000 -0.943190 -1.436146 -5.521959
-0.790161 -0.922852 -4.000000 -0.982589 -1.492633 -5.452418
-0.783447 -0.914307 -4.000000 -0.979503 -1.510671 -5.332324
-0.785278 -0.916138 -4.000000 -0.965738 -1.440893 -5.187547
-0.787476 -0.920776 -4.000000 -0.970959 -1.284723 -5.050838
-0.778809 -0.917114 -4.000000 -1.048095 -1.146354 -4.933355
-0.785156 -0.916626 -4.000000 -1.216132 -1.105768 -4.855982
-0.790771 -0.919678 -4.000000 -1.433298 -1.124281 -4.823941
-0.787476 -0.919922 -4.000000 -1.620085 -1.169138 -4.803767
-0.784424 -0.910767 -4.000000 -1.721429 -1.223489 -4.801157
-0.785645 -0.922485 -4.000000 -1.714072 -1.273805 -4.841030
-0.786377 -0.918579 -4.000000 -1.568819 -1.274280 -4.945459
-0.780884 -0.913696 -4.000000 -1.356400 -1.185515 -5.094747
-0.775757 -0.913818 -4.000000 -1.137809 -1.071829 -5.250442
-0.786743 -0.918457 -4.000000 -0.947462 -1.060199 -5.358906
-0.782715 -0.918335 -4.000000 -0.834014 -1.166765 -5.444349
