-0.788208 -0.914795 -4.000000 -0.574363 -1.352365 -5.986197
-0.780884 -0.919312 -4.000000 -0.526183 -1.343346 -6.033665
-0.792114 -0.920410 -4.000000 -0.517402 -1.374912 -6.047193
-0.789429 -0.920288 -4.000000 -0.527133 -1.412887 -6.051228
-0.788452 -0.919434 -4.000000 -0.567006 -1.450861 -6.047431
-0.782471 -0.921875 -4.000000 -0.629426 -1.502364 -6.028681
-0.789551 -0.912598 -4.000000 -0.673809 -1.519215 -6.032241
-0.783325 -0.918335 -4.000000 -0.690186 -1.499516 -6.015864
-0.778809 -0.921753 -4.000000 -0.674284 -1.471510 -6.002099
-0.780029 -0.922485 -4.000000 -0.632987 -1.417159 -5.970295
-0.781494 -0.911377 -4.000000 -0.563683 -1.361621 -5.912621
-0.787598 -0.915405 -4.000000 -0.498415 -1.306321 -5.835248
-0.780273 -0.916992 -4.000000 -0.450709 -1.272619 -5.756451
-0.785400 -0.918213 -4.000000 -0.418668 -1.273568 -5.692607
-0.778809 -0.921631 -4.000000 -0.409175 -1.278077 -5.624490
-0.778809 -0.919922 -4.000000 -0.407988 -1.272381 -5.543320
-0.787231 -0.914551 -4.000000 -0.401580 -1.242239 -5.462624
-0.779175 -0.920532 -4.000000 -0.395646 -1.179107 -5.377419
-0.788696 -0.921875 -4.000000 -0.418431 -1.124281 -5.324729
-0.780884 -0.918091 -4.000000 -0.460678 -1.008459 -5.254714
-0.780273 -0.915039 -4.000000 -0.568905 -0.942478 -5.175680
-0.782959 -0.904175 -4.000000 -0.707037 -0.997067 -5.104240
-0.783081 -0.919434 -4.000000 -0.882906 -1.207587 -5.026867
-0.782715 -0.913940 -4.000000 -1.049281 -1.515655 -4.979637
-0.779175 -0.921021 -4.000000 -1.119534 -1.820637 -4.901789
-0.784180 -0.912964 -4.000000 -1.066370 -1.993184 -4.803530
-0.785889 -0.916748 -4.000000 -0.876972 -1.927915 -4.692455
-0.785767 -0.918457 -4.000000 -0.577924 -1.610829 -4.567851
-0.784546 -0.921387 -4.000000 -0.271043 -1.184328 -4.471966
-0.792114 -0.923462 -4.000000 -0.032516 -0.795090 -4.409070
-0.782471 -0.923340 -4.000000 0.103006 -0.570091 -4.409782
-0.782715 -0.916504 -4.000000 0.090427 -0.581009 -4.474339
-0.791138 -0.915039 -4.000000 -0.065031 -0.794853 -4.580905
-0.789307 -0.917358 -4.000000 -0.261786 -1.096987 -4.701236
-0.785522 -0.911133 -4.000000 -0.388763 -1.361384 -4.796885
-0.780518 -0.914673 -4.000000 -0.441453 -1.489785 -4.883988
-0.783936 -0.918213 -4.000000 -0.425076 -1.462253 -4.963497
-0.784546 -0.918091 -4.000000 -0.362419 -1.326257 -5.042531
-0.784424 -0.916138 -4.000000 -0.283622 -1.170325 -5.128686
-0.786377 -0.912720 -4.000000 -0.227847 -1.076338 -5.225521
-0.784912 -0.913208 -4.000000 -0.212657 -1.049756 -5.327815
-0.784912 -0.908691 -4.000000 -0.207673 -1.046671 -5.405425
-0.786377 -0.909668 -4.000000 -0.224049 -1.042873 -5.487782
-0.788574 -0.911499 -4.000000 -0.264160 -1.072778 -5.566104
-0.787476 -0.914795 -4.000000 -0.328479 -1.171749 -5.656531
-0.780640 -0.917847 -4.000000 -0.397782 -1.290182 -5.752417
-0.779541 -0.922363 -4.000000 -0.447386 -1.374438 -5.816498
-0.784546 -0.920044 -4.000000 -0.436231 -1.375624 -5.837859
-0.786255 -0.916626 -4.000000 -0.392561 -1.305846 -5.864204
-0.791870 -0.916260 -4.000000 -0.348416 -1.243188 -5.875834
-0.785522 -0.909058 -4.000000 -0.331090 -1.213284 -5.896008
-0.773804 -0.912842 -4.000000 -0.352688 -1.233695 -5.901941
-0.787964 -0.919800 -4.000000 -0.396121 -1.282112 -5.919267
-0.778931 -0.916382 -4.000000 -0.438842 -1.331479 -5.926149
-0.784424 -0.920044 -4.000000 -0.481326 -1.370165 -5.956054
-0.779907 -0.911865 -4.000000 -0.509095 -1.410039 -5.966497
-0.777710 -0.920410 -4.000000 -0.513367 -1.433061 -5.985247
-0.783569 -0.922607 -4.000000 -0.505297 -1.453235 -6.013491
-0.782837 -0.919312 -4.000000 -0.478478 -1.443978 -6.018475
-0.782959 -0.912354 -4.000000 -0.448573 -1.417396 -6.038886
-0.782837 -0.914917 -4.000000 -0.395646 -1.406716 -6.073063
-0.777344 -0.918701 -4.000000 -0.344618 -1.420244 -6.111038
-0.784668 -0.918823 -4.000000 -0.298337 -1.422143 -6.139044
-0.782227 -0.920898 -4.000000 -0.264160 -1.404580 -6.162066
-0.778320 -0.914307 -4.000000 -0.333700 -1.339311 -6.252967
-0.786865 -0.913330 -4.000000 -0.423652 -1.294691 -6.289280
-0.780029 -0.919800 -4.000000 -0.527845 -1.268584 -6.355023
-0.785156 -0.918945 -4.000000 -0.630850 -1.225863 -6.469659
-0.781982 -0.919678 -4.000000 -0.735755 -1.188838 -6.538487
-0.774780 -0.919556 -4.000000 -0.821435 -1.218030 -6.599010
-0.782227 -0.918335 -4.000000 -0.881482 -1.281638 -6.652174
-0.784302 -0.918579 -4.000000 -0.919456 -1.310356 -6.695844
-0.784180 -0.916382 -4.000000 -0.922542 -1.296590 -6.711034
-0.782227 -0.921875 -4.000000 -0.915421 -1.252919 -6.731920
-0.782349 -0.919800 -4.000000 -0.920643 -1.196195 -6.735955
-0.786133 -0.924072 -4.000000 -0.947937 -1.152287 -6.732632
-0.779541 -0.918213 -4.000000 -1.000152 -1.137335 -6.738565
-0.785034 -0.924072 -4.000000 -1.087018 -1.146828 -6.737616
-0.786743 -0.921875 -4.000000 -1.158933 -1.194534 -6.735717
-0.784546 -0.921753 -4.000000 -1.190974 -1.266448 -6.714594
-0.785767 -0.920288 -4.000000 -1.178157 -1.319137 -6.675196
-0.781372 -0.917236 -4.000000 -1.111227 -1.313204 -6.648613
-0.782471 -0.921997 -4.000000 -1.030294 -1.249359 -6.594500
-0.784912 -0.917847 -4.000000 -0.953633 -1.182667 -6.537301
-0.782959 -0.916748 -4.000000 -0.903317 -1.134487 -6.489595
-0.782959 -0.914307 -4.000000 -0.870327 -1.132113 -6.455893
-0.776611 -0.910156 -4.000000 -0.858222 -1.207587 -6.451384
-0.782593 -0.915894 -4.000000 -0.858460 -1.302523 -6.450197
-0.781738 -0.919067 -4.000000 -0.840897 -1.393188 -6.432159
-0.778320 -0.919556 -4.000000 -0.788207 -1.462016 -6.402492
-0.788208 -0.914185 -4.000000 -0.707749 -1.498804 -6.371875
-0.786133 -0.915894 -4.000000 -0.607591 -1.501889 -6.302096
-0.782593 -0.913086 -4.000000 -0.517639 -1.472934 -6.251069
-0.786255 -0.915039 -4.000000 -0.455693 -1.432111 -6.191733
-0.780518 -0.913330 -4.000000 -0.441928 -1.396036 -6.158980
-0.783325 -0.923096 -4.000000 -0.445962 -1.395324 -6.139044
-0.784912 -0.917969 -4.000000 -0.474681 -1.424279 -6.132636
-0.784180 -0.916504 -4.000000 -0.511706 -1.465102 -6.116734
-0.780762 -0.916870 -4.000000 -0.533304 -1.504737 -6.102019
-0.783081 -0.916016 -4.000000 -0.526895 -1.511146 -6.079472
-0.779053 -0.917603 -4.000000 -0.510756 -1.489073 -6.050516
-0.783325 -0.914063 -4.000000 -0.494617 -1.457981 -6.010406
-0.773438 -0.913696 -4.000000 -0.473731 -1.427602 -5.991418
-0.786133 -0.923340 -4.000000 -0.462339 -1.418820 -5.965311
-0.792969 -0.917847 -4.000000 -0.447149 -1.437570 -5.938966
-0.785034 -0.923096 -4.000000 -0.440741 -1.474833 -5.904789
-0.784668 -0.923828 -4.000000 -0.425551 -1.515655 -5.867052
-0.781006 -0.923340 -4.000000 -0.407751 -1.554104 -5.813650
-0.782837 -0.916626 -4.000000 -0.387577 -1.593265 -5.758825
-0.790283 -0.914185 -4.000000 -0.370251 -1.638123 -5.698066
-0.786621 -0.916626 -4.000000 -0.349365 -1.644294 -5.632085
-0.775879 -0.921631 -4.000000 -0.333700 -1.588044 -5.563019
-0.788696 -0.916138 -4.000000 -0.321833 -1.506399 -5.495852
-0.784668 -0.909180 -4.000000 -0.329191 -1.510908 -5.476864
-0.788330 -0.915405 -4.000000 -0.448336 -1.520402 -5.433669
-0.781860 -0.919678 -4.000000 -0.589079 -1.584484 -5.346802
-0.784180 -0.916626 -4.000000 -0.690423 -1.714309 -5.274413
-0.783691 -0.922607 -4.000000 -0.749046 -1.845795 -5.211281
-0.785889 -0.917847 -4.000000 -0.725549 -1.899434 -5.141265
-0.787354 -0.918457 -4.000000 -0.612575 -1.877362 -5.052500
-0.789307 -0.924683 -4.000000 -0.484174 -1.776017 -4.939289
-0.775635 -0.914551 -4.000000 -0.379507 -1.674910 -4.867374
-0.785034 -0.916626 -4.000000 -0.296675 -1.624120 -4.802343
-0.789673 -0.915039 -4.000000 -0.198179 -1.631002 -4.733752
-0.785522 -0.914185 -4.000000 -0.098971 -1.687015 -4.665398
-0.779419 -0.922607 -4.000000 0.029193 -1.744451 -4.600842
-0.777588 -0.914307 -4.000000 0.154746 -1.691761 -4.541506
-0.782227 -0.913208 -4.000000 0.251581 -1.482902 -4.534386
-0.785156 -0.912842 -4.000000 0.312340 -1.166765 -4.574734
-0.783813 -0.915161 -4.000000 0.265821 -0.893111 -4.647597
-0.781982 -0.914551 -4.000000 0.141929 -0.723651 -4.782881
-0.780762 -0.916016 -4.000000 -0.039636 -0.667164 -4.933118
-0.787109 -0.924561 -4.000000 -0.224049 -0.725075 -5.101392
-0.786987 -0.916870 -4.000000 -0.372387 -0.892874 -5.209145
-0.781860 -0.912354 -4.000000 -0.450947 -1.107904 -5.272040
-0.787964 -0.914429 -4.000000 -0.459253 -1.251970 -5.333036
-0.783325 -0.913574 -4.000000 -0.428162 -1.266210 -5.432957
-0.788940 -0.919067 -4.000000 -0.391611 -1.181717 -5.560171
-0.789063 -0.915771 -4.000000 -0.206723 -1.097224 -5.559459
-0.787109 -0.915405 -4.000000 -0.212420 -1.106718 -5.601706
-0.785034 -0.921143 -4.000000 -0.277688 -1.111465 -5.650835
-0.783081 -0.916748 -4.000000 -0.315663 -1.041687 -5.664363
-0.783936 -0.917480 -4.000000 -0.393510 -0.976418 -5.705660
-0.785400 -0.914795 -4.000000 -0.447861 -1.048095 -5.746008
-0.787109 -0.914673 -4.000000 -0.526658 -1.165578 -5.809853
-0.782104 -0.919556 -4.000000 -0.575313 -1.201654 -5.830739
-0.784790 -0.914063 -4.000000 -0.531168 -1.219929 -5.848777
-0.784546 -0.911499 -4.000000 -0.434570 -1.236068 -5.843081
-0.784912 -0.920166 -4.000000 -0.334887 -1.213521 -5.821957
-0.780762 -0.920898 -4.000000 -0.246122 -1.147540 -5.836910
