-0.783813 -0.916626 -4.000000 0.036550 -1.340498 -5.689284
-0.784058 -0.917236 -4.000000 -0.054588 -1.335989 -5.747432
-0.784424 -0.912231 -4.000000 -0.198891 -1.410276 -5.776625
-0.781860 -0.918335 -4.000000 -0.310678 -1.516130 -5.803682
-0.788818 -0.907837 -4.000000 -0.403004 -1.605370 -5.820058
-0.786621 -0.921387 -4.000000 -0.439080 -1.665179 -5.811277
-0.786255 -0.916992 -4.000000 -0.426738 -1.674673 -5.750518
-0.786621 -0.917114 -4.000000 -0.376422 -1.623170 -5.717290
-0.784058 -0.913208 -4.000000 -0.316137 -1.553155 -5.656531
-0.786743 -0.915161 -4.000000 -0.246597 -1.490972 -5.597433
-0.783081 -0.914307 -4.000000 -0.221913 -1.436146 -5.549253
-0.789307 -0.913574 -4.000000 -0.216929 -1.379896 -5.507481
-0.778931 -0.912842 -4.000000 -0.234255 -1.323884 -5.470219
-0.783325 -0.919556 -4.000000 -0.286232 -1.274755 -5.434855
-0.789673 -0.915405 -4.000000 -0.354112 -1.226337 -5.388811
-0.789063 -0.917847 -4.000000 -0.417007 -1.159407 -5.337546
-0.790405 -0.916748 -4.000000 -0.450472 -1.116923 -5.286755
-0.785522 -0.919434 -4.000000 -0.505060 -1.135199 -5.217689
-0.781250 -0.914551 -4.000000 -0.614237 -1.214233 -5.159066
-0.780518 -0.918213 -4.000000 -0.709885 -1.358773 -5.091187
-0.781494 -0.921265 -4.000000 -0.745961 -1.554579 -5.019035
-0.782593 -0.917725 -4.000000 -0.731008 -1.745400 -4.928846
-0.791626 -0.920288 -4.000000 -0.641531 -1.792156 -4.809701
-0.781982 -0.911987 -4.000000 -0.477766 -1.765812 -4.672518
-0.788452 -0.919067 -4.000000 -0.310916 -1.696983 -4.569038
-0.786987 -0.916992 -4.000000 -0.192720 -1.589705 -4.519908
-0.781372 -0.919922 -4.000000 -0.133623 -1.462491 -4.518484
-0.788208 -0.915527 -4.000000 -0.079984 -1.458456 -4.586601
-0.788574 -0.909302 -4.000000 -0.135521 -1.494057 -4.740635
-0.788208 -0.920532 -4.000000 -0.397070 -1.665179 -4.894906
-0.784546 -0.917358 -4.000000 -0.660281 -1.894213 -5.018798
-0.786621 -0.916138 -4.000000 -0.798175 -1.960431 -5.087864
-0.785278 -0.918335 -4.000000 -0.744062 -1.794055 -5.078370
-0.781006 -0.917114 -4.000000 -0.579348 -1.539152 -5.031614
-0.790771 -0.923340 -4.000000 -0.343669 -1.272144 -5.010728
-0.783203 -0.918701 -4.000000 -0.226897 -1.075389 -5.002421
-0.789673 -0.916138 -4.000000 -0.287419 -1.057114 -5.053687
-0.786255 -0.917480 -4.000000 -0.387102 -1.160119 -5.143401
-0.778320 -0.924683 -4.000000 -0.546120 -1.320087 -5.221486
-0.780029 -0.919067 -4.000000 -0.699205 -1.429026 -5.282008
-0.786987 -0.914063 -4.000000 -0.803872 -1.459405 -5.333748
-0.786865 -0.919434 -4.000000 -0.830691 -1.393425 -5.384064
-0.781250 -0.917358 -4.000000 -0.813365 -1.294691 -5.399966
-0.788452 -0.916016 -4.000000 -0.712733 -1.187413 -5.396643
-0.785522 -0.913208 -4.000000 -0.477291 -1.117873 -5.375995
-0.788696 -0.914063 -4.000000 -0.258226 -1.119771 -5.361517
-0.787476 -0.911743 -4.000000 -0.147626 -1.143031 -5.367688
-0.785767 -0.916016 -4.000000 -0.098734 -1.169138 -5.441501
-0.785156 -0.921997 -4.000000 -0.097072 -1.229423 -5.554712
-0.783936 -0.917847 -4.000000 -0.145727 -1.278552 -5.644664
-0.789795 -0.915527 -4.000000 -0.218116 -1.292793 -5.739600
-0.780640 -0.917114 -4.000000 -0.276976 -1.316764 -5.830027
-0.777222 -0.913452 -4.000000 -0.315663 -1.351653 -5.929710
-0.780762 -0.913940 -4.000000 -0.333938 -1.363995 -6.007557
-0.785034 -0.919556 -4.000000 -0.346279 -1.355450 -6.056212
-0.781006 -0.916260 -4.000000 -0.328242 -1.343583 -6.081133
-0.788452 -0.918091 -4.000000 -0.306406 -1.340498 -6.122430
-0.787720 -0.914185 -4.000000 -0.297862 -1.326020 -6.149250
-0.784180 -0.917725 -4.000000 -0.305932 -1.324834 -6.204312
-0.784058 -0.912842 -4.000000 -0.285995 -1.344058 -6.247983
-0.785767 -0.916992 -4.000000 -0.252293 -1.358298 -6.286669
-0.788940 -0.916016 -4.000000 -0.216929 -1.362333 -6.313963
-0.784912 -0.919434 -4.000000 -0.194856 -1.370640 -6.342444
-0.782471 -0.917603 -4.000000 -0.206961 -1.386779 -6.369264
-0.786743 -0.919067 -4.000000 -0.224287 -1.380134 -6.397982
-0.786499 -0.922241 -4.000000 -0.254191 -1.360197 -6.438567
-0.790039 -0.912109 -4.000000 -0.279112 -1.357349 -6.481288
-0.785767 -0.919556 -4.000000 -0.289080 -1.374912 -6.517127
-0.783691 -0.915894 -4.000000 -0.321359 -1.421194 -6.535877
-0.784912 -0.915283 -4.000000 -0.356248 -1.449912 -6.547269
-0.784424 -0.919067 -4.000000 -0.365741 -1.420007 -6.538487
-0.785645 -0.911743 -4.000000 -0.351026 -1.373013 -6.524959
-0.789917 -0.922485 -4.000000 -0.337261 -1.321985 -6.505023
-0.786377 -0.928223 -4.000000 -0.338210 -1.290656 -6.495292
-0.788574 -0.919067 -4.000000 -0.351026 -1.289232 -6.500038
-0.785156 -0.917480 -4.000000 -0.378795 -1.290894 -6.494579
-0.782715 -0.918457 -4.000000 -0.411073 -1.289232 -6.470371
-0.784668 -0.915283 -4.000000 -0.418668 -1.281163 -6.452096
-0.792236 -0.914673 -4.000000 -0.406801 -1.272381 -6.431210
-0.785034 -0.913330 -4.000000 -0.391611 -1.271195 -6.435956
-0.785522 -0.922607 -4.000000 -0.418668 -1.274755 -6.424564
-0.787476 -0.914917 -4.000000 -0.446437 -1.267397 -6.400830
-0.789429 -0.917480 -4.000000 -0.471358 -1.243663 -6.352650
-0.783081 -0.921143 -4.000000 -0.452371 -1.213996 -6.287856
-0.780762 -0.918213 -4.000000 -0.408463 -1.182429 -6.233743
-0.778198 -0.922607 -4.000000 -0.383067 -1.188363 -6.174170
-0.776367 -0.916260 -4.000000 -0.383542 -1.219454 -6.135009
-0.785767 -0.914795 -4.000000 -0.397308 -1.235831 -6.121480
-0.788330 -0.914673 -4.000000 -0.449285 -1.289707 -6.088965
-0.786865 -0.914429 -4.000000 -0.537813 -1.346194 -6.059772
-0.787842 -0.909546 -4.000000 -0.640581 -1.372776 -6.030817
-0.783569 -0.919189 -4.000000 -0.733856 -1.385355 -6.012304
-0.788208 -0.913208 -4.000000 -0.792717 -1.358298 -5.993317
-0.790894 -0.916748 -4.000000 -0.820011 -1.329106 -5.972668
-0.792480 -0.920166 -4.000000 -0.852526 -1.326257 -5.967447
-0.785400 -0.921753 -4.000000 -0.904029 -1.350941 -5.956767
-0.778320 -0.921875 -4.000000 -0.969298 -1.402206 -5.923776
-0.787964 -0.917114 -4.000000 -1.025310 -1.449437 -5.894109
-0.783325 -0.923706 -4.000000 -1.072778 -1.490734 -5.857321
-0.777710 -0.915894 -4.000000 -1.094851 -1.478630 -5.803207
-0.791626 -0.922119 -4.000000 -1.087256 -1.413361 -5.743160
-0.782715 -0.919800 -4.000000 -1.049519 -1.319612 -5.673382
-0.785278 -0.914307 -4.000000 -0.999203 -1.232745 -5.608826
-0.786865 -0.913696 -4.000000 -0.993981 -1.194059 -5.556136
-0.786865 -0.913208 -4.000000 -1.020563 -1.214470 -5.542133
-0.790649 -0.917480 -4.000000 -1.068743 -1.297777 -5.520535
-0.784058 -0.913696 -4.000000 -1.104344 -1.430212 -5.498225
-0.786377 -0.919189 -4.000000 -1.112651 -1.549832 -5.444823
-0.781982 -0.925049 -4.000000 -1.100072 -1.592316 -5.350362
-0.784912 -0.923584 -4.000000 -0.982589 -1.494057 -5.206059
-0.782227 -0.921387 -4.000000 -0.739315 -1.297539 -5.065554
-0.785034 -0.921143 -4.000000 -0.461864 -1.117161 -4.933830
-0.783203 -0.919189 -4.000000 -0.231644 -1.026022 -4.833198
-0.782837 -0.913696 -4.000000 -0.109177 -1.087493 -4.814210
-0.787354 -0.909668 -4.000000 -0.165189 -1.302049 -4.864764
-0.787598 -0.919067 -4.000000 -0.347466 -1.590417 -4.936440
-0.783203 -0.920776 -4.000000 -0.619695 -1.796903 -4.981298
-0.780640 -0.920288 -4.000000 -0.850628 -1.823723 -5.003133
-0.786255 -0.918945 -4.000000 -0.890263 -1.660195 -4.975602
-0.776489 -0.914795 -4.000000 -0.817637 -1.322223 -4.929795
-0.783203 -0.921265 -4.000000 -0.713920 -1.018190 -4.914368
-0.779907 -0.921753 -4.000000 -0.449760 -0.801498 -4.935254
-0.781982 -0.919678 -4.000000 -0.219777 -0.777764 -5.014288
-0.786133 -0.916992 -4.000000 -0.128164 -1.021038 -5.097357
-0.783203 -0.917847 -4.000000 -0.196992 -1.380134 -5.163338
-0.785156 -0.917114 -4.000000 -0.338447 -1.618661 -5.226233
-0.787720 -0.919434 -4.000000 -0.351976 -1.681793 -5.330188
-0.787598 -0.915405 -4.000000 -0.305932 -1.277840 -5.253290
-0.784668 -0.921387 -4.000000 -0.407276 -1.278077 -5.319983
-0.790283 -0.913940 -4.000000 -0.438605 -1.381558 -5.382878
-0.781372 -0.913452 -4.000000 -0.484412 -1.350704 -5.425836
-0.783203 -0.919556 -4.000000 -0.541611 -1.395798 -5.463573
-0.784424 -0.917603 -4.000000 -0.543272 -1.344295 -5.451944
-0.790283 -0.913574 -4.000000 -0.496753 -1.260989 -5.460488
-0.783569 -0.917725 -4.000000 -0.458067 -1.189075 -5.449096
-0.792358 -0.914917 -4.000000 -0.449997 -1.148964 -5.461200
-0.785278 -0.923828 -4.000000 -0.450235 -1.150151 -5.507007
-0.781738 -0.917847 -4.000000 -0.471358 -1.163205 -5.555661
-0.782959 -0.916992 -4.000000 -0.469222 -1.210198 -5.618794
-0.788940 -0.915405 -4.000000 -0.462339 -1.271907 -5.677180
-0.789429 -0.913208 -4.000000 -0.473969 -1.353552 -5.734379
-0.783691 -0.919678 -4.000000 -0.482038 -1.410751 -5.750992
-0.777954 -0.921997 -4.000000 -0.456405 -1.403868 -5.749331
-0.782837 -0.916504 -4.000000 -0.400630 -1.391051 -5.751467
-0.785278 -0.911377 -4.000000 -0.346517 -1.394137 -5.772353
-0.785889 -0.917725 -4.000000 -0.359096 -1.405054 -5.792290
-0.783203 -0.919067 -4.000000 -0.400156 -1.433298 -5.815786
-0.783081 -0.916870 -4.000000 -0.444301 -1.478630 -5.844742
-0.780762 -0.920898 -4.000000 -0.468747 -1.491446 -5.853998
-0.785889 -0.921143 -4.000000 -0.463051 -1.476257 -5.833824
