-0.786621 -0.920044 -4.000000 -0.427213 -1.363757 -6.038412
-0.783447 -0.921021 -4.000000 -0.388763 -1.350229 -6.080658
-0.781860 -0.911011 -4.000000 -0.377371 -1.315103 -6.105816
-0.779541 -0.917603 -4.000000 -0.341295 -1.279739 -6.119582
-0.783691 -0.914063 -4.000000 -0.268907 -1.318900 -6.104867
-0.785889 -0.915161 -4.000000 -0.203401 -1.405292 -6.055974
-0.785400 -0.920044 -4.000000 -0.139081 -1.504263 -6.008507
-0.789795 -0.914063 -4.000000 -0.083069 -1.549832 -5.999725
-0.789307 -0.918579 -4.000000 -0.006883 -1.576177 -5.970532
-0.785522 -0.916870 -4.000000 0.069541 -1.562648 -5.958428
-0.774780 -0.911987 -4.000000 0.141217 -1.548408 -5.924488
-0.786133 -0.914673 -4.000000 0.193907 -1.583534 -5.896957
-0.788452 -0.912964 -4.000000 0.278875 -1.625306 -5.843555
-0.778442 -0.918457 -4.000000 0.382593 -1.628392 -5.795375
-0.784424 -0.913818 -4.000000 0.503161 -1.603471 -5.785170
-0.783325 -0.913696 -4.000000 0.618983 -1.609167 -5.743635
-0.783691 -0.921875 -4.000000 0.699679 -1.670638 -5.702338
-0.783325 -0.917603 -4.000000 0.754979 -1.743027 -5.663651
-0.782715 -0.912476 -4.000000 0.767084 -1.819451 -5.657955
-0.778931 -0.921997 -4.000000 0.763761 -1.885669 -5.633272
-0.780151 -0.918701 -4.000000 0.765185 -1.912488 -5.582243
-0.782104 -0.922119 -4.000000 0.776577 -1.909165 -5.533351
-0.782593 -0.911865 -4.000000 0.800786 -1.899672 -5.507956
-0.781860 -0.921631 -4.000000 0.843982 -1.872852 -5.472592
-0.784302 -0.921387 -4.000000 0.885279 -1.806634 -5.449096
-0.782715 -0.916260 -4.000000 0.876735 -1.715258 -5.413495
-0.786499 -0.907471 -4.000000 0.842083 -1.615813 -5.389523
-0.790527 -0.918213 -4.000000 0.747385 -1.572142 -5.403289
-0.780029 -0.916992 -4.000000 0.585044 -1.618423 -5.404001
-0.786011 -0.916504 -4.000000 0.342007 -1.729024 -5.428447
-0.781738 -0.916138 -4.000000 0.104192 -1.837014 -5.463099
-0.787964 -0.918579 -4.000000 -0.109651 -1.903706 -5.484934
-0.782593 -0.913574 -4.000000 -0.314713 -1.900146 -5.497513
-0.790405 -0.910034 -4.000000 -0.496279 -1.845795 -5.495377
-0.788208 -0.911377 -4.000000 -0.651262 -1.760353 -5.474016
-0.786133 -0.917725 -4.000000 -0.760913 -1.633851 -5.446959
-0.797607 -0.911377 -4.000000 -0.825232 -1.497143 -5.414918
-0.781006 -0.915649 -4.000000 -0.862020 -1.383456 -5.363891
-0.779175 -0.916992 -4.000000 -0.915421 -1.296827 -5.340868
-0.784058 -0.922852 -4.000000 -0.986861 -1.242002 -5.316185
-0.785767 -0.920044 -4.000000 -1.068743 -1.224201 -5.306217
-0.782349 -0.920166 -4.000000 -1.205451 -1.229897 -5.294587
-0.784302 -0.915161 -4.000000 -1.420719 -1.271669 -5.294587
-0.787109 -0.915527 -4.000000 -1.627205 -1.317001 -5.310964
-0.780029 -0.913330 -4.000000 -1.838200 -1.325071 -5.319271
-0.785645 -0.918335 -4.000000 -1.990810 -1.295641 -5.344429
-0.787720 -0.916626 -4.000000 -2.108056 -1.253157 -5.361754
-0.787964 -0.918213 -4.000000 -2.186141 -1.183616 -5.393321
-0.782959 -0.919189 -4.000000 -2.261616 -1.084170 -5.430583
-0.783325 -0.916382 -4.000000 -2.311932 -0.950073 -5.464285
-0.784058 -0.916748 -4.000000 -2.336378 -0.815739 -5.485646
-0.783936 -0.912598 -4.000000 -2.335903 -0.730771 -5.529316
-0.783081 -0.919800 -4.000000 -2.303387 -0.737416 -5.614285
-0.785034 -0.919067 -4.000000 -2.278704 -0.837099 -5.695930
-0.783691 -0.917725 -4.000000 -2.264701 -0.968586 -5.759299
-0.784546 -0.920410 -4.000000 -2.266837 -1.031956 -5.797274
-0.782593 -0.912354 -4.000000 -2.238594 -1.003949 -5.835960
-0.781128 -0.920654 -4.000000 -2.170477 -0.916371 -5.879868
-0.788452 -0.915771 -4.000000 -2.104971 -0.824995 -5.941102
-0.780640 -0.914673 -4.000000 -2.022377 -0.774916 -5.993554
-0.781982 -0.917358 -4.000000 -1.889466 -0.791530 -6.046244
-0.787964 -0.913818 -4.000000 -1.723090 -0.874124 -6.084693
-0.785156 -0.915649 -4.000000 -1.560038 -0.974282 -6.113648
-0.783936 -0.917114 -4.000000 -1.398172 -1.055927 -6.132161
-0.782593 -0.916992 -4.000000 -1.234407 -1.117398 -6.145689
-0.777222 -0.911255 -4.000000 -1.063997 -1.127129 -6.156844
-0.788574 -0.920166 -4.000000 -0.883143 -1.104107 -6.184138
-0.783325 -0.916626 -4.000000 -0.707274 -1.069455 -6.219977
-0.779297 -0.919067 -4.000000 -0.508146 -1.060674 -6.254629
-0.790527 -0.917480 -4.000000 -0.261312 -1.134724 -6.276227
-0.787231 -0.919678 -4.000000 -0.009019 -1.243188 -6.287856
-0.781250 -0.924072 -4.000000 0.189398 -1.364232 -6.316337
-0.780762 -0.914185 -4.000000 0.362181 -1.460117 -6.338884
-0.782837 -0.913330 -4.000000 0.537576 -1.533930 -6.380181
-0.784668 -0.919312 -4.000000 0.702765 -1.568107 -6.410561
-0.783569 -0.919312 -4.000000 0.858697 -1.570006 -6.437143
-0.782715 -0.912964 -4.000000 0.972146 -1.553392 -6.482000
-0.782959 -0.915161 -4.000000 1.073490 -1.589943 -6.484137
-0.789917 -0.923218 -4.000000 1.176733 -1.660433 -6.412934
-0.788696 -0.915405 -4.000000 1.225388 -1.715021 -6.358821
-0.788086 -0.914185 -4.000000 1.200942 -1.776492 -6.351938
-0.783325 -0.919067 -4.000000 1.078712 -1.843659 -6.364042
-0.787842 -0.919556 -4.000000 0.898570 -1.857900 -6.370450
-0.790771 -0.920288 -4.000000 0.814315 -1.781713 -6.341495
-0.787109 -0.918457 -4.000000 0.820960 -1.688439 -6.290704
-0.780762 -0.914917 -4.000000 0.804346 -1.640021 -6.256290
-0.786133 -0.915039 -4.000000 0.756166 -1.651651 -6.219502
-0.784302 -0.914917 -4.000000 0.724600 -1.640733 -6.173933
-0.784546 -0.920654 -4.000000 0.700391 -1.563598 -6.119345
-0.780396 -0.924561 -4.000000 0.688287 -1.433773 -6.047668
-0.783203 -0.914307 -4.000000 0.660043 -1.320799 -5.963887
-0.778076 -0.917603 -4.000000 0.588129 -1.202841 -5.888887
-0.776489 -0.909668 -4.000000 0.529506 -1.097461 -5.814600
-0.783081 -0.920044 -4.000000 0.472545 -1.033380 -5.753366
-0.786621 -0.916138 -4.000000 0.389238 -1.029819 -5.709458
-0.794678 -0.923218 -4.000000 0.238764 -1.094613 -5.642528
-0.790527 -0.916382 -4.000000 0.064082 -1.216844 -5.574174
-0.779663 -0.921631 -4.000000 -0.095173 -1.386779 -5.509143
-0.784912 -0.925781 -4.000000 -0.248733 -1.582822 -5.436517
-0.789063 -0.913818 -4.000000 -0.366928 -1.746112 -5.359381
-0.785645 -0.917725 -4.000000 -0.359571 -1.821112 -5.264445
-0.787109 -0.917725 -4.000000 -0.289318 -1.751097 -5.165711
-0.785889 -0.917725 -4.000000 -0.171122 -1.540576 -5.064367
-0.777222 -0.921387 -4.000000 -0.048180 -1.272619 -4.987706
-0.786865 -0.922974 -4.000000 -0.049129 -1.113363 -4.935017
-0.781738 -0.915405 -4.000000 -0.138607 -1.114313 -4.905349
-0.785278 -0.915771 -4.000000 -0.180853 -1.177445 -4.902501
-0.785522 -0.921387 -4.000000 -0.184413 -1.221828 -4.904162
-0.785156 -0.912109 -4.000000 -0.153797 -1.220404 -4.896805
-0.778564 -0.915527 -4.000000 -0.100632 -1.203078 -4.891583
-0.781494 -0.916748 -4.000000 -0.077373 -1.184091 -4.923862
-0.786255 -0.918945 -4.000000 -0.113686 -1.167477 -4.921488
-0.788574 -0.924438 -4.000000 -0.224999 -1.176496 -4.926235
-0.787598 -0.917358 -4.000000 -0.367165 -1.205926 -4.920064
-0.789307 -0.911743 -4.000000 -0.461627 -1.240815 -4.901789
-0.785156 -0.919800 -4.000000 -0.513367 -1.264312 -4.925048
-0.779785 -0.918823 -4.000000 -0.498652 -1.395324 -4.934067
-0.778564 -0.919800 -4.000000 -0.652211 -1.368504 -4.990079
-0.790527 -0.918335 -4.000000 -0.739790 -1.445877 -5.055111
-0.783569 -0.921631 -4.000000 -0.724125 -1.385830 -5.095459
-0.789063 -0.912598 -4.000000 -0.656246 -1.240340 -5.112547
-0.791382 -0.911987 -4.000000 -0.540661 -1.229660 -5.183987
-0.784058 -0.913818 -4.000000 -0.503161 -1.213046 -5.251866
-0.788696 -0.914429 -4.000000 -0.499127 -1.219692 -5.318796
-0.786987 -0.916992 -4.000000 -0.450947 -1.263125 -5.368637
-0.783325 -0.916382 -4.000000 -0.430061 -1.311305 -5.411358
-0.785034 -0.915771 -4.000000 -0.471358 -1.368267 -5.446959
-0.783813 -0.908447 -4.000000 -0.526183 -1.452285 -5.502735
-0.791992 -0.921021 -4.000000 -0.575788 -1.528709 -5.562782
-0.792114 -0.914551 -4.000000 -0.585281 -1.546035 -5.610013
-0.787964 -0.924683 -4.000000 -0.575788 -1.530370 -5.647987
-0.786621 -0.917603 -4.000000 -0.602844 -1.526573 -5.681214
-0.786743 -0.914429 -4.000000 -0.631800 -1.515180 -5.667212
-0.781250 -0.915283 -4.000000 -0.587892 -1.455608 -5.660566
-0.782349 -0.917603 -4.000000 -0.500076 -1.346669 -5.648224
-0.779907 -0.921753 -4.000000 -0.444064 -1.236543 -5.659854
-0.784180 -0.924194 -4.000000 -0.428874 -1.190261 -5.678604
-0.783691 -0.915771 -4.000000 -0.465899 -1.186464 -5.718477
-0.780640 -0.917725 -4.000000 -0.524759 -1.221828 -5.771641
-0.792236 -0.921753 -4.000000 -0.548256 -1.293979 -5.809141
-0.787109 -0.919189 -4.000000 -0.581958 -1.383456 -5.824805
-0.788452 -0.917847 -4.000000 -0.609965 -1.470560 -5.836910
-0.781738 -0.916382 -4.000000 -0.594063 -1.515892 -5.837859
-0.782715 -0.919189 -4.000000 -0.549205 -1.482902 -5.857321
-0.783936 -0.919922 -4.000000 -0.487972 -1.392001 -5.835485
-0.780762 -0.918335 -4.000000 -0.430535 -1.281163 -5.803445
-0.791748 -0.923950 -4.000000 -0.371912 -1.177920 -5.769742
-0.788330 -0.912476 -4.000000 -0.313764 -1.112414 -5.758825
-0.785156 -0.910156 -4.000000 -0.284096 -1.096512 -5.748857
-0.786743 -0.913452 -4.000000 -0.276739 -1.137572 -5.747195
