-0.793457 -0.917236 -4.000000 -0.257752 -1.414785 -5.637781
-0.790527 -0.922852 -4.000000 -0.348890 -1.518978 -5.630424
-0.780396 -0.920532 -4.000000 -0.424839 -1.507586 -5.634696
-0.790649 -0.916870 -4.000000 -0.418906 -1.525149 -5.641341
-0.783813 -0.921997 -4.000000 -0.370014 -1.536066 -5.666025
-0.786133 -0.913696 -4.000000 -0.375710 -1.557664 -5.672433
-0.784790 -0.914673 -4.000000 -0.394460 -1.564310 -5.669347
-0.789063 -0.914673 -4.000000 -0.354349 -1.530845 -5.663888
-0.784424 -0.920288 -4.000000 -0.277688 -1.491446 -5.657243
-0.786255 -0.921509 -4.000000 -0.180379 -1.462728 -5.657480
-0.780029 -0.920532 -4.000000 -0.092325 -1.471985 -5.662939
-0.786621 -0.910400 -4.000000 -0.056487 -1.488361 -5.689284
-0.782715 -0.919922 -4.000000 -0.053164 -1.514706 -5.753366
-0.785278 -0.917358 -4.000000 -0.036788 -1.539389 -5.827416
-0.789063 -0.922241 -4.000000 -0.021123 -1.569769 -5.923776
-0.792847 -0.914673 -4.000000 -0.049604 -1.589943 -6.048142
-0.792236 -0.916138 -4.000000 -0.116534 -1.598012 -6.187936
-0.785278 -0.912231 -4.000000 -0.190822 -1.630290 -6.341495
-0.791138 -0.913574 -4.000000 -0.270093 -1.661619 -6.497902
-0.785400 -0.921875 -4.000000 -0.367877 -1.702679 -6.630338
-0.781738 -0.919434 -4.000000 -0.453795 -1.741603 -6.748059
-0.787964 -0.927612 -4.000000 -0.554902 -1.796429 -6.791492
-0.789673 -0.922363 -4.000000 -0.608303 -1.813280 -6.813802
-0.789795 -0.911865 -4.000000 -0.608066 -1.789071 -6.813328
-0.781738 -0.905884 -4.000000 -0.532117 -1.764625 -6.792204
-0.788208 -0.920776 -4.000000 -0.423415 -1.733059 -6.729072
-0.785278 -0.915039 -4.000000 -0.297625 -1.688439 -6.657157
-0.785034 -0.912964 -4.000000 -0.186312 -1.624832 -6.596398
-0.784058 -0.914917 -4.000000 -0.102768 -1.577363 -6.521162
-0.786499 -0.921387 -4.000000 -0.112974 -1.517791 -6.467998
-0.783813 -0.922119 -4.000000 -0.264634 -1.422618 -6.386827
-0.786255 -0.918579 -4.000000 -0.418431 -1.363283 -6.323220
-0.787720 -0.917114 -4.000000 -0.495804 -1.323647 -6.374485
-0.792725 -0.924194 -4.000000 -0.610202 -1.370878 -6.393473
-0.791016 -0.913818 -4.000000 -0.693746 -1.454896 -6.353600
-0.786133 -0.918213 -4.000000 -0.784410 -1.536066 -6.299486
-0.789551 -0.924683 -4.000000 -0.781087 -1.619610 -6.236116
-0.786255 -0.914307 -4.000000 -0.733619 -1.638360 -6.168711
-0.784180 -0.917480 -4.000000 -0.676657 -1.618898 -6.100358
-0.782959 -0.922485 -4.000000 -0.588841 -1.593503 -6.026782
-0.777832 -0.916870 -4.000000 -0.515266 -1.576889 -5.960089
-0.781494 -0.914551 -4.000000 -0.445488 -1.569531 -5.921640
-0.782715 -0.922485 -4.000000 -0.383779 -1.577363 -5.894346
-0.789917 -0.916382 -4.000000 -0.368352 -1.596588 -5.866577
-0.784668 -0.915894 -4.000000 -0.396121 -1.591841 -5.842369
-0.782715 -0.918823 -4.000000 -0.432197 -1.561224 -5.851624
-0.787964 -0.916504 -4.000000 -0.484174 -1.526573 -5.864204
-0.783691 -0.920410 -4.000000 -0.569854 -1.492870 -5.899093
-0.786987 -0.916870 -4.000000 -0.645803 -1.479817 -5.925675
-0.786377 -0.915283 -4.000000 -0.748809 -1.483851 -5.951308
-0.785767 -0.914063 -4.000000 -0.852289 -1.502364 -5.977653
-0.788208 -0.910767 -4.000000 -0.923728 -1.513282 -5.984773
-0.785522 -0.914673 -4.000000 -0.977842 -1.510196 -5.998064
-0.785645 -0.918213 -4.000000 -1.034092 -1.478155 -5.999250
-0.785522 -0.917114 -4.000000 -1.062335 -1.420719 -5.965311
-0.791382 -0.917236 -4.000000 -1.059487 -1.348805 -5.924251
-0.779785 -0.914063 -4.000000 -1.023411 -1.270008 -5.871799
-0.784302 -0.917603 -4.000000 -0.996829 -1.195008 -5.809616
-0.786133 -0.917603 -4.000000 -0.969535 -1.153948 -5.731293
-0.783691 -0.914063 -4.000000 -0.931086 -1.148727 -5.690471
-0.787842 -0.913086 -4.000000 -0.919219 -1.158221 -5.678129
-0.787598 -0.920288 -4.000000 -0.898096 -1.189312 -5.668161
-0.788574 -0.916626 -4.000000 -0.871276 -1.259802 -5.669347
-0.787598 -0.920166 -4.000000 -0.859409 -1.358061 -5.658667
-0.781982 -0.922119 -4.000000 -0.864393 -1.439706 -5.659142
-0.778687 -0.922485 -4.000000 -0.867716 -1.431637 -5.642291
-0.787720 -0.914185 -4.000000 -0.864631 -1.303473 -5.597671
-0.785034 -0.919067 -4.000000 -0.835912 -1.116923 -5.569190
-0.785400 -0.918335 -4.000000 -0.832827 -1.005848 -5.523383
-0.785400 -0.916382 -4.000000 -0.880058 -1.073253 -5.465235
-0.781982 -0.915283 -4.000000 -0.944614 -1.262413 -5.437466
-0.782471 -0.913696 -4.000000 -0.952209 -1.458456 -5.432007
-0.791138 -0.912842 -4.000000 -0.879583 -1.581636 -5.393795
-0.792725 -0.919922 -4.000000 -0.714394 -1.596113 -5.334460
-0.785767 -0.920898 -4.000000 -0.496041 -1.513519 -5.271327
-0.785522 -0.917358 -4.000000 -0.278875 -1.396748 -5.227894
-0.784424 -0.919189 -4.000000 -0.078085 -1.272619 -5.192056
-0.785645 -0.922119 -4.000000 0.092800 -1.203078 -5.174255
-0.786377 -0.911011 -4.000000 0.220726 -1.184803 -5.184699
-0.775391 -0.918213 -4.000000 0.275552 -1.229185 -5.215078
-0.782227 -0.923950 -4.000000 0.352450 -1.381795 -5.242610
-0.785889 -0.920288 -4.000000 0.435757 -1.536066 -5.266344
-0.788696 -0.915649 -4.000000 0.491532 -1.653075 -5.292926
-0.788086 -0.923462 -4.000000 0.537813 -1.723565 -5.298385
-0.785767 -0.924194 -4.000000 0.607354 -1.750622 -5.302894
-0.788208 -0.920166 -4.000000 0.675470 -1.734720 -5.301945
-0.786255 -0.915283 -4.000000 0.777052 -1.692236 -5.303606
-0.787720 -0.914673 -4.000000 0.895248 -1.630290 -5.310726
-0.787720 -0.919434 -4.000000 1.017715 -1.549595 -5.332561
-0.791504 -0.923218 -4.000000 1.077762 -1.488836 -5.387624
-0.783813 -0.916504 -4.000000 1.091291 -1.460829 -5.446010
-0.786255 -0.916870 -4.000000 1.066845 -1.425703 -5.507956
-0.781372 -0.919678 -4.000000 1.005611 -1.448250 -5.591737
-0.783569 -0.917603 -4.000000 0.928475 -1.581398 -5.668398
-0.789429 -0.910522 -4.000000 0.815027 -1.735195 -5.727021
-0.790894 -0.908325 -4.000000 0.616373 -1.848881 -5.797986
-0.788940 -0.916626 -4.000000 0.490820 -1.869529 -5.850913
-0.785400 -0.915039 -4.000000 0.504111 -1.819925 -5.880817
-0.779053 -0.921143 -4.000000 0.570803 -1.707901 -5.898381
-0.785278 -0.927734 -4.000000 0.592401 -1.656398 -5.945611
-0.791016 -0.918457 -4.000000 0.643192 -1.584958 -5.976703
-0.789429 -0.918945 -4.000000 0.582196 -1.484563 -5.982636
-0.787231 -0.914673 -4.000000 0.491532 -1.455133 -5.993554
-0.788574 -0.917603 -4.000000 0.388051 -1.515180 -6.006371
-0.784546 -0.918701 -4.000000 0.273416 -1.607031 -6.030342
-0.788208 -0.913818 -4.000000 0.182277 -1.677046 -6.046006
-0.782104 -0.922119 -4.000000 0.102294 -1.703866 -6.055500
-0.786987 -0.914917 -4.000000 0.022547 -1.689151 -6.033190
-0.791260 -0.916382 -4.000000 -0.072389 -1.664230 -5.997589
-0.787842 -0.914185 -4.000000 -0.182277 -1.653787 -5.967209
-0.788086 -0.921631 -4.000000 -0.282198 -1.654262 -5.932321
-0.785400 -0.917725 -4.000000 -0.370251 -1.664705 -5.898143
-0.782715 -0.913940 -4.000000 -0.463288 -1.668977 -5.850676
-0.785522 -0.913818 -4.000000 -0.538050 -1.642632 -5.814125
-0.787842 -0.915039 -4.000000 -0.558936 -1.615338 -5.788255
-0.783203 -0.912842 -4.000000 -0.550629 -1.635275 -5.758825
-0.777954 -0.907837 -4.000000 -0.560123 -1.685828 -5.713967
-0.788086 -0.918579 -4.000000 -0.569854 -1.714309 -5.658905
-0.780396 -0.916138 -4.000000 -0.563683 -1.689863 -5.587702
-0.789307 -0.915039 -4.000000 -0.522149 -1.611303 -5.479950
-0.783447 -0.917480 -4.000000 -0.472782 -1.506636 -5.373147
-0.793335 -0.913696 -4.000000 -0.442640 -1.426652 -5.309302
-0.785645 -0.911499 -4.000000 -0.421279 -1.412175 -5.286755
-0.788696 -0.915039 -4.000000 -0.438605 -1.505449 -5.322356
-0.788330 -0.922852 -4.000000 -0.527370 -1.713359 -5.361992
-0.786865 -0.922852 -4.000000 -0.652686 -1.947377 -5.391422
-0.781494 -0.914673 -4.000000 -0.743824 -2.154812 -5.411121
-0.785400 -0.910889 -4.000000 -0.768508 -2.305049 -5.420140
-0.778076 -0.920166 -4.000000 -0.785359 -2.395475 -5.438178
-0.783447 -0.923584 -4.000000 -0.842795 -2.429652 -5.510329
-0.780273 -0.918579 -4.000000 -1.025310 -2.434162 -5.526706
-0.789551 -0.918701 -4.000000 -1.224676 -2.302675 -5.496801
-0.779297 -0.912842 -4.000000 -1.368504 -2.061063 -5.362229
-0.784058 -0.912109 -4.000000 -1.417634 -1.779103 -5.230268
-0.786743 -0.922607 -4.000000 -1.403868 -1.458456 -5.197040
-0.782715 -0.919922 -4.000000 -1.248885 -1.136860 -5.209857
-0.782227 -0.921875 -4.000000 -1.065658 -0.932510 -5.249018
-0.782593 -0.920776 -4.000000 -0.897621 -0.865817 -5.308115
-0.783081 -0.918091 -4.000000 -0.805533 -0.874599 -5.382165
-0.788574 -0.913330 -4.000000 -0.787732 -0.945089 -5.450520
-0.779907 -0.910767 -4.000000 -0.788444 -1.017952 -5.497988
-0.782471 -0.921021 -4.000000 -0.795327 -0.913523 -5.516500
-0.786133 -0.921875 -4.000000 -0.983063 -0.716530 -5.449570
-0.784180 -0.921387 -4.000000 -0.712496 -0.983301 -5.502497
-0.782349 -0.913940 -4.000000 -0.592401 -0.953871 -5.526469
-0.783203 -0.915771 -4.000000 -0.613050 -0.910912 -5.580820
-0.786011 -0.917603 -4.000000 -0.635597 -0.933697 -5.598857
-0.784302 -0.910278 -4.000000 -0.623968 -0.953633 -5.604554
-0.785889 -0.920898 -4.000000 -0.557512 -0.966924 -5.619031
-0.780640 -0.916870 -4.000000 -0.502449 -0.979266 -5.637781
