-0.790039 -0.923828 -4.000000 -0.379744 -1.420719 -5.836910
-0.788086 -0.919189 -4.000000 -0.408700 -1.413836 -5.857321
-0.783936 -0.909912 -4.000000 -0.432671 -1.417634 -5.870375
-0.784790 -0.919434 -4.000000 -0.444538 -1.408615 -5.876783
-0.784424 -0.918457 -4.000000 -0.432909 -1.404580 -5.874647
-0.781250 -0.918701 -4.000000 -0.396358 -1.404817 -5.856846
-0.785400 -0.920898 -4.000000 -0.346517 -1.392001 -5.830739
-0.784424 -0.910400 -4.000000 -0.306406 -1.369691 -5.813650
-0.788452 -0.918701 -4.000000 -0.280536 -1.345245 -5.810328
-0.780518 -0.917480 -4.000000 -0.282910 -1.331954 -5.793239
-0.785522 -0.915771 -4.000000 -0.285046 -1.320324 -5.781610
-0.782959 -0.919067 -4.000000 -0.301659 -1.311780 -5.778049
-0.779663 -0.916626 -4.000000 -0.327292 -1.295878 -5.761436
-0.785645 -0.917358 -4.000000 -0.334412 -1.265261 -5.747907
-0.793701 -0.917603 -4.000000 -0.325394 -1.239154 -5.747670
-0.784668 -0.915649 -4.000000 -0.297150 -1.231559 -5.724648
-0.786865 -0.918335 -4.000000 -0.271992 -1.239628 -5.718239
-0.783813 -0.917236 -4.000000 -0.253005 -1.236780 -5.711357
-0.782471 -0.918945 -4.000000 -0.234018 -1.220166 -5.699490
-0.782593 -0.914917 -4.000000 -0.200790 -1.222065 -5.698303
-0.783325 -0.908691 -4.000000 -0.107752 -1.279027 -5.688097
-0.778687 -0.918335 -4.000000 0.113449 -1.395561 -5.678841
-0.784790 -0.925659 -4.000000 0.351264 -1.485750 -5.703525
-0.783325 -0.918579 -4.000000 0.497228 -1.518978 -5.798698
-0.781494 -0.914429 -4.000000 0.431485 -1.520639 -6.030105
-0.783936 -0.915039 -4.000000 0.176106 -1.571430 -6.360482
-0.785522 -0.915405 -4.000000 -0.183701 -1.711936 -6.718154
-0.784668 -0.918091 -4.000000 -0.548256 -1.896824 -7.029782
-0.788452 -0.916748 -4.000000 -0.853238 -2.072930 -7.269021
-0.782349 -0.913330 -4.000000 -1.055452 -2.181395 -7.411188
-0.781372 -0.921509 -4.000000 -1.164866 -2.190413 -7.463877
-0.789307 -0.917358 -4.000000 -1.176733 -2.070319 -7.425191
-0.789185 -0.916626 -4.000000 -1.074440 -1.826808 -7.324796
-0.780273 -0.916382 -4.000000 -0.889789 -1.540813 -7.161268
-0.785400 -0.909424 -4.000000 -0.673809 -1.291368 -6.977804
-0.784668 -0.910645 -4.000000 -0.537813 -1.154186 -6.827331
-0.779907 -0.913818 -4.000000 -0.515028 -1.159645 -6.740701
-0.782593 -0.914429 -4.000000 -0.560835 -1.246274 -6.684215
-0.787476 -0.914185 -4.000000 -0.616610 -1.343346 -6.663329
-0.787109 -0.921143 -4.000000 -0.648176 -1.400070 -6.644816
-0.791504 -0.922607 -4.000000 -0.659331 -1.406241 -6.626541
-0.790039 -0.917480 -4.000000 -0.658857 -1.431399 -6.614674
-0.785278 -0.917603 -4.000000 -0.648651 -1.512095 -6.589041
-0.781494 -0.921021 -4.000000 -0.609253 -1.597537 -6.545133
-0.784424 -0.920776 -4.000000 -0.540424 -1.664942 -6.481288
-0.793091 -0.917725 -4.000000 -0.475630 -1.701967 -6.408425
-0.782715 -0.911621 -4.000000 -0.421042 -1.694847 -6.322982
-0.779541 -0.922119 -4.000000 -0.378558 -1.646192 -6.231369
-0.790405 -0.917603 -4.000000 -0.363843 -1.600860 -6.142129
-0.786987 -0.923096 -4.000000 -0.376184 -1.550307 -6.063570
-0.788086 -0.916748 -4.000000 -0.381168 -1.506399 -6.005421
-0.782593 -0.918335 -4.000000 -0.381168 -1.461779 -5.960089
-0.786743 -0.912598 -4.000000 -0.374286 -1.440655 -5.938966
-0.786377 -0.915039 -4.000000 -0.367877 -1.440655 -5.923539
-0.787842 -0.920532 -4.000000 -0.346279 -1.456557 -5.909773
-0.786255 -0.924805 -4.000000 -0.316137 -1.465814 -5.907162
-0.784912 -0.917480 -4.000000 -0.274840 -1.458931 -5.898381
-0.785156 -0.914551 -4.000000 -0.239002 -1.446352 -5.885327
-0.785156 -0.919067 -4.000000 -0.222625 -1.474595 -5.866103
-0.786621 -0.913330 -4.000000 -0.206961 -1.509009 -5.853998
-0.781128 -0.915771 -4.000000 -0.210521 -1.506161 -5.840470
-0.789795 -0.920654 -4.000000 -0.205774 -1.472934 -5.830502
-0.786377 -0.920898 -4.000000 -0.201502 -1.434010 -5.819584
-0.781006 -0.915894 -4.000000 -0.196992 -1.414311 -5.807242
-0.782837 -0.922119 -4.000000 -0.190110 -1.390577 -5.806293
-0.776978 -0.918335 -4.000000 -0.192958 -1.378235 -5.812464
-0.786255 -0.912964 -4.000000 -0.194382 -1.371115 -5.810802
-0.789917 -0.921875 -4.000000 -0.220252 -1.391289 -5.822195
-0.788574 -0.917725 -4.000000 -0.262261 -1.422855 -5.823856
-0.786255 -0.918213 -4.000000 -0.295251 -1.450387 -5.824568
-0.784424 -0.918945 -4.000000 -0.313289 -1.461067 -5.815549
-0.789551 -0.922852 -4.000000 -0.317324 -1.451336 -5.800122
-0.782593 -0.910278 -4.000000 -0.323732 -1.415023 -5.777812
-0.780029 -0.911865 -4.000000 -0.356010 -1.366843 -5.771166
-0.786865 -0.916138 -4.000000 -0.414633 -1.319612 -5.771878
-0.782593 -0.918335 -4.000000 -0.506247 -1.311305 -5.799172
-0.781860 -0.917114 -4.000000 -0.602844 -1.351416 -5.813176
-0.778564 -0.916016 -4.000000 -0.686625 -1.401257 -5.837622
-0.785400 -0.914673 -4.000000 -0.749995 -1.435909 -5.836672
-0.780396 -0.917847 -4.000000 -0.782036 -1.464152 -5.818872
-0.789429 -0.917725 -4.000000 -0.797701 -1.483377 -5.806056
-0.786621 -0.917114 -4.000000 -0.815264 -1.500465 -5.804394
-0.787720 -0.916626 -4.000000 -0.837099 -1.502839 -5.766657
-0.786499 -0.916260 -4.000000 -0.884805 -1.471510 -5.741736
-0.782715 -0.917114 -4.000000 -0.939156 -1.413124 -5.702812
-0.784302 -0.922974 -4.000000 -1.003000 -1.347381 -5.675518
-0.783813 -0.922852 -4.000000 -1.075863 -1.297065 -5.670297
-0.787476 -0.923462 -4.000000 -1.150388 -1.279264 -5.670534
-0.787109 -0.910278 -4.000000 -1.225151 -1.312017 -5.669110
-0.783691 -0.916138 -4.000000 -1.283774 -1.368979 -5.678841
-0.786133 -0.912598 -4.000000 -1.325071 -1.392950 -5.663177
-0.785767 -0.916138 -4.000000 -1.307270 -1.369216 -5.644189
-0.783569 -0.921631 -4.000000 -1.267872 -1.333378 -5.599095
-0.789673 -0.918823 -4.000000 -1.215182 -1.283062 -5.538335
-0.777832 -0.922974 -4.000000 -1.137335 -1.195246 -5.471643
-0.781738 -0.923584 -4.000000 -1.048332 -1.104582 -5.409460
-0.783081 -0.917603 -4.000000 -0.956007 -1.092477 -5.381216
-0.783081 -0.910889 -4.000000 -0.875786 -1.185040 -5.354871
-0.783569 -0.913940 -4.000000 -0.782036 -1.321748 -5.318084
-0.784180 -0.920654 -4.000000 -0.642243 -1.381083 -5.258274
-0.789673 -0.917603 -4.000000 -0.387102 -1.241052 -5.172832
-0.783081 -0.910767 -4.000000 -0.022073 -0.893824 -5.051076
-0.791260 -0.921265 -4.000000 0.283147 -0.492481 -4.938577
-0.786743 -0.923950 -4.000000 0.356248 -0.210283 -4.912469
-0.780640 -0.916016 -4.000000 0.136233 -0.312102 -5.019984
-0.775879 -0.921265 -4.000000 -0.178243 -0.877447 -5.303369
-0.786743 -0.919922 -4.000000 -0.525709 -1.387729 -5.449096
-0.782349 -0.912354 -4.000000 -0.574601 -1.923643 -5.496089
-0.786621 -0.916870 -4.000000 -0.253005 -2.195872 -5.459776
-0.779175 -0.915039 -4.000000 0.362419 -2.060826 -5.366976
-0.784912 -0.920044 -4.000000 1.044535 -1.802837 -5.246170
-0.791992 -0.920044 -4.000000 1.547696 -1.671825 -5.169746
-0.790649 -0.915894 -4.000000 1.748011 -1.643819 -5.146012
-0.785889 -0.919312 -4.000000 1.649040 -1.700543 -5.189920
-0.788452 -0.910522 -4.000000 1.327682 -1.746587 -5.270141
-0.788452 -0.916260 -4.000000 0.960516 -1.712173 -5.386675
-0.782837 -0.921509 -4.000000 0.713208 -1.643582 -5.507244
-0.781006 -0.907471 -4.000000 0.603082 -1.623408 -5.609063
-0.785889 -0.918335 -4.000000 0.653635 -1.631240 -5.659379
-0.781860 -0.921265 -4.000000 0.769457 -1.600860 -5.660803
-0.777222 -0.920776 -4.000000 0.848254 -1.560038 -5.682401
-0.786133 -0.917603 -4.000000 0.829742 -1.540576 -5.703287
-0.785034 -0.923218 -4.000000 0.709410 -1.538914 -5.738651
-0.790039 -0.918701 -4.000000 0.549443 -1.518503 -5.766419
-0.783936 -0.916504 -4.000000 0.413209 -1.464152 -5.816973
-0.783936 -0.913452 -4.000000 0.285046 -1.432586 -5.851388
-0.781128 -0.924561 -4.000000 0.176581 -1.456320 -5.874647
-0.781372 -0.920044 -4.000000 0.092563 -1.491209 -5.883191
-0.787598 -0.912720 -4.000000 0.061946 -1.486225 -5.895533
-0.788696 -0.913452 -4.000000 0.037025 -1.438282 -5.903128
-0.778931 -0.918701 -4.000000 -0.021123 -1.418108 -5.905263
-0.787231 -0.917236 -4.000000 -0.123892 -1.440655 -5.928998
-0.786743 -0.921265 -4.000000 -0.313289 -1.501889 -5.945137
-0.782715 -0.920288 -4.000000 -0.550867 -1.595639 -5.950833
-0.787598 -0.912964 -4.000000 -0.734093 -1.701255 -5.928761
-0.784424 -0.915894 -4.000000 -0.838761 -1.694610 -5.844030
-0.779175 -0.920166 -4.000000 -0.922779 -1.522301 -5.739600
-0.781372 -0.915894 -4.000000 -1.001813 -1.376099 -5.680265
-0.786133 -0.917358 -4.000000 -1.105294 -1.366131 -5.634933
-0.788818 -0.920898 -4.000000 -1.175072 -1.439232 -5.554000
-0.781982 -0.920166 -4.000000 -1.164391 -1.485513 -5.435092
-0.783936 -0.920898 -4.000000 -1.121907 -1.430450 -5.289840
-0.785278 -0.923096 -4.000000 -1.120721 -1.401969 -5.160727
-0.785522 -0.920898 -4.000000 -1.199043 -1.547696 -5.081456
-0.785522 -0.919800 -4.000000 -1.333140 -1.793581 -5.058671
-0.787109 -0.912598 -4.000000 -1.413836 -1.986301 -5.054636
-0.788208 -0.927246 -4.000000 -1.333615 -1.970399 -5.047516
-0.783936 -0.916138 -4.000000 -1.054265 -1.720005 -5.010491
-0.788940 -0.919922 -4.000000 -0.752843 -1.299438 -4.983671
-0.784058 -0.918213 -4.000000 -0.692796 -0.814077 -5.011677
