-0.788086 -0.919922 -4.000000 -0.524047 -1.450624 -5.942289
-0.786621 -0.914185 -4.000000 -0.477766 -1.455133 -5.927574
-0.789795 -0.915771 -4.000000 -0.415820 -1.399833 -5.910722
-0.784546 -0.918335 -4.000000 -0.373811 -1.370403 -5.886989
-0.784180 -0.921631 -4.000000 -0.335124 -1.371827 -5.861356
-0.784302 -0.914429 -4.000000 -0.304033 -1.392238 -5.831688
-0.783325 -0.922974 -4.000000 -0.278163 -1.409327 -5.805343
-0.784180 -0.920044 -4.000000 -0.250394 -1.422143 -5.771166
-0.779175 -0.921021 -4.000000 -0.234967 -1.417634 -5.748857
-0.781860 -0.922363 -4.000000 -0.232119 -1.397697 -5.720613
-0.782959 -0.918457 -4.000000 -0.245173 -1.372776 -5.698540
-0.777222 -0.924072 -4.000000 -0.264160 -1.342634 -5.679790
-0.782349 -0.926880 -4.000000 -0.282198 -1.335514 -5.678129
-0.782471 -0.917114 -4.000000 -0.311153 -1.308694 -5.637544
-0.783325 -0.920166 -4.000000 -0.325156 -1.279976 -5.597196
-0.780640 -0.913818 -4.000000 -0.348178 -1.268821 -5.568241
-0.783936 -0.914063 -4.000000 -0.378795 -1.330767 -5.545456
-0.783813 -0.921265 -4.000000 -0.386865 -1.434010 -5.516263
-0.780273 -0.918457 -4.000000 -0.364555 -1.537728 -5.475203
-0.788574 -0.912598 -4.000000 -0.327292 -1.608930 -5.425836
-0.791992 -0.912354 -4.000000 -0.281723 -1.635987 -5.375995
-0.786011 -0.916382 -4.000000 -0.244223 -1.610354 -5.327340
-0.779541 -0.911133 -4.000000 -0.207435 -1.539152 -5.257562
-0.786133 -0.917480 -4.000000 -0.186075 -1.464390 -5.224572
-0.781372 -0.926880 -4.000000 -0.190347 -1.428789 -5.220062
-0.786133 -0.917725 -4.000000 -0.201027 -1.458456 -5.217452
-0.787720 -0.915527 -4.000000 -0.248258 -1.529421 -5.249018
-0.785889 -0.922119 -4.000000 -0.318273 -1.605607 -5.265157
-0.786255 -0.913330 -4.000000 -0.347704 -1.715970 -5.281059
-0.787354 -0.917969 -4.000000 -0.365741 -1.752995 -5.239524
-0.784302 -0.921997 -4.000000 -0.341295 -1.718344 -5.185410
-0.785400 -0.915771 -4.000000 -0.315900 -1.593028 -5.159778
-0.787964 -0.918457 -4.000000 -0.302372 -1.415972 -5.155268
-0.787476 -0.920410 -4.000000 -0.308780 -1.291606 -5.150996
-0.780884 -0.916626 -4.000000 -0.317799 -1.260514 -5.136281
-0.790161 -0.914429 -4.000000 -0.338922 -1.288995 -5.152420
-0.783081 -0.909302 -4.000000 -0.343431 -1.343821 -5.156218
-0.784180 -0.915405 -4.000000 -0.336549 -1.384406 -5.151946
-0.783936 -0.911133 -4.000000 -0.328479 -1.379184 -5.165711
-0.788574 -0.913940 -4.000000 -0.312815 -1.342634 -5.181139
-0.789795 -0.915771 -4.000000 -0.286707 -1.293267 -5.187547
-0.784546 -0.914063 -4.000000 -0.257752 -1.247698 -5.190869
-0.793091 -0.911987 -4.000000 -0.219540 -1.201654 -5.189920
-0.782959 -0.915771 -4.000000 -0.192483 -1.172936 -5.228844
-0.782593 -0.916870 -4.000000 -0.191534 -1.166290 -5.271565
-0.784546 -0.920166 -4.000000 -0.210996 -1.164629 -5.321644
-0.779297 -0.918701 -4.000000 -0.246122 -1.183616 -5.384539
-0.779663 -0.914917 -4.000000 -0.285283 -1.221828 -5.456453
-0.783813 -0.917480 -4.000000 -0.318985 -1.256242 -5.503921
-0.788208 -0.916504 -4.000000 -0.335836 -1.280688 -5.562307
-0.787842 -0.924561 -4.000000 -0.353637 -1.311542 -5.627575
-0.781860 -0.923218 -4.000000 -0.377846 -1.349992 -5.684062
-0.781738 -0.917480 -4.000000 -0.395884 -1.397222 -5.744584
-0.788452 -0.917114 -4.000000 -0.386153 -1.445402 -5.783033
-0.777588 -0.920654 -4.000000 -0.384017 -1.482190 -5.798935
-0.783569 -0.915649 -4.000000 -0.356960 -1.493582 -5.815311
-0.784546 -0.913086 -4.000000 -0.335599 -1.478155 -5.831451
-0.782959 -0.914673 -4.000000 -0.317324 -1.471985 -5.841894
-0.791992 -0.919434 -4.000000 -0.313289 -1.476731 -5.862068
-0.784302 -0.912354 -4.000000 -0.306881 -1.477918 -5.889362
-0.786499 -0.913208 -4.000000 -0.304270 -1.473171 -5.899330
-0.784668 -0.917725 -4.000000 -0.310678 -1.461541 -5.914282
-0.780273 -0.916138 -4.000000 -0.322545 -1.462728 -5.933982
-0.787720 -0.918823 -4.000000 -0.330140 -1.468662 -5.964124
-0.784180 -0.917847 -4.000000 -0.329666 -1.471985 -5.994978
-0.781006 -0.921021 -4.000000 -0.333463 -1.476019 -6.022985
-0.786255 -0.918701 -4.000000 -0.331327 -1.485276 -6.035801
-0.778320 -0.914673 -4.000000 -0.334175 -1.493345 -6.061908
-0.784790 -0.913330 -4.000000 -0.344618 -1.500940 -6.074962
-0.777344 -0.917847 -4.000000 -0.368589 -1.501415 -6.078047
-0.781616 -0.914551 -4.000000 -0.383542 -1.512807 -6.093712
-0.789917 -0.924561 -4.000000 -0.407988 -1.527997 -6.125041
-0.791138 -0.916992 -4.000000 -0.431485 -1.514231 -6.166575
-0.789551 -0.920776 -4.000000 -0.449760 -1.483614 -6.185325
-0.791016 -0.915771 -4.000000 -0.464950 -1.457269 -6.209771
-0.783813 -0.915405 -4.000000 -0.470883 -1.440893 -6.225436
-0.784302 -0.916260 -4.000000 -0.468747 -1.423330 -6.243236
-0.782959 -0.912720 -4.000000 -0.471832 -1.406953 -6.250356
-0.792725 -0.921753 -4.000000 -0.468272 -1.399121 -6.261037
-0.785889 -0.924927 -4.000000 -0.478953 -1.398172 -6.258901
-0.793701 -0.913818 -4.000000 -0.487260 -1.387966 -6.264834
-0.786743 -0.918335 -4.000000 -0.505060 -1.378472 -6.266970
-0.786499 -0.921143 -4.000000 -0.539474 -1.369928 -6.275515
-0.783447 -0.912476 -4.000000 -0.574601 -1.375387 -6.272666
-0.782349 -0.910156 -4.000000 -0.607354 -1.372776 -6.268869
-0.781982 -0.914063 -4.000000 -0.631562 -1.359010 -6.265783
-0.781250 -0.918701 -4.000000 -0.646515 -1.339786 -6.252255
-0.786743 -0.923340 -4.000000 -0.660281 -1.317476 -6.251306
-0.788330 -0.915894 -4.000000 -0.674758 -1.306796 -6.256764
-0.784058 -0.914307 -4.000000 -0.681641 -1.307033 -6.249644
-0.790039 -0.921021 -4.000000 -0.688287 -1.314628 -6.231369
-0.784790 -0.918457 -4.000000 -0.691135 -1.318900 -6.225436
-0.784546 -0.913818 -4.000000 -0.699442 -1.312017 -6.211432
-0.785278 -0.928833 -4.000000 -0.712258 -1.300862 -6.196955
-0.786865 -0.923218 -4.000000 -0.721989 -1.284960 -6.182477
-0.785034 -0.917480 -4.000000 -0.727448 -1.268109 -6.157794
-0.788940 -0.919678 -4.000000 -0.736230 -1.257429 -6.144503
-0.790039 -0.916748 -4.000000 -0.738128 -1.253157 -6.131212
-0.786865 -0.916870 -4.000000 -0.759252 -1.254106 -6.128601
-0.782837 -0.914429 -4.000000 -0.773967 -1.263125 -6.118870
-0.785278 -0.921143 -4.000000 -0.781324 -1.283774 -6.106053
-0.785645 -0.920776 -4.000000 -0.783698 -1.313916 -6.092525
-0.788452 -0.912354 -4.000000 -0.779426 -1.348567 -6.077098
-0.784668 -0.916504 -4.000000 -0.780138 -1.360435 -6.055263
-0.784302 -0.917725 -4.000000 -0.783698 -1.336463 -6.023459
-0.778931 -0.924072 -4.000000 -0.779900 -1.296590 -5.991655
-0.788086 -0.918823 -4.000000 -0.779663 -1.259802 -5.966497
-0.790039 -0.920776 -4.000000 -0.777052 -1.246749 -5.942289
-0.785889 -0.921265 -4.000000 -0.762812 -1.249597 -5.925437
-0.790649 -0.920654 -4.000000 -0.758302 -1.254581 -5.905501
-0.783813 -0.924683 -4.000000 -0.753793 -1.260277 -5.868476
-0.783936 -0.924561 -4.000000 -0.747385 -1.252682 -5.835011
-0.788574 -0.921509 -4.000000 -0.743112 -1.252445 -5.817210
-0.787354 -0.912720 -4.000000 -0.751419 -1.226812 -5.782796
-0.781006 -0.917480 -4.000000 -0.760438 -1.199755 -5.753603
-0.784058 -0.917236 -4.000000 -0.771831 -1.190499 -5.731531
-0.785645 -0.916504 -4.000000 -0.788682 -1.202841 -5.730581
-0.779785 -0.917847 -4.000000 -0.805533 -1.248885 -5.725597
-0.784912 -0.910522 -4.000000 -0.794853 -1.308220 -5.718477
-0.783691 -0.916748 -4.000000 -0.778951 -1.369928 -5.693556
-0.783813 -0.914307 -4.000000 -0.741926 -1.436858 -5.677417
-0.776123 -0.914185 -4.000000 -0.669537 -1.499516 -5.632797
-0.783325 -0.917480 -4.000000 -0.570803 -1.527047 -5.586041
-0.790649 -0.914185 -4.000000 -0.466611 -1.520164 -5.516737
-0.786011 -0.913330 -4.000000 -0.369776 -1.489073 -5.462862
-0.780884 -0.917358 -4.000000 -0.293827 -1.459168 -5.422751
-0.779297 -0.917236 -4.000000 -0.247071 -1.443504 -5.367688
-0.787354 -0.918213 -4.000000 -0.193907 -1.469848 -5.327578
-0.787720 -0.925171 -4.000000 -0.168749 -1.470086 -5.326153
-0.782227 -0.918091 -4.000000 -0.178480 -1.440181 -5.338732
-0.776367 -0.919556 -4.000000 -0.214556 -1.424042 -5.371960
-0.784790 -0.922852 -4.000000 -0.266533 -1.443741 -5.412308
-0.777344 -0.910278 -4.000000 -0.326343 -1.484563 -5.425124
-0.777344 -0.918213 -4.000000 -0.351026 -1.534880 -5.441501
-0.781982 -0.919678 -4.000000 -0.329903 -1.543187 -5.475441
-0.790894 -0.916626 -4.000000 -0.278163 -1.535829 -5.490156
-0.787476 -0.910522 -4.000000 -0.217878 -1.514943 -5.483747
-0.783325 -0.912476 -4.000000 -0.185600 -1.501415 -5.464760
-0.779907 -0.917969 -4.000000 -0.162341 -1.479342 -5.438890
-0.772583 -0.917114 -4.000000 -0.157357 -1.434485 -5.425124
-0.782227 -0.915405 -4.000000 -0.163053 -1.397222 -5.427735
-0.781372 -0.914673 -4.000000 -0.184176 -1.363045 -5.431058
-0.786865 -0.913574 -4.000000 -0.231169 -1.315340 -5.468557
-0.777466 -0.916870 -4.000000 -0.290979 -1.272856 -5.511991
-0.789429 -0.915894 -4.000000 -0.357672 -1.228711 -5.562069
-0.785156 -0.917725 -4.000000 -0.413921 -1.176970 -5.607401
-0.780029 -0.918213 -4.000000 -0.486548 -1.173410 -5.621167
-0.784668 -0.919312 -4.000000 -0.545645 -1.297777 -5.610961
-0.790161 -0.920410 -4.000000 -0.580297 -1.420244 -5.576785
-0.782593 -0.916504 -4.000000 -0.583145 -1.487412 -5.600281
