-0.782471 -0.921631 -4.000000 -0.557987 -1.378710 -5.834299
-0.784424 -0.921265 -4.000000 -0.533541 -1.439469 -5.803207
-0.782349 -0.921631 -4.000000 -0.518589 -1.437570 -5.834299
-0.789185 -0.918457 -4.000000 -0.468272 -1.403156 -5.845217
-0.786621 -0.921021 -4.000000 -0.385915 -1.346431 -5.850438
-0.784058 -0.924316 -4.000000 -0.330140 -1.309644 -5.827178
-0.782715 -0.921387 -4.000000 -0.301659 -1.311780 -5.806293
-0.789063 -0.911011 -4.000000 -0.299998 -1.338362 -5.789442
-0.791870 -0.918579 -4.000000 -0.325631 -1.354264 -5.781847
-0.786865 -0.917603 -4.000000 -0.340821 -1.371115 -5.775201
-0.785034 -0.920776 -4.000000 -0.347941 -1.394374 -5.784932
-0.783081 -0.917969 -4.000000 -0.372624 -1.422855 -5.796087
-0.776245 -0.918335 -4.000000 -0.389001 -1.459643 -5.792764
-0.782349 -0.924316 -4.000000 -0.407039 -1.494769 -5.797274
-0.784424 -0.919434 -4.000000 -0.432909 -1.504975 -5.783983
-0.780640 -0.926392 -4.000000 -0.439317 -1.476257 -5.745533
-0.780151 -0.914185 -4.000000 -0.448573 -1.419295 -5.696641
-0.780396 -0.923462 -4.000000 -0.464238 -1.336463 -5.630661
-0.785767 -0.913940 -4.000000 -0.479665 -1.250071 -5.581532
-0.785034 -0.917114 -4.000000 -0.490108 -1.172461 -5.545930
-0.787109 -0.914429 -4.000000 -0.497940 -1.146354 -5.514364
-0.781982 -0.925415 -4.000000 -0.538050 -1.187413 -5.457877
-0.785400 -0.918823 -4.000000 -0.609727 -1.284960 -5.385014
-0.788574 -0.913086 -4.000000 -0.691610 -1.385830 -5.293638
-0.789673 -0.919067 -4.000000 -0.736704 -1.465576 -5.186597
-0.785400 -0.919556 -4.000000 -0.758777 -1.525386 -5.096170
-0.782593 -0.920288 -4.000000 -0.740027 -1.487174 -4.992216
-0.780518 -0.921997 -4.000000 -0.700866 -1.463915 -4.912469
-0.782959 -0.921265 -4.000000 -0.660518 -1.260752 -4.811600
-0.787109 -0.922241 -4.000000 -0.714394 -1.106955 -4.744432
-0.787598 -0.920532 -4.000000 -0.776577 -0.988760 -4.688420
-0.779175 -0.926147 -4.000000 -0.805058 -0.931323 -4.644275
-0.783203 -0.922119 -4.000000 -0.820485 -0.942241 -4.582804
-0.782593 -0.922119 -4.000000 -0.880295 -0.962890 -4.575209
-0.782349 -0.920410 -4.000000 -0.914709 -0.946276 -4.582091
-0.791748 -0.926758 -4.000000 -0.884805 -0.899520 -4.583278
-0.781006 -0.918091 -4.000000 -0.846593 -0.843507 -4.599180
-0.790771 -0.919434 -4.000000 -0.843033 -0.816451 -4.647123
-0.780029 -0.919434 -4.000000 -0.851340 -0.826182 -4.714290
-0.783936 -0.918823 -4.000000 -0.858697 -0.866767 -4.787628
-0.786133 -0.924805 -4.000000 -0.888839 -0.904741 -4.857644
-0.781738 -0.922607 -4.000000 -0.879583 -0.903554 -4.916504
-0.781494 -0.914185 -4.000000 -0.801735 -0.887653 -4.991978
-0.784058 -0.916382 -4.000000 -0.742163 -0.895485 -5.085490
-0.791992 -0.915649 -4.000000 -0.673334 -0.907115 -5.182562
-0.784302 -0.919312 -4.000000 -0.609015 -0.919219 -5.283907
-0.781616 -0.923584 -4.000000 -0.530930 -0.947700 -5.390947
-0.786255 -0.914307 -4.000000 -0.435519 -0.990896 -5.479001
-0.782959 -0.914307 -4.000000 -0.345805 -1.073490 -5.562069
-0.777222 -0.917236 -4.000000 -0.311390 -1.011070 -5.599807
-0.782959 -0.921631 -4.000000 -0.426263 -1.095325 -5.683351
-0.792480 -0.915283 -4.000000 -0.374523 -1.201179 -5.744822
-0.784912 -0.917725 -4.000000 -0.267957 -1.211385 -5.815549
-0.792114 -0.913208 -4.000000 -0.181803 -1.185040 -5.849251
-0.783325 -0.912720 -4.000000 -0.124841 -1.190024 -5.887701
-0.785645 -0.918579 -4.000000 -0.073338 -1.216844 -5.926862
-0.784912 -0.924561 -4.000000 -0.058148 -1.226575 -5.969346
-0.776978 -0.925415 -4.000000 -0.118670 -1.231559 -6.010643
-0.781982 -0.917236 -4.000000 -0.225948 -1.256954 -6.059535
-0.785889 -0.919312 -4.000000 -0.348890 -1.313204 -6.127177
-0.782959 -0.922852 -4.000000 -0.439317 -1.399596 -6.183426
-0.790283 -0.917236 -4.000000 -0.478003 -1.419770 -6.233031
-0.789063 -0.919067 -4.000000 -0.481563 -1.406004 -6.269106
-0.780762 -0.917969 -4.000000 -0.450709 -1.359722 -6.320372
-0.787109 -0.921875 -4.000000 -0.421042 -1.315340 -6.344818
-0.781982 -0.915894 -4.000000 -0.416770 -1.268109 -6.373061
-0.787720 -0.913940 -4.000000 -0.421279 -1.232033 -6.415782
-0.789185 -0.921997 -4.000000 -0.420567 -1.205689 -6.459928
-0.787598 -0.918457 -4.000000 -0.418194 -1.219217 -6.507159
-0.781494 -0.924072 -4.000000 -0.406089 -1.269058 -6.547981
-0.783447 -0.917969 -4.000000 -0.409412 -1.337412 -6.577886
-0.781616 -0.916382 -4.000000 -0.417007 -1.404817 -6.606842
-0.784912 -0.918091 -4.000000 -0.438130 -1.458219 -6.622743
-0.787354 -0.917114 -4.000000 -0.465187 -1.477681 -6.640306
-0.782349 -0.925903 -4.000000 -0.476817 -1.463440 -6.640069
-0.780396 -0.912231 -4.000000 -0.471832 -1.423092 -6.631288
-0.778442 -0.920288 -4.000000 -0.480614 -1.389627 -6.604231
-0.783203 -0.918823 -4.000000 -0.505297 -1.360909 -6.560560
-0.784180 -0.916382 -4.000000 -0.543509 -1.357112 -6.516890
-0.789917 -0.918457 -4.000000 -0.559648 -1.372776 -6.496241
-0.786255 -0.914673 -4.000000 -0.554190 -1.399358 -6.465149
-0.782715 -0.914673 -4.000000 -0.538050 -1.409801 -6.402017
-0.777588 -0.914429 -4.000000 -0.512655 -1.378710 -6.349565
-0.782104 -0.923584 -4.000000 -0.472070 -1.339549 -6.297587
-0.788208 -0.918335 -4.000000 -0.441453 -1.324121 -6.254391
-0.782471 -0.912842 -4.000000 -0.413209 -1.334327 -6.212144
-0.783325 -0.918213 -4.000000 -0.403004 -1.339074 -6.164677
-0.783325 -0.917725 -4.000000 -0.405140 -1.341685 -6.135009
-0.792236 -0.918457 -4.000000 -0.423652 -1.345245 -6.114598
-0.788208 -0.914673 -4.000000 -0.454981 -1.363045 -6.101544
-0.784424 -0.920166 -4.000000 -0.497228 -1.405292 -6.086592
-0.787842 -0.916016 -4.000000 -0.544933 -1.464627 -6.070215
-0.786255 -0.917114 -4.000000 -0.587417 -1.498804 -6.046956
-0.781616 -0.919556 -4.000000 -0.621119 -1.527047 -6.031766
-0.789673 -0.925781 -4.000000 -0.643667 -1.543661 -6.004472
-0.790649 -0.919434 -4.000000 -0.660518 -1.562411 -5.969820
-0.782837 -0.914063 -4.000000 -0.660281 -1.550781 -5.929472
-0.782471 -0.909058 -4.000000 -0.632275 -1.529895 -5.886989
-0.788452 -0.913818 -4.000000 -0.584094 -1.513282 -5.847827
-0.781250 -0.917358 -4.000000 -0.554902 -1.488124 -5.801546
-0.786621 -0.919800 -4.000000 -0.515740 -1.470323 -5.759774
-0.784302 -0.920776 -4.000000 -0.496753 -1.458931 -5.717053
-0.786865 -0.916626 -4.000000 -0.488209 -1.458219 -5.664600
-0.784668 -0.927368 -4.000000 -0.482275 -1.466051 -5.607164
-0.783081 -0.921753 -4.000000 -0.485124 -1.489548 -5.558035
-0.786865 -0.919922 -4.000000 -0.502924 -1.514943 -5.511279
-0.780396 -0.920410 -4.000000 -0.518351 -1.509722 -5.449096
-0.781738 -0.922485 -4.000000 -0.532829 -1.471510 -5.389523
-0.791748 -0.924072 -4.000000 -0.539000 -1.420482 -5.325916
-0.787598 -0.919922 -4.000000 -0.560360 -1.365656 -5.279397
-0.783447 -0.910034 -4.000000 -0.604031 -1.348093 -5.234303
-0.777954 -0.918701 -4.000000 -0.656721 -1.373488 -5.175917
-0.784302 -0.913696 -4.000000 -0.727685 -1.417396 -5.135569
-0.786255 -0.921143 -4.000000 -0.804346 -1.469848 -5.112310
-0.782104 -0.921875 -4.000000 -0.849678 -1.588044 -5.109699
-0.794067 -0.921265 -4.000000 -0.880295 -1.766998 -5.105427
-0.790161 -0.914673 -4.000000 -0.884093 -1.916523 -5.105427
-0.796753 -0.921875 -4.000000 -0.847542 -1.968026 -5.079319
-0.785767 -0.920532 -4.000000 -0.756641 -1.980130 -5.048940
-0.778809 -0.918457 -4.000000 -0.618509 -1.889703 -5.019272
-0.782104 -0.922119 -4.000000 -0.600471 -1.698170 -4.990791
-0.781128 -0.914795 -4.000000 -0.549680 -1.481478 -4.955665
-0.785034 -0.914429 -4.000000 -0.450709 -1.264786 -4.950918
-0.783203 -0.915894 -4.000000 -0.413921 -1.120484 -4.968244
-0.778809 -0.916992 -4.000000 -0.459491 -1.105056 -5.034225
-0.789429 -0.917725 -4.000000 -0.532354 -1.165815 -5.097357
-0.788574 -0.918457 -4.000000 -0.568430 -1.202841 -5.141740
-0.782349 -0.919067 -4.000000 -0.556088 -1.187888 -5.172594
-0.781006 -0.920166 -4.000000 -0.501737 -1.165578 -5.204160
-0.791504 -0.918457 -4.000000 -0.438368 -1.154660 -5.225996
-0.782959 -0.924927 -4.000000 -0.392323 -1.113838 -5.258037
-0.786499 -0.916748 -4.000000 -0.379982 -1.068506 -5.261122
-0.783081 -0.920410 -4.000000 -0.331327 -1.008459 -5.302419
-0.780884 -0.912964 -4.000000 -0.374523 -0.902842 -5.293875
-0.782593 -0.918457 -4.000000 -0.426738 -0.947225 -5.336359
-0.783691 -0.911621 -4.000000 -0.400393 -1.072541 -5.369586
-0.782715 -0.917969 -4.000000 -0.433383 -1.158933 -5.420377
-0.780273 -0.920044 -4.000000 -0.483462 -1.177445 -5.457403
-0.783569 -0.918213 -4.000000 -0.502449 -1.129502 -5.473304
-0.788574 -0.918579 -4.000000 -0.495329 -1.070879 -5.518874
-0.783081 -0.916260 -4.000000 -0.498177 -1.027683 -5.561357
-0.785156 -0.917114 -4.000000 -0.483462 -1.001576 -5.586990
-0.779175 -0.916138 -4.000000 -0.441928 -1.043823 -5.631610
-0.776733 -0.918213 -4.000000 -0.396596 -1.124044 -5.653920
-0.784302 -0.917725 -4.000000 -0.386865 -1.201891 -5.673619
-0.785400 -0.920288 -4.000000 -0.340109 -1.270483 -5.695218
-0.785034 -0.908691 -4.000000 -0.275789 -1.292793 -5.715154
-0.787109 -0.918213 -4.000000 -0.231881 -1.262413 -5.737464
-0.786987 -0.920776 -4.000000 -0.200553 -1.192160 -5.767132
-0.784302 -0.918945 -4.000000 -0.174208 -1.087968 -5.801071
