-0.780640 -0.916504 -4.000000 -0.019699 -1.298726 -5.749568
-0.781860 -0.914063 -4.000000 0.020649 -1.264549 -5.732717
-0.784912 -0.908691 -4.000000 -0.003560 -1.283299 -5.737464
-0.781128 -0.914307 -4.000000 -0.056487 -1.342634 -5.699964
-0.786011 -0.917358 -4.000000 -0.142642 -1.378710 -5.690233
-0.778931 -0.919189 -4.000000 -0.224524 -1.413361 -5.689521
-0.788086 -0.916870 -4.000000 -0.286944 -1.455608 -5.693319
-0.783691 -0.921143 -4.000000 -0.333700 -1.477443 -5.710407
-0.784180 -0.917236 -4.000000 -0.369064 -1.477443 -5.693319
-0.778931 -0.921509 -4.000000 -0.389001 -1.458931 -5.671009
-0.785522 -0.920898 -4.000000 -0.379744 -1.424042 -5.639680
-0.789673 -0.917603 -4.000000 -0.352688 -1.370403 -5.615708
-0.786865 -0.918091 -4.000000 -0.348653 -1.321748 -5.582481
-0.781494 -0.919556 -4.000000 -0.383067 -1.297302 -5.557323
-0.797241 -0.918579 -4.000000 -0.436231 -1.298963 -5.540472
-0.786377 -0.914185 -4.000000 -0.478003 -1.321985 -5.496089
-0.784546 -0.915161 -4.000000 -0.492956 -1.341685 -5.438415
-0.782593 -0.917480 -4.000000 -0.481326 -1.355450 -5.371248
-0.789429 -0.916748 -4.000000 -0.460915 -1.414548 -5.306692
-0.783936 -0.921265 -4.000000 -0.432434 -1.464864 -5.240473
-0.787598 -0.917969 -4.000000 -0.406327 -1.462016 -5.160727
-0.781982 -0.919556 -4.000000 -0.370251 -1.455845 -5.099256
-0.786499 -0.917847 -4.000000 -0.332988 -1.475782 -5.057484
-0.775391 -0.917725 -4.000000 -0.311153 -1.474833 -5.022358
-0.785278 -0.916138 -4.000000 -0.308305 -1.477681 -5.013102
-0.786621 -0.911865 -4.000000 -0.332039 -1.516367 -5.015237
-0.785400 -0.919556 -4.000000 -0.369064 -1.531082 -4.993639
-0.789551 -0.916992 -4.000000 -0.431959 -1.553155 -4.997912
-0.780518 -0.914063 -4.000000 -0.490108 -1.625781 -5.001709
-0.785278 -0.914917 -4.000000 -0.555851 -1.659483 -5.005744
-0.782104 -0.919922 -4.000000 -0.650550 -1.608218 -4.995301
-0.782593 -0.918701 -4.000000 -0.696831 -1.492633 -4.955428
-0.790894 -0.914429 -4.000000 -0.639157 -1.371827 -4.931219
-0.781372 -0.918213 -4.000000 -0.558699 -1.318425 -4.906061
-0.782959 -0.911499 -4.000000 -0.515266 -1.366843 -4.904637
-0.786865 -0.920166 -4.000000 -0.527845 -1.449200 -4.922200
-0.781738 -0.921509 -4.000000 -0.563446 -1.519927 -4.932643
-0.781128 -0.918335 -4.000000 -0.587892 -1.480291 -4.921013
-0.782837 -0.915649 -4.000000 -0.561784 -1.367317 -4.892770
-0.786133 -0.914917 -4.000000 -0.496991 -1.216132 -4.904874
-0.786621 -0.917114 -4.000000 -0.452845 -1.113126 -4.949019
-0.787231 -0.916138 -4.000000 -0.406801 -1.085832 -5.020459
-0.781738 -0.920410 -4.000000 -0.389713 -1.124518 -5.083829
-0.785034 -0.921387 -4.000000 -0.406564 -1.194771 -5.148386
-0.786499 -0.914673 -4.000000 -0.426500 -1.245087 -5.215553
-0.785645 -0.918213 -4.000000 -0.420330 -1.273568 -5.274413
-0.780518 -0.920166 -4.000000 -0.422940 -1.287096 -5.335172
-0.784058 -0.921753 -4.000000 -0.414633 -1.302049 -5.398305
-0.783936 -0.915527 -4.000000 -0.416295 -1.331004 -5.467845
-0.785522 -0.918579 -4.000000 -0.426263 -1.377523 -5.520298
-0.781006 -0.917847 -4.000000 -0.441690 -1.496193 -5.589364
-0.780640 -0.922119 -4.000000 -0.487734 -1.690812 -5.651309
-0.788818 -0.919922 -4.000000 -0.528082 -1.840574 -5.691895
-0.786743 -0.916260 -4.000000 -0.547544 -1.877599 -5.709220
-0.781982 -0.917114 -4.000000 -0.512180 -1.823723 -5.721562
-0.785645 -0.914917 -4.000000 -0.475393 -1.728787 -5.729632
-0.786133 -0.909424 -4.000000 -0.426026 -1.581161 -5.749094
-0.787720 -0.918579 -4.000000 -0.364792 -1.468899 -5.802495
-0.790039 -0.911499 -4.000000 -0.318748 -1.404580 -5.860644
-0.787598 -0.921753 -4.000000 -0.283622 -1.348567 -5.934219
-0.781738 -0.920044 -4.000000 -0.257040 -1.325308 -6.019424
-0.786499 -0.917236 -4.000000 -0.267245 -1.318663 -6.102731
-0.782959 -0.910278 -4.000000 -0.324444 -1.309644 -6.193870
-0.789551 -0.915039 -4.000000 -0.383542 -1.320324 -6.283347
-0.787598 -0.922607 -4.000000 -0.440504 -1.363045 -6.358583
-0.786255 -0.915405 -4.000000 -0.482987 -1.399358 -6.408900
-0.785889 -0.920654 -4.000000 -0.480851 -1.415023 -6.453520
-0.784668 -0.915405 -4.000000 -0.481326 -1.415735 -6.457080
-0.786499 -0.922607 -4.000000 -0.470171 -1.401732 -6.458979
-0.786865 -0.916626 -4.000000 -0.437181 -1.370640 -6.458266
-0.779297 -0.919067 -4.000000 -0.409887 -1.345245 -6.471083
-0.789429 -0.911743 -4.000000 -0.371200 -1.331479 -6.482713
-0.787598 -0.915894 -4.000000 -0.349365 -1.333140 -6.493630
-0.788696 -0.920044 -4.000000 -0.339871 -1.341685 -6.502174
-0.786011 -0.921265 -4.000000 -0.336311 -1.360909 -6.495766
-0.786987 -0.911865 -4.000000 -0.367403 -1.365419 -6.492444
-0.785767 -0.923828 -4.000000 -0.430061 -1.351653 -6.470846
-0.792114 -0.919312 -4.000000 -0.503161 -1.335276 -6.459691
-0.785278 -0.923462 -4.000000 -0.584569 -1.363045 -6.448773
-0.780029 -0.919800 -4.000000 -0.673572 -1.404580 -6.429311
-0.785034 -0.917236 -4.000000 -0.732432 -1.414785 -6.424327
-0.777954 -0.914917 -4.000000 -0.754742 -1.414785 -6.407001
-0.783325 -0.918213 -4.000000 -0.755454 -1.389153 -6.362144
-0.778809 -0.916016 -4.000000 -0.730296 -1.327207 -6.313251
-0.780640 -0.919312 -4.000000 -0.708698 -1.259090 -6.257477
-0.786255 -0.915649 -4.000000 -0.673334 -1.189312 -6.197192
-0.781128 -0.918213 -4.000000 -0.622069 -1.138284 -6.147825
-0.787354 -0.922607 -4.000000 -0.584332 -1.134724 -6.106053
-0.784912 -0.910522 -4.000000 -0.585281 -1.138759 -6.082082
-0.779053 -0.915894 -4.000000 -0.603556 -1.172698 -6.092288
-0.794067 -0.928223 -4.000000 -0.637021 -1.240340 -6.086117
-0.786743 -0.917603 -4.000000 -0.650312 -1.295166 -6.097272
-0.782104 -0.911865 -4.000000 -0.686863 -1.342159 -6.090389
-0.782227 -0.917236 -4.000000 -0.722464 -1.397697 -6.067130
-0.781128 -0.918945 -4.000000 -0.736467 -1.401969 -6.031766
-0.777954 -0.926025 -4.000000 -0.745486 -1.358773 -5.994978
-0.789673 -0.924194 -4.000000 -0.741214 -1.314153 -5.948934
-0.783813 -0.926147 -4.000000 -0.749046 -1.273805 -5.901703
-0.787231 -0.917725 -4.000000 -0.772543 -1.245799 -5.849726
-0.782593 -0.916748 -4.000000 -0.800549 -1.253394 -5.837622
-0.789429 -0.915283 -4.000000 -0.860121 -1.297065 -5.815549
-0.781372 -0.910400 -4.000000 -0.926814 -1.329818 -5.784932
-0.785522 -0.916138 -4.000000 -0.967874 -1.324121 -5.732955
-0.794189 -0.919434 -4.000000 -0.980453 -1.304897 -5.696404
-0.781616 -0.916138 -4.000000 -0.985912 -1.275941 -5.658905
-0.786377 -0.924072 -4.000000 -0.970959 -1.242476 -5.634221
-0.783691 -0.920532 -4.000000 -0.941292 -1.211622 -5.600281
-0.778564 -0.919922 -4.000000 -0.911624 -1.196670 -5.573225
-0.781738 -0.914429 -4.000000 -0.861308 -1.201416 -5.559696
-0.788696 -0.916870 -4.000000 -0.831166 -1.194534 -5.541896
-0.782715 -0.914429 -4.000000 -0.834726 -1.203078 -5.532402
-0.783325 -0.915649 -4.000000 -0.848254 -1.233220 -5.518162
-0.788574 -0.917603 -4.000000 -0.860121 -1.274280 -5.503684
-0.787476 -0.920288 -4.000000 -0.870802 -1.343346 -5.484222
-0.789673 -0.916870 -4.000000 -0.818824 -1.395798 -5.447434
-0.782471 -0.920044 -4.000000 -0.725787 -1.409089 -5.401865
-0.785767 -0.914307 -4.000000 -0.616373 -1.401494 -5.358194
-0.783936 -0.922974 -4.000000 -0.519063 -1.405766 -5.318796
-0.786743 -0.916870 -4.000000 -0.468747 -1.419770 -5.278923
-0.781250 -0.914429 -4.000000 -0.433146 -1.413599 -5.251391
-0.783813 -0.919434 -4.000000 -0.402292 -1.380371 -5.235964
-0.789307 -0.921875 -4.000000 -0.367640 -1.336226 -5.239524
-0.783813 -0.922363 -4.000000 -0.403241 -1.326970 -5.263258
-0.788574 -0.919922 -4.000000 -0.460915 -1.339311 -5.300758
-0.780884 -0.910645 -4.000000 -0.546357 -1.396748 -5.394032
-0.785645 -0.922119 -4.000000 -0.655771 -1.503313 -5.458115
-0.785522 -0.916138 -4.000000 -0.764473 -1.662331 -5.516026
-0.790649 -0.923218 -4.000000 -0.817400 -1.753945 -5.531928
-0.781860 -0.917969 -4.000000 -0.786071 -1.734008 -5.506295
-0.788696 -0.921753 -4.000000 -0.689236 -1.640733 -5.454317
-0.782104 -0.925781 -4.000000 -0.548256 -1.494294 -5.377419
-0.787720 -0.916138 -4.000000 -0.413921 -1.335514 -5.309302
-0.782593 -0.923706 -4.000000 -0.358621 -1.237967 -5.278211
-0.783081 -0.921631 -4.000000 -0.325394 -1.210673 -5.266818
-0.782715 -0.910034 -4.000000 -0.287656 -1.192160 -5.286043
-0.788818 -0.922729 -4.000000 -0.249682 -1.194059 -5.318796
-0.781616 -0.917603 -4.000000 -0.177056 -1.103395 -5.287941
-0.794312 -0.920166 -4.000000 -0.185125 -1.081085 -5.324492
-0.788818 -0.913818 -4.000000 -0.227135 -1.148252 -5.377893
-0.782471 -0.917114 -4.000000 -0.274365 -1.181717 -5.439839
-0.787720 -0.913696 -4.000000 -0.317561 -1.208774 -5.500836
-0.785034 -0.909790 -4.000000 -0.363843 -1.289470 -5.512703
-0.785400 -0.915039 -4.000000 -0.430061 -1.367792 -5.528842
-0.787354 -0.917603 -4.000000 -0.497228 -1.403156 -5.562069
-0.784912 -0.915039 -4.000000 -0.504823 -1.419770 -5.580345
-0.790405 -0.919067 -4.000000 -0.496041 -1.392238 -5.589127
-0.791504 -0.917114 -4.000000 -0.487734 -1.332903 -5.567291
-0.782715 -0.913452 -4.000000 -0.433146 -1.290894 -5.551864
-0.784180 -0.917114 -4.000000 -0.375710 -1.235594 -5.551152
-0.785278 -0.928833 -4.000000 -0.356960 -1.219929 -5.563494
