-0.776367 -0.921631 -4.000000 -0.302134 -1.164391 -5.843792
-0.784058 -0.918945 -4.000000 -0.285283 -1.300150 -5.816973
-0.788330 -0.921143 -4.000000 -0.309254 -1.364469 -5.833112
-0.787720 -0.917725 -4.000000 -0.323969 -1.424754 -5.807954
-0.790161 -0.917969 -4.000000 -0.338447 -1.466288 -5.781847
-0.792114 -0.921631 -4.000000 -0.378083 -1.483614 -5.786356
-0.787231 -0.913940 -4.000000 -0.427925 -1.494532 -5.796087
-0.792969 -0.917114 -4.000000 -0.455693 -1.503076 -5.793239
-0.782715 -0.917480 -4.000000 -0.479902 -1.499279 -5.788255
-0.784912 -0.916870 -4.000000 -0.495567 -1.489073 -5.770454
-0.781616 -0.913208 -4.000000 -0.499839 -1.475070 -5.758587
-0.780640 -0.912842 -4.000000 -0.488209 -1.465102 -5.744347
-0.786011 -0.915771 -4.000000 -0.469222 -1.447301 -5.730344
-0.789185 -0.914063 -4.000000 -0.442640 -1.416209 -5.711119
-0.778442 -0.924072 -4.000000 -0.415820 -1.366131 -5.678366
-0.795166 -0.920410 -4.000000 -0.400156 -1.309644 -5.635645
-0.786987 -0.908936 -4.000000 -0.405377 -1.273331 -5.619268
-0.783569 -0.919189 -4.000000 -0.418194 -1.270245 -5.619506
-0.777466 -0.919922 -4.000000 -0.428399 -1.289232 -5.619031
-0.777832 -0.918213 -4.000000 -0.425788 -1.313441 -5.630898
-0.783447 -0.911011 -4.000000 -0.413921 -1.337412 -5.624490
-0.787109 -0.915894 -4.000000 -0.404428 -1.366605 -5.617607
-0.774780 -0.911133 -4.000000 -0.345805 -1.419058 -5.595297
-0.784668 -0.920410 -4.000000 -0.260837 -1.497855 -5.598620
-0.781616 -0.921265 -4.000000 -0.126977 -1.617474 -5.600281
-0.781006 -0.919434 -4.000000 0.071439 -1.750147 -5.591262
-0.780884 -0.917236 -4.000000 0.279824 -1.842947 -5.538335
-0.785400 -0.917969 -4.000000 0.497465 -1.856001 -5.467845
-0.781128 -0.928589 -4.000000 0.659569 -1.799514 -5.451706
-0.785034 -0.913208 -4.000000 0.792717 -1.750147 -5.398779
-0.780518 -0.910645 -4.000000 0.936545 -1.700068 -5.394032
-0.783203 -0.920044 -4.000000 1.041212 -1.691050 -5.441263
-0.789063 -0.927002 -4.000000 1.062810 -1.751571 -5.487070
-0.789429 -0.920776 -4.000000 1.013443 -1.837014 -5.518874
-0.787720 -0.922119 -4.000000 0.923728 -1.887805 -5.550440
-0.783203 -0.923462 -4.000000 0.826656 -1.875700 -5.591262
-0.787231 -0.920654 -4.000000 0.792005 -1.816128 -5.608588
-0.786743 -0.926025 -4.000000 0.801261 -1.748011 -5.641104
-0.782959 -0.921265 -4.000000 0.749283 -1.722853 -5.672195
-0.782837 -0.916138 -4.000000 0.659094 -1.745875 -5.662702
-0.777222 -0.915771 -4.000000 0.619933 -1.841286 -5.685961
-0.786987 -0.924316 -4.000000 0.626104 -1.706239 -5.647987
-0.783447 -0.920410 -4.000000 0.546120 -1.634088 -5.628050
-0.777100 -0.921997 -4.000000 0.521199 -1.655686 -5.609063
-0.786011 -0.913086 -4.000000 0.517402 -1.655448 -5.603604
-0.774048 -0.920166 -4.000000 0.474681 -1.663755 -5.611199
-0.786743 -0.917358 -4.000000 0.421754 -1.659009 -5.626389
-0.783691 -0.919678 -4.000000 0.390899 -1.610829 -5.631135
-0.787354 -0.910400 -4.000000 0.353874 -1.560987 -5.660566
-0.788330 -0.921265 -4.000000 0.283384 -1.526573 -5.682401
-0.783569 -0.918823 -4.000000 0.184651 -1.522301 -5.712543
-0.781738 -0.915649 -4.000000 0.053876 -1.502839 -5.734379
-0.780151 -0.919189 -4.000000 -0.139081 -1.528234 -5.765945
-0.792480 -0.918213 -4.000000 -0.243748 -1.471510 -5.761436
-0.792847 -0.917603 -4.000000 -0.324444 -1.355688 -5.741499
-0.786133 -0.918091 -4.000000 -0.424127 -1.318425 -5.752891
-0.783447 -0.917114 -4.000000 -0.522386 -1.368267 -5.759062
-0.788940 -0.919800 -4.000000 -0.652686 -1.385355 -5.733666
-0.786377 -0.921021 -4.000000 -0.810042 -1.335276 -5.713730
-0.780518 -0.915405 -4.000000 -0.965975 -1.275229 -5.685724
-0.788330 -0.923096 -4.000000 -1.069930 -1.267872 -5.678604
-0.784912 -0.918457 -4.000000 -1.150151 -1.271669 -5.671246
-0.782959 -0.920044 -4.000000 -1.251495 -1.261701 -5.661040
-0.783813 -0.918091 -4.000000 -1.294454 -1.244375 -5.640629
-0.784180 -0.922852 -4.000000 -1.309406 -1.225151 -5.609538
-0.781372 -0.912720 -4.000000 -1.332428 -1.234407 -5.589601
-0.775269 -0.916748 -4.000000 -1.337887 -1.223252 -5.548541
-0.779541 -0.914063 -4.000000 -1.316764 -1.162493 -5.518162
-0.787354 -0.922729 -4.000000 -1.301811 -1.100547 -5.484934
-0.776733 -0.917603 -4.000000 -1.328394 -1.054503 -5.459538
-0.789185 -0.920776 -4.000000 -1.395561 -1.027446 -5.452893
-0.789795 -0.918091 -4.000000 -1.516130 -1.037177 -5.456690
-0.788330 -0.918823 -4.000000 -1.629104 -1.064234 -5.472592
-0.776123 -0.910522 -4.000000 -1.698170 -1.114075 -5.516737
-0.784912 -0.918701 -4.000000 -1.748011 -1.154898 -5.538098
-0.785034 -0.920288 -4.000000 -1.777204 -1.156322 -5.565392
-0.779419 -0.921753 -4.000000 -1.763438 -1.144930 -5.569190
-0.789429 -0.909302 -4.000000 -1.730685 -1.133775 -5.590788
-0.785278 -0.916504 -4.000000 -1.676809 -1.097936 -5.591025
-0.788818 -0.922241 -4.000000 -1.592316 -1.064708 -5.577971
-0.781616 -0.918457 -4.000000 -1.517791 -1.032905 -5.534538
-0.783813 -0.921265 -4.000000 -1.417871 -0.991845 -5.518399
-0.787964 -0.917236 -4.000000 -1.325308 -0.944140 -5.497750
-0.786499 -0.919800 -4.000000 -1.272144 -0.907115 -5.503209
-0.781738 -0.919922 -4.000000 -1.264549 -0.887890 -5.521010
-0.780884 -0.923950 -4.000000 -1.312254 -0.918270 -5.549728
-0.788330 -0.914551 -4.000000 -1.371590 -1.002763 -5.584617
-0.784912 -0.916016 -4.000000 -1.388915 -1.129977 -5.631847
-0.796265 -0.914429 -4.000000 -1.369453 -1.240340 -5.660566
-0.779663 -0.921753 -4.000000 -1.295403 -1.295878 -5.656294
-0.780273 -0.923340 -4.000000 -1.184565 -1.310118 -5.647512
-0.784790 -0.920898 -4.000000 -1.061860 -1.275704 -5.634221
-0.787720 -0.927979 -4.000000 -0.952921 -1.240815 -5.620930
-0.780640 -0.913086 -4.000000 -0.861071 -1.225863 -5.610250
-0.785156 -0.914551 -4.000000 -0.790818 -1.225863 -5.612386
-0.788696 -0.917725 -4.000000 -0.734806 -1.269533 -5.622828
-0.785034 -0.921753 -4.000000 -0.712733 -1.330767 -5.636357
-0.782837 -0.919922 -4.000000 -0.717242 -1.373726 -5.632085
-0.788086 -0.921021 -4.000000 -0.703477 -1.393425 -5.626626
-0.785278 -0.923218 -4.000000 -0.661705 -1.419295 -5.624015
-0.793579 -0.915527 -4.000000 -0.599996 -1.444690 -5.610250
-0.786499 -0.919800 -4.000000 -0.528557 -1.489548 -5.599569
-0.777954 -0.919556 -4.000000 -0.428399 -1.510908 -5.584380
-0.784180 -0.919189 -4.000000 -0.301422 -1.501415 -5.557560
-0.784058 -0.921997 -4.000000 -0.172784 -1.489548 -5.537149
-0.781006 -0.908691 -4.000000 -0.067642 -1.474595 -5.509855
-0.782349 -0.927124 -4.000000 -0.022785 -1.482427 -5.504158
-0.782349 -0.919067 -4.000000 -0.002136 -1.458931 -5.496089
-0.784546 -0.915649 -4.000000 0.035601 -1.422143 -5.487308
-0.782959 -0.919678 -4.000000 0.053639 -1.416447 -5.466184
-0.779907 -0.919189 -4.000000 0.057674 -1.433773 -5.465947
-0.780273 -0.925903 -4.000000 0.082832 -1.498092 -5.465947
-0.777466 -0.923706 -4.000000 0.140505 -1.577363 -5.452656
-0.780029 -0.919189 -4.000000 0.232119 -1.640971 -5.466896
-0.788818 -0.922852 -4.000000 0.327292 -1.678233 -5.493953
-0.786499 -0.917480 -4.000000 0.402766 -1.709799 -5.562544
-0.786743 -0.920288 -4.000000 0.412023 -1.743976 -5.624727
-0.784302 -0.913940 -4.000000 0.311628 -1.787884 -5.683588
-0.790039 -0.914429 -4.000000 0.121281 -1.839625 -5.722986
-0.787598 -0.918945 -4.000000 0.005934 -1.876650 -5.710170
-0.787354 -0.917358 -4.000000 -0.076424 -1.832267 -5.745296
-0.792114 -0.916016 -4.000000 -0.061946 -1.801887 -5.728920
-0.783936 -0.915894 -4.000000 0.005459 -1.780527 -5.698540
-0.788574 -0.916382 -4.000000 0.049367 -1.787410 -5.653920
-0.786743 -0.913086 -4.000000 0.077610 -1.827520 -5.595534
-0.792358 -0.915405 -4.000000 0.155221 -1.880210 -5.559696
-0.787598 -0.919312 -4.000000 0.240900 -1.905131 -5.562307
-0.787598 -0.919189 -4.000000 0.307830 -1.885669 -5.568715
-0.784668 -0.919434 -4.000000 0.339397 -1.814704 -5.567528
-0.786621 -0.916016 -4.000000 0.348416 -1.706477 -5.568715
-0.786621 -0.915894 -4.000000 0.339397 -1.596351 -5.576547
-0.788452 -0.927612 -4.000000 0.333226 -1.484326 -5.567528
-0.784302 -0.926147 -4.000000 0.289318 -1.397934 -5.563019
-0.780518 -0.918335 -4.000000 0.242799 -1.369691 -5.595297
-0.792847 -0.915161 -4.000000 0.185125 -1.401969 -5.621167
-0.783936 -0.914795 -4.000000 0.079509 -1.496193 -5.661278
-0.784668 -0.915283 -4.000000 -0.012816 -1.578313 -5.684300
-0.786133 -0.923950 -4.000000 -0.063133 -1.601810 -5.709220
-0.786865 -0.923340 -4.000000 -0.077136 -1.571667 -5.724648
-0.783081 -0.918945 -4.000000 -0.060759 -1.472222 -5.723461
-0.785645 -0.921875 -4.000000 -0.018513 -1.335514 -5.707797
-0.785278 -0.914063 -4.000000 0.042247 -1.198806 -5.684300
-0.779419 -0.919434 -4.000000 0.071677 -1.130689 -5.677892
-0.787720 -0.906738 -4.000000 0.056724 -1.087018 -5.677417
-0.784546 -0.913330 -4.000000 0.001899 -1.077288 -5.691895
-0.786499 -0.920166 -4.000000 -0.051028 -1.106718 -5.716815
-0.780151 -0.917236 -4.000000 -0.104904 -1.130689 -5.736040
-0.785889 -0.919434 -4.000000 -0.184651 -1.192635 -5.747195
-0.786743 -0.917969 -4.000000 -0.242324 -1.233695 -5.768556
-0.783569 -0.916870 -4.000000 -0.276027 -1.234644 -5.776863
