-0.777588 -0.915405 -4.000000 -0.478003 -1.500940 -5.714917
-0.782837 -0.921021 -4.000000 -0.429111 -1.452760 -5.692132
-0.788330 -0.918945 -4.000000 -0.335599 -1.359248 -5.693556
-0.779297 -0.918091 -4.000000 -0.207910 -1.242951 -5.674094
-0.789551 -0.915771 -4.000000 -0.121044 -1.175309 -5.657718
-0.782104 -0.918335 -4.000000 -0.101107 -1.167240 -5.653920
-0.779541 -0.917480 -4.000000 -0.133860 -1.223489 -5.671009
-0.784668 -0.923462 -4.000000 -0.198654 -1.293030 -5.695455
-0.783813 -0.918335 -4.000000 -0.275315 -1.345245 -5.710882
-0.788208 -0.915039 -4.000000 -0.342245 -1.392238 -5.727496
-0.779541 -0.916504 -4.000000 -0.406801 -1.414311 -5.730581
-0.787109 -0.917114 -4.000000 -0.440029 -1.379422 -5.703762
-0.786499 -0.918457 -4.000000 -0.422466 -1.297302 -5.679790
-0.785889 -0.917725 -4.000000 -0.359096 -1.182429 -5.636594
-0.780884 -0.919556 -4.000000 -0.283622 -1.101971 -5.622117
-0.784180 -0.918945 -4.000000 -0.247309 -1.093901 -5.616658
-0.785034 -0.921021 -4.000000 -0.231644 -1.170088 -5.619268
-0.776855 -0.919678 -4.000000 -0.196992 -1.273093 -5.617370
-0.786255 -0.921753 -4.000000 -0.133623 -1.338837 -5.589127
-0.785034 -0.915405 -4.000000 -0.032278 -1.366368 -5.544981
-0.783569 -0.916870 -4.000000 0.085680 -1.374912 -5.487782
-0.788330 -0.913330 -4.000000 0.199841 -1.356162 -5.441738
-0.785278 -0.917236 -4.000000 0.313527 -1.355688 -5.409223
-0.784424 -0.919434 -4.000000 0.424839 -1.355213 -5.374096
-0.781372 -0.922241 -4.000000 0.528082 -1.339549 -5.324017
-0.785156 -0.920410 -4.000000 0.624205 -1.331242 -5.294587
-0.790283 -0.920410 -4.000000 0.751182 -1.401969 -5.253765
-0.779907 -0.912964 -4.000000 0.900469 -1.505212 -5.232167
-0.793091 -0.918457 -4.000000 1.000389 -1.579500 -5.206771
-0.783569 -0.921997 -4.000000 1.081797 -1.637885 -5.227657
-0.785889 -0.916504 -4.000000 1.157983 -1.646192 -5.245220
-0.785767 -0.920776 -4.000000 1.146828 -1.644768 -5.264682
-0.787720 -0.921143 -4.000000 1.043823 -1.662806 -5.281059
-0.781250 -0.922363 -4.000000 0.914709 -1.691524 -5.342767
-0.787964 -0.917114 -4.000000 0.784884 -1.738755 -5.423937
-0.786255 -0.924316 -4.000000 0.621594 -1.846745 -5.513177
-0.781982 -0.913818 -4.000000 0.489396 -1.881871 -5.590075
-0.781372 -0.922485 -4.000000 0.383542 -1.889466 -5.605503
-0.784058 -0.912720 -4.000000 0.298811 -1.938121 -5.601231
-0.787720 -0.918091 -4.000000 0.328479 -1.854577 -5.553288
-0.782593 -0.917603 -4.000000 0.412497 -1.674198 -5.529791
-0.784180 -0.916748 -4.000000 0.499839 -1.474833 -5.528367
-0.781616 -0.920044 -4.000000 0.503636 -1.354976 -5.529079
-0.784058 -0.916016 -4.000000 0.405852 -1.329343 -5.551627
-0.787720 -0.922241 -4.000000 0.230695 -1.383219 -5.582718
-0.782104 -0.918457 -4.000000 0.049604 -1.500465 -5.644664
-0.787598 -0.922241 -4.000000 -0.107752 -1.534168 -5.693081
-0.784668 -0.924927 -4.000000 -0.247546 -1.571193 -5.740312
-0.782104 -0.919189 -4.000000 -0.405852 -1.637173 -5.774489
-0.788574 -0.919556 -4.000000 -0.574601 -1.683929 -5.793951
-0.786377 -0.921509 -4.000000 -0.737654 -1.699594 -5.822195
-0.782959 -0.915771 -4.000000 -0.874836 -1.675860 -5.833350
-0.780762 -0.919556 -4.000000 -0.951972 -1.627205 -5.846878
-0.784180 -0.919922 -4.000000 -1.021987 -1.540813 -5.823144
-0.779541 -0.919067 -4.000000 -1.055690 -1.487886 -5.791103
-0.782837 -0.920166 -4.000000 -1.068506 -1.422855 -5.775676
-0.783936 -0.923096 -4.000000 -1.106243 -1.368741 -5.767844
-0.788086 -0.920654 -4.000000 -1.162730 -1.374912 -5.747670
-0.788452 -0.916870 -4.000000 -1.259802 -1.415497 -5.751705
-0.790771 -0.921997 -4.000000 -1.360435 -1.456320 -5.759299
-0.787354 -0.911621 -4.000000 -1.452285 -1.497617 -5.766657
-0.782593 -0.922363 -4.000000 -1.526810 -1.517316 -5.776151
-0.786133 -0.916626 -4.000000 -1.599674 -1.482427 -5.751942
-0.783813 -0.920776 -4.000000 -1.648328 -1.432349 -5.732480
-0.787964 -0.919556 -4.000000 -1.630528 -1.348093 -5.697828
-0.790161 -0.919312 -4.000000 -1.567158 -1.256005 -5.681214
-0.785767 -0.920410 -4.000000 -1.507823 -1.204739 -5.668635
-0.787964 -0.918579 -4.000000 -1.479105 -1.218980 -5.668398
-0.787476 -0.920410 -4.000000 -1.508535 -1.283062 -5.673145
-0.784180 -0.912598 -4.000000 -1.594927 -1.343583 -5.671246
-0.783325 -0.926392 -4.000000 -1.682268 -1.381320 -5.669110
-0.780518 -0.912109 -4.000000 -1.784799 -1.390339 -5.674569
-0.785522 -0.918457 -4.000000 -1.899434 -1.400070 -5.675756
-0.785278 -0.917236 -4.000000 -2.007424 -1.363045 -5.654395
-0.788086 -0.917358 -4.000000 -2.008136 -1.284486 -5.618556
-0.783813 -0.920532 -4.000000 -1.942630 -1.194771 -5.558272
-0.788208 -0.916626 -4.000000 -1.821824 -1.081797 -5.492054
-0.791138 -0.916016 -4.000000 -1.667078 -0.955532 -5.438653
-0.784180 -0.926270 -4.000000 -1.512807 -0.841371 -5.418716
-0.785278 -0.916870 -4.000000 -1.374675 -0.784172 -5.436991
-0.787354 -0.919189 -4.000000 -1.289944 -0.822384 -5.495615
-0.788452 -0.924072 -4.000000 -1.242476 -0.982589 -5.578209
-0.782227 -0.925659 -4.000000 -1.229185 -1.195720 -5.636594
-0.781128 -0.922241 -4.000000 -1.235831 -1.301811 -5.652021
-0.790161 -0.922852 -4.000000 -1.226575 -1.310830 -5.654632
-0.786377 -0.922485 -4.000000 -1.195720 -1.275467 -5.644664
-0.779419 -0.918823 -4.000000 -1.138284 -1.222540 -5.629237
-0.777710 -0.923828 -4.000000 -1.078712 -1.202841 -5.641816
-0.779419 -0.915649 -4.000000 -1.002051 -1.188363 -5.649411
-0.789917 -0.921997 -4.000000 -0.912099 -1.187651 -5.661278
-0.788696 -0.915894 -4.000000 -0.837337 -1.209011 -5.654158
-0.782349 -0.917480 -4.000000 -0.755454 -1.206401 -5.643477
-0.787476 -0.919556 -4.000000 -0.690660 -1.173173 -5.624490
-0.785400 -0.923584 -4.000000 -0.648176 -1.133300 -5.617845
-0.787964 -0.926514 -4.000000 -0.634411 -1.141132 -5.613098
-0.783447 -0.920898 -4.000000 -0.646040 -1.201891 -5.620693
-0.782593 -0.915161 -4.000000 -0.632749 -1.286859 -5.633272
-0.786499 -0.918701 -4.000000 -0.580772 -1.399596 -5.626863
-0.795776 -0.918213 -4.000000 -0.470171 -1.486462 -5.611911
-0.787842 -0.916870 -4.000000 -0.314951 -1.527997 -5.586515
-0.781860 -0.916748 -4.000000 -0.173970 -1.533693 -5.544507
-0.781494 -0.922607 -4.000000 -0.030380 -1.485038 -5.493241
-0.787842 -0.916870 -4.000000 0.068354 -1.438757 -5.460013
-0.778198 -0.913696 -4.000000 0.103243 -1.418820 -5.425124
-0.779053 -0.920776 -4.000000 0.116534 -1.376574 -5.402577
-0.778564 -0.923828 -4.000000 0.110126 -1.316052 -5.404001
-0.786133 -0.923096 -4.000000 0.088053 -1.270957 -5.408510
-0.787109 -0.911499 -4.000000 0.064557 -1.258615 -5.428210
-0.784668 -0.916870 -4.000000 0.042009 -1.278077 -5.435804
-0.779175 -0.920898 -4.000000 0.072151 -1.317239 -5.432482
-0.785889 -0.914673 -4.000000 0.125790 -1.337650 -5.404713
-0.778809 -0.918091 -4.000000 0.196280 -1.326970 -5.382403
-0.788086 -0.919556 -4.000000 0.222151 -1.313679 -5.390472
-0.784668 -0.920898 -4.000000 0.167088 -1.317239 -5.424650
-0.788208 -0.913818 -4.000000 0.051740 -1.311542 -5.473542
-0.784912 -0.917358 -4.000000 -0.093512 -1.326020 -5.540472
-0.785522 -0.915039 -4.000000 -0.259888 -1.395561 -5.620455
-0.787842 -0.922729 -4.000000 -0.410836 -1.546747 -5.659379
-0.776611 -0.910522 -4.000000 -0.542797 -1.694847 -5.671009
-0.785767 -0.920410 -4.000000 -0.576025 -1.802837 -5.671721
-0.777466 -0.918823 -4.000000 -0.553952 -1.859324 -5.670297
-0.779907 -0.917725 -4.000000 -0.474918 -1.816128 -5.626626
-0.783081 -0.929199 -4.000000 -0.348178 -1.667078 -5.519823
-0.787231 -0.919067 -4.000000 -0.145252 -1.409564 -5.368400
-0.776001 -0.915527 -4.000000 0.103718 -1.167002 -5.231454
-0.785034 -0.913940 -4.000000 0.324919 -1.017003 -5.138180
-0.785278 -0.914551 -4.000000 0.422703 -0.972858 -5.104952
-0.782471 -0.918945 -4.000000 0.385678 -1.091528 -5.135094
-0.790039 -0.917114 -4.000000 0.291691 -1.321273 -5.199651
-0.784912 -0.917725 -4.000000 0.221438 -1.554342 -5.307404
-0.781616 -0.913452 -4.000000 0.136471 -1.735907 -5.432957
-0.798218 -0.920532 -4.000000 0.063133 -1.864071 -5.531215
-0.786377 -0.916870 -4.000000 -0.081170 -1.847457 -5.585566
-0.785156 -0.908936 -4.000000 -0.258701 -1.912013 -5.651784
-0.780396 -0.916382 -4.000000 -0.348653 -1.871191 -5.666737
-0.788330 -0.919434 -4.000000 -0.337261 -1.849355 -5.699015
-0.780396 -0.915283 -4.000000 -0.290267 -1.822536 -5.715629
-0.789063 -0.918457 -4.000000 -0.219540 -1.770321 -5.723936
-0.787964 -0.918945 -4.000000 -0.150474 -1.724989 -5.702575
-0.782349 -0.914917 -4.000000 -0.092088 -1.641445 -5.671958
-0.787354 -0.916992 -4.000000 -0.069303 -1.565971 -5.647987
-0.783813 -0.916748 -4.000000 -0.050553 -1.485750 -5.623303
-0.783691 -0.917358 -4.000000 -0.065031 -1.423804 -5.595772
-0.786377 -0.916992 -4.000000 -0.082594 -1.379896 -5.591025
-0.784668 -0.919067 -4.000000 -0.107752 -1.350229 -5.612386
-0.785278 -0.918335 -4.000000 -0.157594 -1.371352 -5.661040
-0.783203 -0.914551 -4.000000 -0.191059 -1.422143 -5.694031
-0.786621 -0.917358 -4.000000 -0.178717 -1.443029 -5.726072
-0.783447 -0.923218 -4.000000 -0.199128 -1.483614 -5.753129
-0.783203 -0.924316 -4.000000 -0.203638 -1.512332 -5.767606
