-0.786011 -0.912842 -4.000000 -0.340583 -1.445402 -5.888412
-0.781372 -0.916138 -4.000000 -0.328479 -1.404342 -5.890786
-0.792480 -0.916504 -4.000000 -0.320884 -1.382745 -5.887938
-0.791260 -0.915649 -4.000000 -0.323020 -1.380371 -5.891023
-0.782715 -0.916992 -4.000000 -0.331802 -1.392950 -5.886989
-0.778809 -0.915527 -4.000000 -0.338685 -1.393425 -5.883903
-0.776001 -0.917358 -4.000000 -0.337498 -1.394849 -5.866103
-0.784058 -0.914917 -4.000000 -0.336074 -1.397934 -5.860644
-0.788208 -0.916382 -4.000000 -0.321596 -1.408140 -5.855422
-0.792725 -0.916260 -4.000000 -0.316137 -1.399833 -5.844504
-0.783813 -0.917114 -4.000000 -0.323020 -1.396036 -5.839995
-0.780396 -0.917725 -4.000000 -0.325631 -1.380134 -5.845217
-0.789917 -0.913574 -4.000000 -0.338447 -1.355688 -5.848777
-0.781006 -0.917114 -4.000000 -0.352925 -1.343109 -5.851388
-0.782104 -0.916504 -4.000000 -0.359571 -1.346431 -5.859931
-0.774170 -0.922974 -4.000000 -0.371438 -1.359722 -5.860881
-0.780151 -0.920776 -4.000000 -0.376184 -1.373726 -5.865628
-0.791992 -0.919800 -4.000000 -0.386390 -1.380134 -5.869425
-0.781494 -0.915161 -4.000000 -0.389001 -1.385830 -5.869900
-0.786743 -0.906372 -4.000000 -0.398020 -1.389153 -5.869188
-0.786499 -0.923096 -4.000000 -0.404903 -1.388678 -5.860881
-0.784668 -0.912231 -4.000000 -0.405377 -1.382033 -5.854948
-0.785400 -0.926025 -4.000000 -0.406327 -1.378947 -5.846166
-0.790894 -0.927368 -4.000000 -0.398732 -1.374675 -5.842843
-0.784180 -0.911865 -4.000000 -0.397070 -1.360909 -5.844504
-0.781982 -0.913696 -4.000000 -0.386627 -1.346906 -5.849489
-0.782471 -0.916626 -4.000000 -0.365979 -1.323884 -5.847590
-0.775146 -0.917603 -4.000000 -0.361944 -1.307982 -5.846166
-0.780151 -0.922729 -4.000000 -0.354824 -1.313441 -5.851624
-0.786987 -0.918091 -4.000000 -0.342482 -1.331716 -5.858982
-0.785156 -0.918701 -4.000000 -0.338210 -1.359722 -5.853049
-0.786743 -0.911987 -4.000000 -0.306406 -1.388915 -5.844742
-0.785034 -0.918213 -4.000000 -0.213606 -1.396036 -5.811751
-0.784302 -0.925049 -4.000000 -0.061708 -1.367555 -5.780660
-0.787842 -0.918701 -4.000000 0.091851 -1.308220 -5.745296
-0.783203 -0.911621 -4.000000 0.197704 -1.263837 -5.718239
-0.789551 -0.919800 -4.000000 0.233068 -1.283536 -5.706847
-0.783081 -0.918701 -4.000000 0.212657 -1.354738 -5.729157
-0.791870 -0.914917 -4.000000 0.175869 -1.495244 -5.748857
-0.786499 -0.915771 -4.000000 0.167325 -1.643344 -5.768556
-0.788696 -0.919800 -4.000000 0.204825 -1.741840 -5.779473
-0.786621 -0.912476 -4.000000 0.267245 -1.773169 -5.772116
-0.779541 -0.911621 -4.000000 0.328242 -1.751334 -5.754552
-0.788208 -0.919800 -4.000000 0.391611 -1.705765 -5.731768
-0.785767 -0.917358 -4.000000 0.433858 -1.659009 -5.726309
-0.785645 -0.916748 -4.000000 0.427450 -1.611303 -5.714205
-0.781006 -0.911743 -4.000000 0.401817 -1.579500 -5.703287
-0.784546 -0.911377 -4.000000 0.370488 -1.566208 -5.708271
-0.783081 -0.919556 -4.000000 0.328004 -1.577363 -5.723698
-0.788330 -0.911621 -4.000000 0.305220 -1.605370 -5.727971
-0.785400 -0.912231 -4.000000 0.303084 -1.637648 -5.728683
-0.787842 -0.921265 -4.000000 0.314713 -1.649515 -5.727971
-0.785278 -0.913330 -4.000000 0.319460 -1.629578 -5.737701
-0.788696 -0.916626 -4.000000 0.292641 -1.584009 -5.741499
-0.784546 -0.917725 -4.000000 0.248970 -1.536778 -5.750518
-0.786499 -0.912354 -4.000000 0.214556 -1.504975 -5.756214
-0.789185 -0.922363 -4.000000 0.193195 -1.480291 -5.762859
-0.785889 -0.916504 -4.000000 0.189398 -1.464152 -5.769030
-0.777954 -0.924683 -4.000000 0.188211 -1.466051 -5.776863
-0.784546 -0.922974 -4.000000 0.183227 -1.471035 -5.783033
-0.787720 -0.914551 -4.000000 0.160917 -1.477681 -5.790391
-0.787598 -0.915894 -4.000000 0.121044 -1.474833 -5.793714
-0.790527 -0.914185 -4.000000 0.056250 -1.474358 -5.815074
-0.781616 -0.913696 -4.000000 -0.012104 -1.468899 -5.822669
-0.786377 -0.921387 -4.000000 -0.056487 -1.464390 -5.832400
-0.784424 -0.914917 -4.000000 -0.077848 -1.463440 -5.839995
-0.781372 -0.912354 -4.000000 -0.070253 -1.475070 -5.832875
-0.785034 -0.921997 -4.000000 -0.060047 -1.477443 -5.835485
-0.788940 -0.911133 -4.000000 -0.064794 -1.454659 -5.832400
-0.780029 -0.917236 -4.000000 -0.092325 -1.409089 -5.832400
-0.786011 -0.912598 -4.000000 -0.146439 -1.372539 -5.832400
-0.785767 -0.913940 -4.000000 -0.220252 -1.353314 -5.847353
-0.791870 -0.914429 -4.000000 -0.302846 -1.362571 -5.872510
-0.796997 -0.918335 -4.000000 -0.373099 -1.394611 -5.914282
-0.784302 -0.917725 -4.000000 -0.425551 -1.434485 -5.932795
-0.782471 -0.920898 -4.000000 -0.438368 -1.467238 -5.940390
-0.785767 -0.918579 -4.000000 -0.448336 -1.488598 -5.937779
-0.793213 -0.908813 -4.000000 -0.454032 -1.482190 -5.933744
-0.787964 -0.920288 -4.000000 -0.452845 -1.453472 -5.923539
-0.784180 -0.918579 -4.000000 -0.450947 -1.419532 -5.910722
-0.784912 -0.920410 -4.000000 -0.475630 -1.399358 -5.900280
-0.784668 -0.916504 -4.000000 -0.511231 -1.394137 -5.891735
-0.784912 -0.917114 -4.000000 -0.557275 -1.401257 -5.896719
-0.784424 -0.923096 -4.000000 -0.604031 -1.421194 -5.911909
-0.781006 -0.918457 -4.000000 -0.657907 -1.440418 -5.914757
-0.778198 -0.917847 -4.000000 -0.701341 -1.463678 -5.917605
-0.787720 -0.920410 -4.000000 -0.735043 -1.453947 -5.918080
-0.785034 -0.918945 -4.000000 -0.759489 -1.423567 -5.910248
-0.786621 -0.920898 -4.000000 -0.778713 -1.383219 -5.886276
-0.790161 -0.912231 -4.000000 -0.794378 -1.347618 -5.865865
-0.786987 -0.919189 -4.000000 -0.837811 -1.324834 -5.853049
-0.786499 -0.916504 -4.000000 -0.885042 -1.325071 -5.850913
-0.783813 -0.917603 -4.000000 -0.937969 -1.330530 -5.839046
-0.786865 -0.918945 -4.000000 -0.993269 -1.345719 -5.820770
-0.783203 -0.910278 -4.000000 -1.047857 -1.367792 -5.815311
-0.780273 -0.914429 -4.000000 -1.105294 -1.376811 -5.806056
-0.783569 -0.916382 -4.000000 -1.154898 -1.385355 -5.800834
-0.785767 -0.922485 -4.000000 -1.193584 -1.358773 -5.795375
-0.785156 -0.912598 -4.000000 -1.210910 -1.317001 -5.782559
-0.783813 -0.918457 -4.000000 -1.197619 -1.264312 -5.751230
-0.785889 -0.918335 -4.000000 -1.168901 -1.222302 -5.732955
-0.786987 -0.913452 -4.000000 -1.144455 -1.172698 -5.732717
-0.784912 -0.918701 -4.000000 -1.142319 -1.149202 -5.732480
-0.788818 -0.917847 -4.000000 -1.162730 -1.138284 -5.746720
-0.786621 -0.915039 -4.000000 -1.211385 -1.133775 -5.775201
-0.779663 -0.920654 -4.000000 -1.263125 -1.159407 -5.803682
-0.781128 -0.923340 -4.000000 -1.317713 -1.194534 -5.849014
-0.789795 -0.915405 -4.000000 -1.353789 -1.239391 -5.871087
-0.787109 -0.922485 -4.000000 -1.359485 -1.289470 -5.887701
-0.787354 -0.914185 -4.000000 -1.340023 -1.317001 -5.885090
-0.780396 -0.917114 -4.000000 -1.301337 -1.318425 -5.877732
-0.782593 -0.924561 -4.000000 -1.255530 -1.289944 -5.865628
-0.781250 -0.915894 -4.000000 -1.225388 -1.243426 -5.858982
-0.782715 -0.920654 -4.000000 -1.201416 -1.198568 -5.856609
-0.782715 -0.919678 -4.000000 -1.188363 -1.158458 -5.844504
-0.788452 -0.916748 -4.000000 -1.151812 -1.135673 -5.830739
-0.786377 -0.911377 -4.000000 -1.102920 -1.136860 -5.821957
-0.784424 -0.917969 -4.000000 -1.058538 -1.162493 -5.811751
-0.782349 -0.921509 -4.000000 -1.036940 -1.189550 -5.817210
-0.783936 -0.911499 -4.000000 -1.026971 -1.211859 -5.820770
-0.782959 -0.914795 -4.000000 -1.026971 -1.226337 -5.829077
-0.781250 -0.922363 -4.000000 -1.009646 -1.257903 -5.856609
-0.782593 -0.913330 -4.000000 -0.987098 -1.287096 -5.854473
-0.787964 -0.916992 -4.000000 -0.949124 -1.336463 -5.854710
-0.785889 -0.916626 -4.000000 -0.907352 -1.366368 -5.850676
-0.788086 -0.916138 -4.000000 -0.861308 -1.338837 -5.847590
-0.786987 -0.916504 -4.000000 -0.828792 -1.277128 -5.848302
-0.787231 -0.911377 -4.000000 -0.810754 -1.224439 -5.836910
-0.781616 -0.918213 -4.000000 -0.799125 -1.202841 -5.827178
-0.778931 -0.911377 -4.000000 -0.806008 -1.207587 -5.838571
-0.786255 -0.913940 -4.000000 -0.804109 -1.235119 -5.851150
-0.785645 -0.913330 -4.000000 -0.787732 -1.282112 -5.870137
-0.782227 -0.923828 -4.000000 -0.754505 -1.315340 -5.874172
-0.784668 -0.916260 -4.000000 -0.705138 -1.328394 -5.873697
-0.778809 -0.917603 -4.000000 -0.650312 -1.307982 -5.864678
-0.781616 -0.918823 -4.000000 -0.607354 -1.270957 -5.864678
-0.781616 -0.916260 -4.000000 -0.567955 -1.243188 -5.858982
-0.774536 -0.913696 -4.000000 -0.547544 -1.242714 -5.871087
-0.784302 -0.914795 -4.000000 -0.538762 -1.268584 -5.875596
-0.791504 -0.910522 -4.000000 -0.517639 -1.310356 -5.889836
-0.786377 -0.916138 -4.000000 -0.491294 -1.354738 -5.899330
-0.779297 -0.917847 -4.000000 -0.458304 -1.398884 -5.890074
-0.779541 -0.917847 -4.000000 -0.423415 -1.419295 -5.900280
-0.789307 -0.918457 -4.000000 -0.382593 -1.408615 -5.888175
-0.787109 -0.922485 -4.000000 -0.346754 -1.389627 -5.884140
-0.782227 -0.914185 -4.000000 -0.333700 -1.389865 -5.876545
-0.782104 -0.921387 -4.000000 -0.314001 -1.407665 -5.885327
-0.788818 -0.920898 -4.000000 -0.274128 -1.422380 -5.881767
-0.784912 -0.920532 -4.000000 -0.231881 -1.431874 -5.881055
-0.781128 -0.926392 -4.000000 -0.196280 -1.455371 -5.877732
