-0.786377 -0.918457 -4.000000 -0.178480 -1.259328 -5.729869
-0.784668 -0.918823 -4.000000 -0.198179 -1.295641 -5.685249
-0.785156 -0.919189 -4.000000 -0.203875 -1.285910 -5.679316
-0.780396 -0.913940 -4.000000 -0.208385 -1.268346 -5.704711
-0.786743 -0.911499 -4.000000 -0.220014 -1.274043 -5.713493
-0.787964 -0.912109 -4.000000 -0.265584 -1.304897 -5.718952
-0.787109 -0.917847 -4.000000 -0.310204 -1.328394 -5.724648
-0.781494 -0.917480 -4.000000 -0.368352 -1.344770 -5.723224
-0.786743 -0.920532 -4.000000 -0.433146 -1.381320 -5.748144
-0.783691 -0.921021 -4.000000 -0.459016 -1.326020 -5.737464
-0.782837 -0.913818 -4.000000 -0.472782 -1.235119 -5.723461
-0.778809 -0.922852 -4.000000 -0.516215 -1.183141 -5.727971
-0.784302 -0.915283 -4.000000 -0.528319 -1.156559 -5.720376
-0.790405 -0.924316 -4.000000 -0.478241 -1.150863 -5.754790
-0.788940 -0.916260 -4.000000 -0.400393 -1.171274 -5.763809
-0.787109 -0.910522 -4.000000 -0.355061 -1.158933 -5.802495
-0.780518 -0.909546 -4.000000 -0.335836 -1.078000 -5.819584
-0.784790 -0.923706 -4.000000 -0.341295 -1.031718 -5.792052
-0.785767 -0.921143 -4.000000 -0.373574 -1.054978 -5.757401
-0.790527 -0.914063 -4.000000 -0.339159 -1.157983 -5.750992
-0.792847 -0.928833 -4.000000 -0.328954 -1.262650 -5.735565
-0.787476 -0.914185 -4.000000 -0.317561 -1.401732 -5.702812
-0.790527 -0.917358 -4.000000 -0.211233 -1.551493 -5.661278
-0.785889 -0.914307 -4.000000 -0.053876 -1.680132 -5.571563
-0.778809 -0.914917 -4.000000 0.100870 -1.732109 -5.483273
-0.784546 -0.921021 -4.000000 0.324682 -1.664942 -5.380979
-0.795044 -0.922607 -4.000000 0.585044 -1.546272 -5.278211
-0.786499 -0.915283 -4.000000 0.815976 -1.450387 -5.191581
-0.785034 -0.918945 -4.000000 0.986624 -1.284011 -5.157879
-0.792725 -0.920044 -4.000000 1.014630 -1.177208 -5.180427
-0.785889 -0.923096 -4.000000 0.925152 -1.193822 -5.237863
-0.788208 -0.912720 -4.000000 0.759014 -1.342397 -5.331375
-0.787476 -0.913696 -4.000000 0.593113 -1.558614 -5.447671
-0.789795 -0.918701 -4.000000 0.462576 -1.711223 -5.506295
-0.787354 -0.916138 -4.000000 0.353400 -1.819688 -5.548541
-0.786865 -0.917114 -4.000000 0.350077 -1.797615 -5.560883
-0.784668 -0.925903 -4.000000 0.475155 -1.657585 -5.554000
-0.783081 -0.912476 -4.000000 0.619221 -1.535592 -5.549490
-0.781250 -0.914551 -4.000000 0.680217 -1.497855 -5.529316
-0.783325 -0.918213 -4.000000 0.709173 -1.497617 -5.498462
-0.788086 -0.920044 -4.000000 0.699205 -1.536304 -5.495615
-0.781738 -0.914673 -4.000000 0.628240 -1.560275 -5.531215
-0.791626 -0.929443 -4.000000 0.529032 -1.605844 -5.592449
-0.780273 -0.914551 -4.000000 0.424839 -1.673724 -5.646800
-0.779175 -0.917236 -4.000000 0.314476 -1.667315 -5.694268
-0.784058 -0.921265 -4.000000 0.212894 -1.602522 -5.725360
-0.783569 -0.921021 -4.000000 0.127926 -1.513282 -5.748144
-0.783569 -0.915649 -4.000000 0.036313 -1.442080 -5.775438
-0.788208 -0.915283 -4.000000 -0.134572 -1.466051 -5.821483
-0.785767 -0.923340 -4.000000 -0.290505 -1.501415 -5.853998
-0.788696 -0.918579 -4.000000 -0.431247 -1.492870 -5.862305
-0.781738 -0.917236 -4.000000 -0.577924 -1.564547 -5.874884
-0.781860 -0.914063 -4.000000 -0.686388 -1.651888 -5.881530
-0.783691 -0.917236 -4.000000 -0.765422 -1.684879 -5.855897
-0.789917 -0.921265 -4.000000 -0.834014 -1.656398 -5.824331
-0.786133 -0.912842 -4.000000 -0.865580 -1.613439 -5.801071
-0.783813 -0.920044 -4.000000 -0.901656 -1.574278 -5.777812
-0.789551 -0.915161 -4.000000 -0.969060 -1.531557 -5.731531
-0.782593 -0.917603 -4.000000 -1.028870 -1.488598 -5.691895
-0.786865 -0.915161 -4.000000 -1.083696 -1.438757 -5.679553
-0.784546 -0.916382 -4.000000 -1.181243 -1.420482 -5.697353
-0.784912 -0.920410 -4.000000 -1.328631 -1.444928 -5.728445
-0.783691 -0.921021 -4.000000 -1.472934 -1.500228 -5.760961
-0.787354 -0.912964 -4.000000 -1.578788 -1.535829 -5.786119
-0.781372 -0.924316 -4.000000 -1.618186 -1.570243 -5.770217
-0.784302 -0.920166 -4.000000 -1.635037 -1.599199 -5.765707
-0.784302 -0.921753 -4.000000 -1.675622 -1.626493 -5.772828
-0.790161 -0.920898 -4.000000 -1.741603 -1.649278 -5.768793
-0.781494 -0.914429 -4.000000 -1.829656 -1.666129 -5.796324
-0.786499 -0.912598 -4.000000 -1.920558 -1.635749 -5.795850
-0.787354 -0.921021 -4.000000 -1.909165 -1.573329 -5.805106
-0.786377 -0.918091 -4.000000 -1.867868 -1.564310 -5.812701
-0.777344 -0.920166 -4.000000 -1.787410 -1.561936 -5.791103
-0.785400 -0.919556 -4.000000 -1.661145 -1.471035 -5.711831
-0.789307 -0.918091 -4.000000 -1.481478 -1.292318 -5.619268
-0.791138 -0.924683 -4.000000 -1.328631 -1.170562 -5.593399
-0.778198 -0.918945 -4.000000 -1.284011 -1.113126 -5.588414
-0.783325 -0.920044 -4.000000 -1.327919 -1.088680 -5.579633
-0.780884 -0.918457 -4.000000 -1.426890 -1.109566 -5.593161
-0.784912 -0.916138 -4.000000 -1.486462 -1.181717 -5.615234
-0.783325 -0.915649 -4.000000 -1.535592 -1.272381 -5.621405
-0.784790 -0.916504 -4.000000 -1.543661 -1.304422 -5.610487
-0.786743 -0.921265 -4.000000 -1.489073 -1.226100 -5.581769
-0.781982 -0.919067 -4.000000 -1.396273 -1.084882 -5.565629
-0.779053 -0.920532 -4.000000 -1.336938 -0.968111 -5.539285
-0.778687 -0.917847 -4.000000 -1.339786 -0.937494 -5.510567
-0.780396 -0.923462 -4.000000 -1.386542 -0.983538 -5.531690
-0.785522 -0.923462 -4.000000 -1.415972 -1.093901 -5.557086
-0.787476 -0.917358 -4.000000 -1.404817 -1.186464 -5.585566
-0.780762 -0.921021 -4.000000 -1.371827 -1.250546 -5.593161
-0.781738 -0.914429 -4.000000 -1.291131 -1.270245 -5.605266
-0.787354 -0.911743 -4.000000 -1.156322 -1.232983 -5.599807
-0.783325 -0.918457 -4.000000 -1.010358 -1.159882 -5.588889
-0.778687 -0.920044 -4.000000 -0.849678 -1.131164 -5.580107
-0.785156 -0.916992 -4.000000 -0.690423 -1.141369 -5.589839
-0.781738 -0.916382 -4.000000 -0.571515 -1.206401 -5.586990
-0.782593 -0.915771 -4.000000 -0.494617 -1.320087 -5.602417
-0.784302 -0.915649 -4.000000 -0.443826 -1.403156 -5.606927
-0.773560 -0.916626 -4.000000 -0.426026 -1.426890 -5.615946
-0.779297 -0.915894 -4.000000 -0.403953 -1.445402 -5.606689
-0.782104 -0.920898 -4.000000 -0.383542 -1.435909 -5.593399
-0.785034 -0.927246 -4.000000 -0.368589 -1.438994 -5.598145
-0.779297 -0.919922 -4.000000 -0.331564 -1.430687 -5.611911
-0.785889 -0.916992 -4.000000 -0.262024 -1.414785 -5.633746
-0.783936 -0.919434 -4.000000 -0.184651 -1.415023 -5.655107
-0.788940 -0.919067 -4.000000 -0.110363 -1.393425 -5.645613
-0.781616 -0.923950 -4.000000 -0.018987 -1.374438 -5.596959
-0.789551 -0.923462 -4.000000 0.114873 -1.346906 -5.541421
-0.787354 -0.921265 -4.000000 0.220014 -1.377286 -5.469982
-0.780518 -0.916992 -4.000000 0.279587 -1.480291 -5.432007
-0.776855 -0.918335 -4.000000 0.307830 -1.582348 -5.443874
-0.782471 -0.922363 -4.000000 0.342957 -1.659721 -5.463811
-0.778320 -0.922485 -4.000000 0.383305 -1.643582 -5.488731
-0.779907 -0.922852 -4.000000 0.426738 -1.534642 -5.486833
-0.786865 -0.920654 -4.000000 0.412023 -1.419770 -5.479001
-0.781616 -0.921265 -4.000000 0.392323 -1.311068 -5.470456
-0.793091 -0.917847 -4.000000 0.368115 -1.223964 -5.471168
-0.787964 -0.916748 -4.000000 0.328479 -1.225151 -5.461912
-0.786255 -0.921997 -4.000000 0.282910 -1.351416 -5.458589
-0.779419 -0.916626 -4.000000 0.237578 -1.511383 -5.425124
-0.783691 -0.922119 -4.000000 0.208385 -1.606082 -5.396881
-0.780518 -0.916504 -4.000000 0.225948 -1.577126 -5.366976
-0.787964 -0.923218 -4.000000 0.244223 -1.494294 -5.341818
-0.787720 -0.916992 -4.000000 0.213606 -1.419770 -5.339919
-0.784058 -0.923462 -4.000000 0.154509 -1.376811 -5.344429
-0.786011 -0.915771 -4.000000 0.087341 -1.314865 -5.347989
-0.785645 -0.915283 -4.000000 0.048892 -1.322697 -5.344429
-0.784302 -0.916260 -4.000000 0.151186 -1.272856 -5.331138
-0.785156 -0.921265 -4.000000 0.262498 -1.221590 -5.330663
-0.782837 -0.918701 -4.000000 0.329903 -1.198094 -5.344429
-0.788208 -0.918457 -4.000000 0.324682 -1.225863 -5.362941
-0.787720 -0.921631 -4.000000 0.271992 -1.271669 -5.411358
-0.782837 -0.916138 -4.000000 0.208859 -1.328156 -5.444586
-0.777344 -0.918823 -4.000000 0.146202 -1.361384 -5.491580
-0.792725 -0.917236 -4.000000 0.068117 -1.360672 -5.499412
-0.788818 -0.916992 -4.000000 -0.010443 -1.307033 -5.494665
-0.783813 -0.920654 -4.000000 -0.063370 -1.162018 -5.491580
-0.783691 -0.921509 -4.000000 -0.089952 -1.009408 -5.467608
-0.780151 -0.916138 -4.000000 -0.056012 -0.904741 -5.440077
-0.786987 -0.915283 -4.000000 -0.004035 -0.957193 -5.437229
-0.782715 -0.910522 -4.000000 0.017089 -1.077762 -5.438415
-0.781616 -0.919800 -4.000000 0.008782 -1.205926 -5.442688
-0.780151 -0.917603 -4.000000 -0.003085 -1.230847 -5.464760
-0.782715 -0.917725 -4.000000 0.006408 -1.188838 -5.492054
-0.787354 -0.916748 -4.000000 -0.086155 -1.178157 -5.579633
-0.788330 -0.918823 -4.000000 -0.214793 -1.163205 -6.116497
-0.786133 -0.915894 -4.000000 -0.981877 -2.083610 -6.308268
-0.785522 -0.915283 -4.000000 -1.236068 -2.226015 -6.043396
-0.783813 -0.913452 -4.000000 -0.911149 -1.650939 -5.877257
-0.782715 -0.925781 -4.000000 -0.670012 -1.440893 -5.773065
