-0.787476 -0.919678 -4.000000 -0.289555 -1.330530 -5.570139
-0.774902 -0.918823 -4.000000 -0.347704 -1.425703 -5.574174
-0.781494 -0.920410 -4.000000 -0.419380 -1.471747 -5.616895
-0.781250 -0.921997 -4.000000 -0.455693 -1.503788 -5.607401
-0.785645 -0.918823 -4.000000 -0.476579 -1.515180 -5.633034
-0.785767 -0.914307 -4.000000 -0.468510 -1.534405 -5.648224
-0.790161 -0.918945 -4.000000 -0.481801 -1.534880 -5.658192
-0.775879 -0.919800 -4.000000 -0.470171 -1.531319 -5.630661
-0.779907 -0.919800 -4.000000 -0.445013 -1.499753 -5.602655
-0.777100 -0.924194 -4.000000 -0.417244 -1.444216 -5.551864
-0.785156 -0.924683 -4.000000 -0.375710 -1.357824 -5.568241
-0.782471 -0.927002 -4.000000 -0.371912 -1.307745 -5.544032
-0.782837 -0.923584 -4.000000 -0.396596 -1.288283 -5.536674
-0.781982 -0.921753 -4.000000 -0.422703 -1.280213 -5.555187
-0.784912 -0.922607 -4.000000 -0.459965 -1.296353 -5.559221
-0.781860 -0.920044 -4.000000 -0.482513 -1.295166 -5.583905
-0.786987 -0.919312 -4.000000 -0.464238 -1.284011 -5.585804
-0.779419 -0.916016 -4.000000 -0.439317 -1.253157 -5.557323
-0.782959 -0.925293 -4.000000 -0.414159 -1.169613 -5.522908
-0.781250 -0.916260 -4.000000 -0.342482 -1.066133 -5.491105
-0.785645 -0.918945 -4.000000 -0.258226 -0.990658 -5.499175
-0.779053 -0.919434 -4.000000 -0.155695 -0.991608 -5.508668
-0.779053 -0.919678 -4.000000 -0.070965 -1.057351 -5.513889
-0.781860 -0.922119 -4.000000 -0.030380 -1.182904 -5.561120
-0.783325 -0.927368 -4.000000 -0.044145 -1.401732 -5.545218
-0.786255 -0.923340 -4.000000 -0.015190 -1.628629 -5.450282
-0.781860 -0.921387 -4.000000 0.119382 -1.746112 -5.244983
-0.786865 -0.916138 -4.000000 0.329903 -1.806634 -5.005744
-0.786743 -0.920044 -4.000000 0.497703 -1.791444 -4.821805
-0.784668 -0.917480 -4.000000 0.668350 -1.691524 -4.680588
-0.781250 -0.917480 -4.000000 0.809330 -1.505212 -4.622202
-0.784912 -0.920410 -4.000000 0.981402 -1.264549 -4.665873
-0.782837 -0.920654 -4.000000 1.075626 -1.168664 -4.775999
-0.791504 -0.919922 -4.000000 1.061386 -1.306084 -4.917928
-0.788330 -0.912598 -4.000000 0.952921 -1.511146 -5.078608
-0.779419 -0.924561 -4.000000 0.813128 -1.600148 -5.192768
-0.790039 -0.924072 -4.000000 0.829504 -1.539626 -5.282483
-0.786377 -0.917480 -4.000000 0.880295 -1.418346 -5.356058
-0.789551 -0.916016 -4.000000 0.898808 -1.341210 -5.405900
-0.787354 -0.918945 -4.000000 0.834014 -1.292555 -5.463336
-0.784424 -0.919556 -4.000000 0.689236 -1.476494 -5.572275
-0.785400 -0.916626 -4.000000 0.651499 -1.522775 -5.614285
-0.790527 -0.919312 -4.000000 0.578873 -1.518978 -5.666737
-0.781250 -0.916748 -4.000000 0.488921 -1.577601 -5.687860
-0.779785 -0.913208 -4.000000 0.394460 -1.671350 -5.691420
-0.785278 -0.919800 -4.000000 0.291454 -1.620322 -5.638731
-0.780884 -0.922607 -4.000000 0.289792 -1.520402 -5.620693
-0.783813 -0.920288 -4.000000 0.309492 -1.414548 -5.609538
-0.781128 -0.922974 -4.000000 0.265821 -1.315103 -5.646563
-0.785034 -0.919434 -4.000000 0.120569 -1.297302 -5.678604
-0.791016 -0.922729 -4.000000 -0.056250 -1.348330 -5.718239
-0.787476 -0.918701 -4.000000 -0.209571 -1.416921 -5.761673
-0.783936 -0.920776 -4.000000 -0.345805 -1.452048 -5.785882
-0.780396 -0.920166 -4.000000 -0.460203 -1.456320 -5.802258
-0.784546 -0.929932 -4.000000 -0.564633 -1.440893 -5.800597
-0.774170 -0.919189 -4.000000 -0.681167 -1.422380 -5.793714
-0.786255 -0.911621 -4.000000 -0.780138 -1.417634 -5.792764
-0.790405 -0.917236 -4.000000 -0.897858 -1.421906 -5.807005
-0.792847 -0.924805 -4.000000 -1.055215 -1.450861 -5.850201
-0.788696 -0.921753 -4.000000 -1.247460 -1.475545 -5.880343
-0.786621 -0.920898 -4.000000 -1.453709 -1.448725 -5.880580
-0.785034 -0.917603 -4.000000 -1.603708 -1.345245 -5.870849
-0.781128 -0.924683 -4.000000 -1.711461 -1.213521 -5.869900
-0.785034 -0.917725 -4.000000 -1.769135 -1.170325 -5.896245
-0.787354 -0.914185 -4.000000 -1.840099 -1.227761 -5.928523
-0.783203 -0.912354 -4.000000 -1.896111 -1.277128 -5.931134
-0.787842 -0.913208 -4.000000 -1.894213 -1.297302 -5.913808
-0.784790 -0.920898 -4.000000 -1.921507 -1.322935 -5.880343
-0.790039 -0.918701 -4.000000 -1.931001 -1.335514 -5.872036
-0.789795 -0.917114 -4.000000 -1.958769 -1.336226 -5.836910
-0.789795 -0.918213 -4.000000 -2.042076 -1.274992 -5.791103
-0.786255 -0.916992 -4.000000 -2.063911 -1.160119 -5.772591
-0.785400 -0.919556 -4.000000 -2.074117 -1.093901 -5.782084
-0.787720 -0.919189 -4.000000 -2.171664 -1.059724 -5.821483
-0.787842 -0.919800 -4.000000 -2.292944 -1.004424 -5.842369
-0.785034 -0.913208 -4.000000 -2.345634 -0.960991 -5.834774
-0.780518 -0.913452 -4.000000 -2.290097 -0.891450 -5.820296
-0.785400 -0.919800 -4.000000 -2.152676 -0.831403 -5.805343
-0.787476 -0.915527 -4.000000 -1.973959 -0.850865 -5.797749
-0.785522 -0.917358 -4.000000 -1.776967 -0.951497 -5.788492
-0.791748 -0.920288 -4.000000 -1.624832 -1.114550 -5.810802
-0.782959 -0.911133 -4.000000 -1.492396 -1.272144 -5.804631
-0.783691 -0.916382 -4.000000 -1.370640 -1.354026 -5.784695
-0.781006 -0.916138 -4.000000 -1.228473 -1.389390 -5.726072
-0.790039 -0.914795 -4.000000 -1.074202 -1.365893 -5.693793
-0.785889 -0.912109 -4.000000 -0.942716 -1.307982 -5.677417
-0.788818 -0.918823 -4.000000 -0.832115 -1.288758 -5.666974
-0.779297 -0.930664 -4.000000 -0.741926 -1.337175 -5.668873
-0.781494 -0.914429 -4.000000 -0.714869 -1.407191 -5.647275
-0.785034 -0.920776 -4.000000 -0.714157 -1.426415 -5.618794
-0.790161 -0.911865 -4.000000 -0.688524 -1.381320 -5.600281
-0.789185 -0.912354 -4.000000 -0.662891 -1.281875 -5.589601
-0.786255 -0.918945 -4.000000 -0.631325 -1.199043 -5.578446
-0.781982 -0.913086 -4.000000 -0.592401 -1.165815 -5.556848
-0.790527 -0.918579 -4.000000 -0.533304 -1.176258 -5.536674
-0.785767 -0.916260 -4.000000 -0.458067 -1.228711 -5.501073
-0.791748 -0.923706 -4.000000 -0.382118 -1.303236 -5.478763
-0.785889 -0.919067 -4.000000 -0.324207 -1.384643 -5.443874
-0.785522 -0.917969 -4.000000 -0.269619 -1.430212 -5.384302
-0.785645 -0.913940 -4.000000 -0.184651 -1.438045 -5.318321
-0.791382 -0.912109 -4.000000 -0.091851 -1.452048 -5.255663
-0.786499 -0.920166 -4.000000 0.006171 -1.434010 -5.177815
-0.780884 -0.914307 -4.000000 0.108227 -1.363520 -5.111598
-0.788696 -0.916626 -4.000000 0.176106 -1.298726 -5.055585
-0.777832 -0.923950 -4.000000 0.224287 -1.274043 -5.024969
-0.781372 -0.917114 -4.000000 0.244935 -1.287096 -5.021646
-0.785522 -0.923584 -4.000000 0.269856 -1.350229 -5.018085
-0.784058 -0.916260 -4.000000 0.343906 -1.424991 -5.010491
-0.791626 -0.916016 -4.000000 0.422703 -1.490972 -5.005269
-0.786377 -0.920898 -4.000000 0.515740 -1.607980 -4.977263
-0.791748 -0.909302 -4.000000 0.537576 -1.635987 -4.934542
-0.788818 -0.917480 -4.000000 0.498889 -1.550307 -4.908434
-0.789795 -0.921143 -4.000000 0.504823 -1.379184 -4.918878
-0.793701 -0.917969 -4.000000 0.449285 -1.189312 -4.965159
-0.789063 -0.915527 -4.000000 0.305694 -0.984250 -5.011915
-0.786743 -0.919922 -4.000000 0.236866 -0.846593 -5.059620
-0.785889 -0.909180 -4.000000 0.332514 -0.962415 -5.129636
-0.777954 -0.918579 -4.000000 0.363605 -1.209011 -5.198701
-0.782227 -0.918213 -4.000000 0.280299 -1.396985 -5.289840
-0.782715 -0.914673 -4.000000 0.313527 -1.435671 -5.401390
-0.783447 -0.915894 -4.000000 0.430061 -1.498804 -5.464997
-0.786499 -0.916382 -4.000000 0.335836 -1.414311 -5.495140
-0.785645 -0.921021 -4.000000 0.181803 -1.366605 -5.569190
-0.781738 -0.919189 -4.000000 -0.000475 -1.347381 -5.566342
-0.781860 -0.921631 -4.000000 0.070015 -1.309881 -5.525519
-0.788208 -0.917358 -4.000000 0.209334 -1.181955 -5.462624
-0.789795 -0.916504 -4.000000 0.355773 -1.097461 -5.418478
-0.789917 -0.919678 -4.000000 0.503873 -1.075863 -5.410172
-0.781738 -0.918091 -4.000000 0.365504 -1.104582 -5.442213
-0.786621 -0.930664 -4.000000 0.229745 -1.155373 -5.484459
-0.782349 -0.916382 -4.000000 0.126502 -1.201179 -5.535725
-0.786011 -0.920776 -4.000000 0.041297 -1.277128 -5.588177
-0.787231 -0.916626 -4.000000 -0.096360 -1.298489 -5.611674
-0.784668 -0.917236 -4.000000 -0.179667 -1.346194 -5.643240
-0.785034 -0.920288 -4.000000 -0.219302 -1.382033 -5.656768
-0.788330 -0.917114 -4.000000 -0.201739 -1.376099 -5.652496
-0.791748 -0.915283 -4.000000 -0.132673 -1.324121 -5.620218
-0.784180 -0.913452 -4.000000 -0.049604 -1.289944 -5.600281
-0.784302 -0.921143 -4.000000 -0.026819 -1.303710 -5.605978
-0.783691 -0.920410 -4.000000 -0.086392 -1.363757 -5.642291
-0.782471 -0.919800 -4.000000 -0.154509 -1.396748 -5.683351
-0.787476 -0.916870 -4.000000 -0.229271 -1.407665 -5.729394
-0.783447 -0.921143 -4.000000 -0.280774 -1.420007 -5.768081
-0.780518 -0.917358 -4.000000 -0.325394 -1.419058 -5.781610
-0.785889 -0.911621 -4.000000 -0.333226 -1.414073 -5.778524
-0.785522 -0.916504 -4.000000 -0.281248 -1.385118 -5.767606
-0.781006 -0.924683 -4.000000 -0.236391 -1.367555 -5.769979
-0.788208 -0.914429 -4.000000 -0.234255 -1.377523 -5.762147
-0.780518 -0.917969 -4.000000 -0.257752 -1.406241 -5.786831
-0.785156 -0.916870 -4.000000 -0.299998 -1.442080 -5.804631
