-0.785278 -0.918335 -4.000000 -0.445962 -1.438757 -5.816024
-0.782593 -0.924683 -4.000000 -0.460915 -1.350466 -5.808429
-0.788574 -0.919678 -4.000000 -0.429586 -1.255530 -5.791815
-0.782471 -0.915405 -4.000000 -0.396121 -1.199043 -5.777337
-0.791626 -0.914673 -4.000000 -0.397545 -1.190024 -5.763097
-0.778809 -0.916138 -4.000000 -0.418668 -1.222302 -5.752654
-0.789795 -0.916504 -4.000000 -0.424364 -1.272856 -5.763809
-0.788208 -0.920776 -4.000000 -0.435045 -1.321985 -5.778524
-0.788574 -0.914551 -4.000000 -0.421991 -1.349280 -5.788967
-0.785889 -0.919556 -4.000000 -0.409887 -1.365656 -5.810802
-0.787476 -0.923584 -4.000000 -0.417482 -1.379422 -5.816261
-0.777710 -0.911865 -4.000000 -0.427450 -1.401969 -5.835485
-0.788696 -0.922729 -4.000000 -0.430535 -1.408377 -5.843081
-0.786743 -0.917358 -4.000000 -0.422228 -1.404105 -5.832875
-0.787964 -0.925049 -4.000000 -0.407276 -1.386779 -5.831451
-0.784424 -0.918701 -4.000000 -0.391611 -1.369928 -5.823381
-0.779663 -0.912476 -4.000000 -0.383542 -1.362808 -5.818635
-0.782837 -0.911133 -4.000000 -0.378320 -1.362096 -5.811039
-0.791138 -0.916504 -4.000000 -0.377846 -1.356637 -5.811989
-0.782349 -0.919312 -4.000000 -0.390425 -1.352840 -5.822669
-0.782104 -0.914063 -4.000000 -0.409412 -1.369216 -5.832637
-0.780884 -0.913818 -4.000000 -0.441216 -1.384169 -5.834062
-0.782837 -0.915771 -4.000000 -0.487260 -1.418820 -5.846403
-0.780151 -0.918579 -4.000000 -0.520487 -1.436146 -5.873697
-0.786011 -0.917847 -4.000000 -0.516927 -1.421431 -5.882242
-0.785889 -0.923584 -4.000000 -0.486073 -1.378947 -5.881530
-0.785767 -0.918579 -4.000000 -0.426263 -1.314865 -5.861830
-0.783447 -0.923096 -4.000000 -0.367403 -1.250783 -5.837147
-0.785400 -0.918945 -4.000000 -0.295251 -1.190024 -5.805818
-0.784302 -0.920776 -4.000000 -0.230220 -1.131401 -5.780423
-0.790405 -0.914063 -4.000000 -0.205774 -1.088680 -5.752417
-0.788574 -0.913818 -4.000000 -0.209097 -1.106480 -5.739838
-0.785278 -0.921997 -4.000000 -0.174445 -1.212097 -5.755265
-0.784302 -0.916260 -4.000000 -0.059335 -1.400782 -5.763097
-0.784546 -0.920532 -4.000000 0.099683 -1.550781 -5.741736
-0.779297 -0.919678 -4.000000 0.298337 -1.637173 -5.685724
-0.783447 -0.917847 -4.000000 0.497940 -1.627205 -5.619981
-0.784546 -0.913208 -4.000000 0.633936 -1.548408 -5.570139
-0.779785 -0.921143 -4.000000 0.684489 -1.481953 -5.524333
-0.775513 -0.914795 -4.000000 0.639869 -1.453235 -5.513652
-0.784912 -0.918945 -4.000000 0.576025 -1.500228 -5.537386
-0.786255 -0.913452 -4.000000 0.492244 -1.634088 -5.575123
-0.789673 -0.919922 -4.000000 0.424364 -1.812330 -5.614285
-0.781250 -0.919312 -4.000000 0.417244 -1.941681 -5.638019
-0.779907 -0.914551 -4.000000 0.444538 -1.977994 -5.654158
-0.784424 -0.915649 -4.000000 0.453320 -1.928152 -5.661040
-0.785034 -0.921387 -4.000000 0.401342 -1.841998 -5.675993
-0.787842 -0.918335 -4.000000 0.321596 -1.787410 -5.709695
-0.788574 -0.919312 -4.000000 0.253954 -1.722378 -5.691658
-0.781128 -0.916626 -4.000000 0.251818 -1.674910 -5.683351
-0.786011 -0.915405 -4.000000 0.312340 -1.642395 -5.680027
-0.784912 -0.915283 -4.000000 0.369776 -1.598724 -5.659616
-0.786133 -0.921143 -4.000000 0.383305 -1.551493 -5.649886
-0.787720 -0.919434 -4.000000 0.330852 -1.494769 -5.649173
-0.785400 -0.918823 -4.000000 0.248495 -1.461304 -5.671246
-0.788452 -0.919312 -4.000000 0.175632 -1.442554 -5.704711
-0.788818 -0.917603 -4.000000 0.129350 -1.453235 -5.730106
-0.781982 -0.923706 -4.000000 0.102531 -1.481953 -5.742923
-0.782227 -0.914063 -4.000000 0.092088 -1.493345 -5.761673
-0.780640 -0.917358 -4.000000 0.082357 -1.507111 -5.769030
-0.790649 -0.922119 -4.000000 0.080696 -1.517791 -5.774726
-0.781128 -0.917358 -4.000000 0.071677 -1.511858 -5.778998
-0.783936 -0.919067 -4.000000 0.036788 -1.500940 -5.782796
-0.774292 -0.914795 -4.000000 -0.021598 -1.490972 -5.788018
-0.776489 -0.923828 -4.000000 -0.083069 -1.488598 -5.801071
-0.780396 -0.918823 -4.000000 -0.121044 -1.473883 -5.811751
-0.778442 -0.918579 -4.000000 -0.148812 -1.478867 -5.807242
-0.782715 -0.918091 -4.000000 -0.142879 -1.456795 -5.810328
-0.782471 -0.927612 -4.000000 -0.130774 -1.450861 -5.810328
-0.785400 -0.916992 -4.000000 -0.119620 -1.456083 -5.815074
-0.780151 -0.916748 -4.000000 -0.128401 -1.444216 -5.817210
-0.779053 -0.920654 -4.000000 -0.152372 -1.429975 -5.816024
-0.789795 -0.925659 -4.000000 -0.194144 -1.430212 -5.817448
-0.788086 -0.923218 -4.000000 -0.240426 -1.426178 -5.826704
-0.786743 -0.919189 -4.000000 -0.293353 -1.445165 -5.842606
-0.787476 -0.922241 -4.000000 -0.335599 -1.450861 -5.858033
-0.787964 -0.917969 -4.000000 -0.365029 -1.454184 -5.878207
-0.782349 -0.922241 -4.000000 -0.405852 -1.469848 -5.880817
-0.780640 -0.920898 -4.000000 -0.440266 -1.480766 -5.894109
-0.781616 -0.925659 -4.000000 -0.471358 -1.479105 -5.891023
-0.785278 -0.921875 -4.000000 -0.507434 -1.495244 -5.904789
-0.786011 -0.916138 -4.000000 -0.529506 -1.494532 -5.892922
-0.783813 -0.907959 -4.000000 -0.555376 -1.483851 -5.875359
-0.782471 -0.921997 -4.000000 -0.578873 -1.457981 -5.862305
-0.789307 -0.915283 -4.000000 -0.624917 -1.433773 -5.855897
-0.789795 -0.918091 -4.000000 -0.719378 -1.412412 -5.839283
-0.793579 -0.919678 -4.000000 -0.833064 -1.387729 -5.839283
-0.784668 -0.910278 -4.000000 -0.931323 -1.379659 -5.825755
-0.789307 -0.920166 -4.000000 -0.980690 -1.362333 -5.800122
-0.783936 -0.916504 -4.000000 -1.000389 -1.345957 -5.779948
-0.785156 -0.917969 -4.000000 -1.010358 -1.334564 -5.752179
-0.777222 -0.916748 -4.000000 -1.017240 -1.347143 -5.726546
-0.790894 -0.921997 -4.000000 -1.043823 -1.348805 -5.703050
-0.785645 -0.911011 -4.000000 -1.100072 -1.279976 -5.661515
-0.778442 -0.911865 -4.000000 -1.157983 -1.170800 -5.623303
-0.777954 -0.917969 -4.000000 -1.202129 -1.048807 -5.584854
-0.783569 -0.914917 -4.000000 -1.241764 -0.955532 -5.568003
-0.786865 -0.916382 -4.000000 -1.292793 -0.926576 -5.581057
-0.786743 -0.921509 -4.000000 -1.352128 -0.960279 -5.617370
-0.785889 -0.920654 -4.000000 -1.385118 -1.037652 -5.657480
-0.791260 -0.919434 -4.000000 -1.386067 -1.122857 -5.706610
-0.782227 -0.917725 -4.000000 -1.377998 -1.192635 -5.737701
-0.795654 -0.918457 -4.000000 -1.377760 -1.234169 -5.748382
-0.783813 -0.911133 -4.000000 -1.389390 -1.219692 -5.764046
-0.785522 -0.916626 -4.000000 -1.408615 -1.168901 -5.768556
-0.784058 -0.917236 -4.000000 -1.435909 -1.105056 -5.785170
-0.784058 -0.920776 -4.000000 -1.447538 -1.066607 -5.807479
-0.786621 -0.918701 -4.000000 -1.473408 -1.031956 -5.806767
-0.789063 -0.914917 -4.000000 -1.488836 -1.005848 -5.804631
-0.784790 -0.915161 -4.000000 -1.456557 -1.008459 -5.814363
-0.784424 -0.927368 -4.000000 -1.361384 -1.050468 -5.832637
-0.781738 -0.917969 -4.000000 -1.195246 -1.077525 -5.838096
-0.786987 -0.914429 -4.000000 -0.999677 -1.072778 -5.831213
-0.789795 -0.913818 -4.000000 -0.850390 -1.028633 -5.819584
-0.786011 -0.920654 -4.000000 -0.759252 -0.998491 -5.825280
-0.787842 -0.918091 -4.000000 -0.741926 -1.025547 -5.831688
-0.788208 -0.927856 -4.000000 -0.738603 -1.115025 -5.853523
-0.784912 -0.921875 -4.000000 -0.724837 -1.255530 -5.884377
-0.781250 -0.918701 -4.000000 -0.664315 -1.368267 -5.906450
-0.776245 -0.926514 -4.000000 -0.576025 -1.408140 -5.923302
-0.781128 -0.917847 -4.000000 -0.499601 -1.412649 -5.925912
-0.786377 -0.919067 -4.000000 -0.468984 -1.405766 -5.929235
-0.775146 -0.914063 -4.000000 -0.469222 -1.433535 -5.926624
-0.784668 -0.923340 -4.000000 -0.452608 -1.462016 -5.923064
-0.791504 -0.913696 -4.000000 -0.426263 -1.463203 -5.913808
-0.784302 -0.915161 -4.000000 -0.401342 -1.447064 -5.904314
-0.785400 -0.916992 -4.000000 -0.390187 -1.415497 -5.892210
-0.785889 -0.917236 -4.000000 -0.399918 -1.374200 -5.890074
-0.781250 -0.916748 -4.000000 -0.411785 -1.317713 -5.887938
-0.782471 -0.918945 -4.000000 -0.428874 -1.265024 -5.880817
-0.780151 -0.921997 -4.000000 -0.436943 -1.258853 -5.898618
-0.785522 -0.920776 -4.000000 -0.433146 -1.302523 -5.904552
-0.784546 -0.921997 -4.000000 -0.417482 -1.370878 -5.918792
-0.784180 -0.919922 -4.000000 -0.393036 -1.407665 -5.905263
-0.783569 -0.921021 -4.000000 -0.368589 -1.411937 -5.903128
-0.790894 -0.919556 -4.000000 -0.353637 -1.373963 -5.891023
-0.785522 -0.924438 -4.000000 -0.345093 -1.326970 -5.880343
-0.783447 -0.917236 -4.000000 -0.338447 -1.292793 -5.861356
-0.781738 -0.917114 -4.000000 -0.319697 -1.279027 -5.845929
-0.779297 -0.915039 -4.000000 -0.294539 -1.285910 -5.844742
-0.784180 -0.916870 -4.000000 -0.259413 -1.304897 -5.839995
-0.788940 -0.917236 -4.000000 -0.230695 -1.321036 -5.821957
-0.788574 -0.916992 -4.000000 -0.225948 -1.344058 -5.811039
-0.779785 -0.919067 -4.000000 -0.235204 -1.365181 -5.800834
-0.772705 -0.922119 -4.000000 -0.250631 -1.367792 -5.784457
-0.777588 -0.918945 -4.000000 -0.265346 -1.345007 -5.764996
-0.792847 -0.917236 -4.000000 -0.272941 -1.281875 -5.729869
-0.787476 -0.919922 -4.000000 -0.266296 -1.189550 -5.702100
-0.786987 -0.921265 -4.000000 -0.234255 -1.087731 -5.663888
-0.778809 -0.923096 -4.000000 -0.149999 -1.022699 -5.651072
