-0.782471 -0.911255 -4.000000 -0.285520 -1.444216 -5.594348
-0.784546 -0.915894 -4.000000 -0.341770 -1.510908 -5.602655
-0.784546 -0.920044 -4.000000 -0.370251 -1.537253 -5.590313
-0.783691 -0.921021 -4.000000 -0.405615 -1.516842 -5.570376
-0.787598 -0.917236 -4.000000 -0.415108 -1.487886 -5.584854
-0.789307 -0.912109 -4.000000 -0.405377 -1.465576 -5.602892
-0.782349 -0.919067 -4.000000 -0.436943 -1.476969 -5.629237
-0.787354 -0.912842 -4.000000 -0.496041 -1.489548 -5.657243
-0.783325 -0.924683 -4.000000 -0.537576 -1.463915 -5.685012
-0.780151 -0.917969 -4.000000 -0.569142 -1.413361 -5.698066
-0.781006 -0.921143 -4.000000 -0.614237 -1.345245 -5.694980
-0.783569 -0.914917 -4.000000 -0.617797 -1.244850 -5.704474
-0.780640 -0.922974 -4.000000 -0.596436 -1.155373 -5.714442
-0.779785 -0.921631 -4.000000 -0.533541 -1.155373 -5.736752
-0.784180 -0.915649 -4.000000 -0.511943 -1.280213 -5.776863
-0.792236 -0.920776 -4.000000 -0.557750 -1.438045 -5.780660
-0.784302 -0.913818 -4.000000 -0.600471 -1.526573 -5.754552
-0.788208 -0.916260 -4.000000 -0.552291 -1.510908 -5.676230
-0.779297 -0.926758 -4.000000 -0.417482 -1.400782 -5.566579
-0.787231 -0.916382 -4.000000 -0.262498 -1.278789 -5.474254
-0.782837 -0.925171 -4.000000 -0.167800 -1.220166 -5.418242
-0.781128 -0.920532 -4.000000 -0.113211 -1.243663 -5.402577
-0.793579 -0.917114 -4.000000 -0.036788 -1.381558 -5.417292
-0.786865 -0.910522 -4.000000 0.042959 -1.613914 -5.430109
-0.789795 -0.913086 -4.000000 0.163765 -1.842235 -5.446959
-0.787598 -0.913574 -4.000000 0.263922 -1.985114 -5.424887
-0.786377 -0.916626 -4.000000 0.405615 -2.039465 -5.360805
-0.783447 -0.922241 -4.000000 0.609965 -1.978469 -5.275837
-0.778320 -0.919434 -4.000000 0.773255 -1.870004 -5.199651
-0.783447 -0.914063 -4.000000 0.902368 -1.769372 -5.170221
-0.778564 -0.914917 -4.000000 0.964788 -1.729973 -5.203211
-0.784302 -0.913208 -4.000000 0.901656 -1.829656 -5.285093
-0.793945 -0.917847 -4.000000 0.787258 -1.929814 -5.355346
-0.777954 -0.919800 -4.000000 0.658145 -1.986301 -5.417055
-0.779663 -0.917725 -4.000000 0.552528 -1.999355 -5.431532
-0.786377 -0.917969 -4.000000 0.534016 -1.893975 -5.400441
-0.782471 -0.913574 -4.000000 0.522149 -1.801413 -5.405900
-0.781372 -0.915039 -4.000000 0.465187 -1.729499 -5.415868
-0.789551 -0.914307 -4.000000 0.399444 -1.661145 -5.420852
-0.787109 -0.913208 -4.000000 0.304745 -1.626493 -5.417529
-0.788574 -0.919922 -4.000000 0.244698 -1.602759 -5.429159
-0.787842 -0.919312 -4.000000 0.209809 -1.608455 -5.442450
-0.781006 -0.915527 -4.000000 0.189160 -1.631002 -5.458589
-0.782349 -0.917847 -4.000000 0.138369 -1.629341 -5.483984
-0.779541 -0.915894 -4.000000 0.081408 -1.595639 -5.497276
-0.791016 -0.919678 -4.000000 0.023022 -1.545797 -5.511042
-0.786621 -0.920410 -4.000000 -0.048180 -1.471985 -5.543320
-0.783936 -0.919067 -4.000000 -0.154746 -1.416921 -5.595297
-0.786865 -0.920288 -4.000000 -0.280299 -1.402206 -5.652496
-0.790894 -0.921021 -4.000000 -0.424364 -1.409564 -5.720850
-0.784668 -0.929565 -4.000000 -0.581484 -1.379896 -5.780897
-0.785034 -0.922852 -4.000000 -0.713208 -1.367317 -5.828840
-0.791992 -0.914673 -4.000000 -0.831878 -1.399833 -5.867527
-0.791992 -0.921143 -4.000000 -0.976655 -1.418346 -5.894109
-0.784058 -0.915283 -4.000000 -1.127841 -1.455845 -5.914045
-0.785522 -0.918945 -4.000000 -1.281163 -1.510908 -5.919029
-0.786133 -0.928345 -4.000000 -1.410751 -1.500228 -5.914045
-0.788330 -0.923218 -4.000000 -1.476731 -1.416684 -5.885802
-0.781616 -0.918457 -4.000000 -1.480529 -1.335751 -5.850201
-0.784424 -0.917358 -4.000000 -1.495481 -1.316764 -5.818160
-0.783325 -0.919556 -4.000000 -1.598724 -1.351178 -5.800122
-0.786987 -0.917603 -4.000000 -1.713359 -1.408377 -5.795850
-0.780518 -0.913452 -4.000000 -1.761777 -1.454184 -5.788967
-0.776855 -0.918335 -4.000000 -1.767236 -1.470798 -5.760011
-0.787720 -0.916748 -4.000000 -1.767236 -1.440893 -5.708034
-0.790161 -0.920654 -4.000000 -1.751334 -1.366843 -5.634221
-0.778442 -0.926758 -4.000000 -1.732584 -1.238442 -5.578209
-0.781250 -0.915161 -4.000000 -1.706239 -1.110515 -5.551152
-0.784668 -0.914917 -4.000000 -1.713359 -1.056876 -5.567054
-0.785278 -0.921021 -4.000000 -1.804261 -1.064234 -5.599332
-0.781128 -0.923950 -4.000000 -1.896111 -1.060674 -5.582006
-0.778809 -0.922241 -4.000000 -1.935985 -0.976655 -5.545456
-0.784546 -0.918457 -4.000000 -1.857425 -0.831640 -5.509143
-0.789307 -0.913452 -4.000000 -1.699356 -0.692084 -5.525519
-0.789185 -0.919678 -4.000000 -1.506399 -0.650787 -5.563731
-0.782349 -0.908936 -4.000000 -1.491446 -0.802922 -5.604079
-0.777954 -0.920410 -4.000000 -1.512332 -1.012494 -5.644189
-0.781494 -0.922485 -4.000000 -1.414073 -1.160831 -5.671009
-0.780029 -0.912964 -4.000000 -1.266210 -1.242002 -5.680027
-0.780884 -0.916504 -4.000000 -1.127604 -1.270008 -5.679553
-0.787109 -0.910889 -4.000000 -1.009171 -1.275467 -5.667449
-0.782715 -0.907227 -4.000000 -0.907589 -1.229660 -5.650835
-0.785889 -0.916626 -4.000000 -0.816451 -1.178395 -5.631135
-0.783081 -0.912720 -4.000000 -0.758302 -1.136860 -5.614047
-0.781982 -0.924194 -4.000000 -0.740739 -1.099123 -5.617845
-0.781616 -0.919800 -4.000000 -0.754505 -1.135911 -5.633272
-0.789429 -0.918335 -4.000000 -0.800074 -1.218742 -5.661278
-0.788818 -0.916382 -4.000000 -0.789631 -1.272144 -5.668635
-0.782715 -0.928101 -4.000000 -0.714869 -1.320799 -5.646800
-0.780640 -0.920044 -4.000000 -0.585756 -1.367792 -5.600993
-0.783325 -0.918091 -4.000000 -0.421516 -1.373251 -5.546880
-0.786499 -0.918945 -4.000000 -0.253717 -1.354501 -5.501073
-0.782227 -0.921021 -4.000000 -0.113211 -1.350229 -5.474491
-0.777954 -0.922852 -4.000000 -0.013054 -1.358536 -5.461675
-0.784302 -0.914795 -4.000000 0.049129 -1.378947 -5.430109
-0.782349 -0.922974 -4.000000 0.096835 -1.410039 -5.409697
-0.786987 -0.928467 -4.000000 0.130300 -1.419770 -5.392609
-0.786621 -0.917114 -4.000000 0.163053 -1.431637 -5.375995
-0.786133 -0.920044 -4.000000 0.221913 -1.442317 -5.341580
-0.784912 -0.921509 -4.000000 0.295014 -1.435909 -5.297435
-0.780273 -0.922119 -4.000000 0.362419 -1.432823 -5.262072
-0.782593 -0.922729 -4.000000 0.431722 -1.432111 -5.247356
-0.782471 -0.919922 -4.000000 0.488684 -1.497617 -5.262072
-0.780273 -0.914185 -4.000000 0.499839 -1.599911 -5.259223
-0.785645 -0.922607 -4.000000 0.523335 -1.675860 -5.244746
-0.783081 -0.919556 -4.000000 0.597386 -1.669452 -5.219113
-0.784668 -0.916626 -4.000000 0.636784 -1.605370 -5.211043
-0.784790 -0.916870 -4.000000 0.596436 -1.482427 -5.227420
-0.782837 -0.920044 -4.000000 0.530456 -1.314153 -5.249493
-0.792236 -0.916138 -4.000000 0.517164 -1.172461 -5.235489
-0.790527 -0.915039 -4.000000 0.524997 -1.079661 -5.240236
-0.785522 -0.917480 -4.000000 0.408225 -1.147303 -5.293875
-0.792480 -0.914063 -4.000000 0.271992 -1.406004 -5.366264
-0.787964 -0.919434 -4.000000 0.097784 -1.743027 -5.429871
-0.781616 -0.921265 -4.000000 -0.056012 -2.015494 -5.493241
-0.783447 -0.912964 -4.000000 -0.100395 -2.118025 -5.542133
-0.782227 -0.921753 -4.000000 -0.062895 -2.089307 -5.550202
-0.785034 -0.910645 -4.000000 0.116059 -1.934798 -5.498700
-0.786377 -0.916504 -4.000000 0.261786 -1.656635 -5.413495
-0.788940 -0.919189 -4.000000 0.368827 -1.430212 -5.358906
-0.793335 -0.915771 -4.000000 0.361944 -1.199993 -5.308590
-0.786499 -0.924683 -4.000000 0.186549 -1.231559 -5.323780
-0.786133 -0.915039 -4.000000 0.102768 -1.359485 -5.347751
-0.774902 -0.924438 -4.000000 -0.040585 -1.392001 -5.405663
-0.787354 -0.916382 -4.000000 -0.191059 -1.423567 -5.456928
-0.782593 -0.915405 -4.000000 -0.226185 -1.452048 -5.512465
-0.786011 -0.919312 -4.000000 -0.247071 -1.423092 -5.544981
-0.786865 -0.916016 -4.000000 -0.244698 -1.386779 -5.563968
-0.788696 -0.916992 -4.000000 -0.221913 -1.337887 -5.568003
-0.784790 -0.919434 -4.000000 -0.211945 -1.359485 -5.582718
-0.786621 -0.927856 -4.000000 -0.227847 -1.414548 -5.587940
-0.783325 -0.920532 -4.000000 -0.224287 -1.418583 -5.586041
-0.782959 -0.919800 -4.000000 -0.206011 -1.418346 -5.582718
-0.782593 -0.924194 -4.000000 -0.205299 -1.405292 -5.588414
-0.782593 -0.922485 -4.000000 -0.263922 -1.418346 -5.606215
-0.788818 -0.915894 -4.000000 -0.350552 -1.452048 -5.624490
-0.785889 -0.920532 -4.000000 -0.371675 -1.433773 -5.634221
-0.784668 -0.920288 -4.000000 -0.333938 -1.370878 -5.636357
-0.787720 -0.921265 -4.000000 -0.286944 -1.303473 -5.630424
-0.783936 -0.922485 -4.000000 -0.270331 -1.274043 -5.651547
-0.787598 -0.920532 -4.000000 -0.281248 -1.312017 -5.674806
-0.785645 -0.918579 -4.000000 -0.316137 -1.389865 -5.705660
-0.785522 -0.918701 -4.000000 -0.341770 -1.446589 -5.709933
-0.790405 -0.915161 -4.000000 -0.363131 -1.466526 -5.719664
-0.782959 -0.917480 -4.000000 -0.361944 -1.465339 -5.708508
-0.785522 -0.918701 -4.000000 -0.352213 -1.435434 -5.701151
-0.789307 -0.922485 -4.000000 -0.332039 -1.401732 -5.685012
-0.780640 -0.920654 -4.000000 -0.315425 -1.366843 -5.689284
-0.784546 -0.918213 -4.000000 -0.309254 -1.354026 -5.697828
-0.777344 -0.918579 -4.000000 -0.308780 -1.350704 -5.713967
