-0.781860 -0.920166 -4.000000 -0.383067 -1.373251 -5.877732
-0.787598 -0.918091 -4.000000 -0.379507 -1.373726 -5.865865
-0.780884 -0.925049 -4.000000 -0.368589 -1.347143 -5.871799
-0.777588 -0.917236 -4.000000 -0.367165 -1.330530 -5.869425
-0.781616 -0.923096 -4.000000 -0.374048 -1.331716 -5.871324
-0.789795 -0.911377 -4.000000 -0.366453 -1.344770 -5.876545
-0.785645 -0.920776 -4.000000 -0.374760 -1.354976 -5.882716
-0.785156 -0.916138 -4.000000 -0.389238 -1.382270 -5.879868
-0.777710 -0.924194 -4.000000 -0.414871 -1.417634 -5.888650
-0.779297 -0.922485 -4.000000 -0.449760 -1.437570 -5.907637
-0.781738 -0.918213 -4.000000 -0.469934 -1.458219 -5.912147
-0.783447 -0.905396 -4.000000 -0.470646 -1.461304 -5.906688
-0.785278 -0.921997 -4.000000 -0.451896 -1.440181 -5.896482
-0.779663 -0.922485 -4.000000 -0.432434 -1.411700 -5.896482
-0.785767 -0.915283 -4.000000 -0.408463 -1.367317 -5.882954
-0.782593 -0.914917 -4.000000 -0.393036 -1.332428 -5.872748
-0.789063 -0.918701 -4.000000 -0.395409 -1.314628 -5.865390
-0.780884 -0.923950 -4.000000 -0.400868 -1.322460 -5.863492
-0.787354 -0.920410 -4.000000 -0.390662 -1.345245 -5.854236
-0.775879 -0.917847 -4.000000 -0.367877 -1.370165 -5.865153
-0.785156 -0.926514 -4.000000 -0.339871 -1.400308 -5.866103
-0.779419 -0.921387 -4.000000 -0.296913 -1.404817 -5.857558
-0.788086 -0.919556 -4.000000 -0.242087 -1.383219 -5.858033
-0.784546 -0.916626 -4.000000 -0.204825 -1.344295 -5.838809
-0.785034 -0.915283 -4.000000 -0.185600 -1.305134 -5.847115
-0.779297 -0.915649 -4.000000 -0.196755 -1.302523 -5.853049
-0.781006 -0.914429 -4.000000 -0.222151 -1.365656 -5.864916
-0.787109 -0.915039 -4.000000 -0.220726 -1.493820 -5.886276
-0.780029 -0.918213 -4.000000 -0.188923 -1.630528 -5.900042
-0.789917 -0.927002 -4.000000 -0.113686 -1.688913 -5.901229
-0.784790 -0.920166 -4.000000 0.000475 -1.647142 -5.868713
-0.778809 -0.918945 -4.000000 0.117009 -1.496668 -5.817685
-0.786011 -0.919922 -4.000000 0.182277 -1.281400 -5.769268
-0.783569 -0.923462 -4.000000 0.168512 -1.069218 -5.731768
-0.784912 -0.919678 -4.000000 0.094936 -0.949836 -5.712069
-0.783203 -0.915039 -4.000000 0.030854 -0.998965 -5.726309
-0.790283 -0.914429 -4.000000 -0.005459 -1.134249 -5.762147
-0.781494 -0.912842 -4.000000 0.017089 -1.254581 -5.773303
-0.787354 -0.911865 -4.000000 0.055538 -1.374912 -5.777575
-0.785522 -0.921387 -4.000000 0.106803 -1.483139 -5.768081
-0.783569 -0.918091 -4.000000 0.130062 -1.531794 -5.747670
-0.789673 -0.917847 -4.000000 0.140505 -1.529421 -5.723698
-0.777588 -0.917847 -4.000000 0.138369 -1.495956 -5.700202
-0.783447 -0.914795 -4.000000 0.135759 -1.446589 -5.684300
-0.781982 -0.921021 -4.000000 0.140505 -1.406241 -5.685724
-0.778076 -0.912598 -4.000000 0.142404 -1.366605 -5.671721
-0.778198 -0.915649 -4.000000 0.163053 -1.333615 -5.649648
-0.781738 -0.921143 -4.000000 0.197467 -1.276653 -5.656531
-0.779785 -0.915649 -4.000000 0.215030 -1.211385 -5.663414
-0.785767 -0.924194 -4.000000 0.166138 -1.154186 -5.662939
-0.788330 -0.919312 -4.000000 0.087579 -1.182192 -5.670297
-0.783447 -0.918213 -4.000000 0.021835 -1.267872 -5.678366
-0.789673 -0.914917 -4.000000 -0.008544 -1.378472 -5.696404
-0.792969 -0.924438 -4.000000 0.013291 -1.500228 -5.717290
-0.786011 -0.921387 -4.000000 0.079272 -1.589705 -5.711357
-0.787476 -0.916626 -4.000000 0.190347 -1.596588 -5.688334
-0.780396 -0.915405 -4.000000 0.308780 -1.522063 -5.667923
-0.781860 -0.916870 -4.000000 0.387102 -1.406241 -5.643952
-0.777222 -0.924438 -4.000000 0.404903 -1.267397 -5.624965
-0.777344 -0.918579 -4.000000 0.356722 -1.197856 -5.635645
-0.769165 -0.920532 -4.000000 0.257040 -1.223489 -5.664363
-0.784912 -0.926758 -4.000000 0.171360 -1.306084 -5.696879
-0.778442 -0.914185 -4.000000 0.142879 -1.414073 -5.725597
-0.784058 -0.920166 -4.000000 0.150948 -1.492870 -5.751230
-0.778687 -0.915161 -4.000000 0.168749 -1.542237 -5.769505
-0.779907 -0.920044 -4.000000 0.182752 -1.552205 -5.778286
-0.784912 -0.913330 -4.000000 0.193907 -1.518503 -5.771878
-0.788452 -0.925171 -4.000000 0.195806 -1.453709 -5.773303
-0.784668 -0.916992 -4.000000 0.195331 -1.394849 -5.755265
-0.776978 -0.918701 -4.000000 0.159018 -1.377998 -5.748144
-0.789185 -0.909546 -4.000000 0.106091 -1.379659 -5.742923
-0.789063 -0.915405 -4.000000 0.071202 -1.381083 -5.751942
-0.788452 -0.922363 -4.000000 0.058623 -1.392713 -5.775201
-0.785400 -0.922485 -4.000000 0.053402 -1.429263 -5.796799
-0.784058 -0.914673 -4.000000 0.036313 -1.477681 -5.802970
-0.786499 -0.921753 -4.000000 0.016376 -1.511620 -5.823381
-0.783569 -0.921509 -4.000000 -0.020411 -1.526335 -5.839758
-0.781982 -0.919189 -4.000000 -0.063607 -1.545797 -5.874409
-0.785767 -0.916992 -4.000000 -0.105379 -1.570243 -5.895295
-0.785767 -0.918213 -4.000000 -0.140268 -1.590417 -5.911909
-0.775146 -0.911743 -4.000000 -0.170648 -1.593503 -5.919504
-0.786621 -0.918701 -4.000000 -0.190347 -1.594689 -5.927099
-0.788452 -0.922363 -4.000000 -0.208147 -1.599199 -5.921403
-0.783325 -0.913696 -4.000000 -0.228796 -1.586383 -5.922115
-0.785156 -0.916382 -4.000000 -0.251106 -1.573329 -5.924488
-0.783691 -0.914551 -4.000000 -0.266770 -1.558376 -5.911909
-0.789551 -0.915527 -4.000000 -0.275315 -1.539152 -5.913333
-0.786743 -0.919434 -4.000000 -0.293827 -1.530607 -5.912384
-0.783813 -0.917725 -4.000000 -0.321359 -1.531082 -5.915469
-0.779785 -0.922363 -4.000000 -0.354349 -1.534642 -5.907875
-0.783325 -0.917480 -4.000000 -0.393510 -1.534405 -5.898855
-0.790161 -0.921875 -4.000000 -0.434807 -1.529895 -5.895058
-0.781006 -0.908081 -4.000000 -0.465899 -1.513519 -5.895770
-0.778320 -0.916870 -4.000000 -0.498177 -1.494769 -5.878444
-0.787598 -0.919922 -4.000000 -0.530693 -1.479105 -5.878682
-0.784668 -0.919067 -4.000000 -0.573414 -1.471510 -5.886514
-0.781738 -0.925659 -4.000000 -0.614711 -1.454659 -5.890786
-0.784058 -0.916382 -4.000000 -0.660755 -1.440893 -5.886989
-0.786255 -0.921021 -4.000000 -0.711071 -1.437095 -5.888650
-0.786621 -0.923340 -4.000000 -0.763286 -1.434959 -5.890074
-0.793213 -0.916138 -4.000000 -0.804584 -1.434722 -5.890786
-0.780151 -0.916626 -4.000000 -0.838761 -1.448725 -5.887938
-0.784424 -0.916260 -4.000000 -0.857510 -1.458219 -5.888650
-0.783569 -0.919434 -4.000000 -0.862495 -1.457507 -5.886276
-0.778564 -0.925659 -4.000000 -0.876972 -1.439232 -5.887701
-0.778809 -0.919556 -4.000000 -0.888839 -1.411937 -5.866103
-0.788208 -0.915405 -4.000000 -0.905216 -1.376811 -5.838096
-0.781494 -0.911255 -4.000000 -0.921118 -1.331716 -5.830976
-0.785278 -0.914795 -4.000000 -0.932985 -1.286147 -5.814125
-0.781982 -0.917114 -4.000000 -0.934409 -1.260752 -5.793951
-0.791870 -0.908569 -4.000000 -0.938918 -1.243900 -5.791815
-0.783936 -0.912964 -4.000000 -0.958617 -1.231084 -5.789204
-0.786377 -0.918213 -4.000000 -0.981639 -1.229660 -5.783033
-0.782349 -0.916992 -4.000000 -1.002763 -1.245799 -5.793477
-0.784424 -0.914429 -4.000000 -1.013443 -1.271195 -5.807954
-0.784302 -0.918457 -4.000000 -1.025073 -1.294929 -5.812226
-0.781006 -0.918335 -4.000000 -1.021987 -1.329580 -5.819109
-0.781738 -0.922607 -4.000000 -1.020326 -1.373488 -5.821483
-0.783569 -0.914795 -4.000000 -1.029107 -1.388915 -5.813413
-0.790039 -0.915283 -4.000000 -1.034092 -1.370165 -5.811989
-0.784302 -0.922241 -4.000000 -1.058775 -1.342634 -5.809853
-0.783325 -0.923706 -4.000000 -1.082509 -1.327207 -5.799410
-0.783081 -0.921021 -4.000000 -1.133062 -1.315814 -5.796799
-0.774780 -0.916260 -4.000000 -1.172224 -1.310118 -5.792764
-0.781982 -0.917969 -4.000000 -1.193110 -1.324834 -5.788018
-0.787354 -0.914185 -4.000000 -1.199755 -1.315814 -5.779711
-0.788452 -0.917969 -4.000000 -1.184091 -1.283774 -5.781372
-0.786987 -0.920288 -4.000000 -1.163679 -1.254581 -5.776388
-0.787842 -0.918945 -4.000000 -1.146116 -1.241527 -5.792764
-0.787109 -0.918945 -4.000000 -1.127841 -1.223014 -5.795138
-0.785767 -0.916870 -4.000000 -1.107192 -1.203790 -5.816024
-0.780640 -0.916504 -4.000000 -1.097461 -1.197144 -5.838334
-0.779541 -0.917725 -4.000000 -1.087018 -1.209961 -5.860406
-0.786743 -0.915405 -4.000000 -1.097699 -1.235594 -5.867052
-0.782471 -0.914063 -4.000000 -1.089629 -1.249597 -5.865865
-0.779419 -0.912964 -4.000000 -1.068269 -1.237018 -5.860881
-0.785034 -0.913574 -4.000000 -1.051180 -1.188600 -5.866577
-0.785645 -0.923096 -4.000000 -1.054503 -1.138759 -5.882004
-0.788696 -0.923706 -4.000000 -1.074202 -1.116449 -5.889836
-0.779419 -0.919189 -4.000000 -1.082034 -1.141369 -5.908587
-0.775757 -0.916260 -4.000000 -1.090816 -1.187413 -5.925437
-0.782471 -0.914917 -4.000000 -1.060199 -1.227287 -5.932321
-0.781128 -0.922607 -4.000000 -1.013918 -1.252919 -5.935643
-0.783081 -0.922363 -4.000000 -0.983301 -1.271907 -5.935168
-0.781860 -0.917480 -4.000000 -0.967399 -1.275229 -5.931134
-0.789917 -0.916382 -4.000000 -0.945564 -1.254343 -5.929472
-0.783203 -0.925171 -4.000000 -0.930374 -1.234169 -5.924488
-0.783447 -0.921509 -4.000000 -0.918032 -1.225625 -5.923539
-0.784790 -0.922852 -4.000000 -0.906640 -1.220641 -5.928761
-0.788574 -0.919800 -4.000000 -0.891925 -1.237967 -5.939678
