-0.785278 -0.919678 -4.000000 -0.077610 -1.319849 -5.811989
-0.785156 -0.911377 -4.000000 -0.108939 -1.324834 -5.825992
-0.782959 -0.919678 -4.000000 -0.200078 -1.388441 -5.826704
-0.788330 -0.918823 -4.000000 -0.310678 -1.479342 -5.830027
-0.780396 -0.914307 -4.000000 -0.419143 -1.565734 -5.827178
-0.787842 -0.919189 -4.000000 -0.507196 -1.624594 -5.835723
-0.785278 -0.921143 -4.000000 -0.526658 -1.624594 -5.810565
-0.783325 -0.923340 -4.000000 -0.482275 -1.573091 -5.748144
-0.782715 -0.919922 -4.000000 -0.433858 -1.494532 -5.701863
-0.786377 -0.908569 -4.000000 -0.405615 -1.443504 -5.659854
-0.785156 -0.916382 -4.000000 -0.413684 -1.462491 -5.603604
-0.783203 -0.919556 -4.000000 -0.418668 -1.473171 -5.544507
-0.782837 -0.920410 -4.000000 -0.405852 -1.445640 -5.568003
-0.786621 -0.923584 -4.000000 -0.399918 -1.415497 -5.550915
-0.788696 -0.922485 -4.000000 -0.407751 -1.356637 -5.518162
-0.782471 -0.911621 -4.000000 -0.405377 -1.265261 -5.518162
-0.782593 -0.914795 -4.000000 -0.413921 -1.214233 -5.548067
-0.779785 -0.919189 -4.000000 -0.492956 -1.228473 -5.599095
-0.785156 -0.920776 -4.000000 -0.627053 -1.394611 -5.671009
-0.785522 -0.918945 -4.000000 -0.733144 -1.631002 -5.715154
-0.784912 -0.913208 -4.000000 -0.729821 -1.820400 -5.727733
-0.783569 -0.913696 -4.000000 -0.608303 -1.935985 -5.678841
-0.787720 -0.918335 -4.000000 -0.343194 -1.955447 -5.547829
-0.786255 -0.912842 -4.000000 0.016139 -1.922219 -5.375995
-0.789307 -0.915771 -4.000000 0.392323 -1.868343 -5.208433
-0.789917 -0.911865 -4.000000 0.730771 -1.816365 -5.074098
-0.786743 -0.918701 -4.000000 1.024835 -1.806634 -4.977738
-0.790894 -0.919067 -4.000000 1.216369 -1.758692 -4.954478
-0.782227 -0.918335 -4.000000 1.282350 -1.720480 -4.954241
-0.783569 -0.917725 -4.000000 1.237492 -1.743027 -5.002184
-0.782593 -0.926270 -4.000000 1.109329 -1.815179 -5.070063
-0.779785 -0.914795 -4.000000 0.984013 -1.889703 -5.146012
-0.784302 -0.920898 -4.000000 0.948649 -1.913200 -5.220062
-0.785645 -0.918823 -4.000000 0.919931 -1.954972 -5.294825
-0.781006 -0.917603 -4.000000 0.896909 -1.975146 -5.353685
-0.786987 -0.919312 -4.000000 0.919694 -1.936222 -5.400441
-0.781616 -0.916992 -4.000000 0.913285 -1.875226 -5.427023
-0.784546 -0.920410 -4.000000 0.903792 -1.814704 -5.433669
-0.779907 -0.922607 -4.000000 0.883618 -1.799039 -5.425362
-0.780151 -0.914307 -4.000000 0.837099 -1.828707 -5.427498
-0.782227 -0.915771 -4.000000 0.740739 -1.843897 -5.446248
-0.786987 -0.920532 -4.000000 0.642955 -1.826808 -5.479001
-0.791260 -0.917236 -4.000000 0.553715 -1.827520 -5.508193
-0.786255 -0.918945 -4.000000 0.456168 -1.826808 -5.546405
-0.777588 -0.919922 -4.000000 0.361707 -1.798090 -5.582006
-0.781372 -0.922729 -4.000000 0.238052 -1.753707 -5.607401
-0.782959 -0.918335 -4.000000 0.119857 -1.654974 -5.617370
-0.785400 -0.915527 -4.000000 0.025158 -1.503076 -5.616895
-0.782227 -0.912720 -4.000000 -0.046993 -1.369691 -5.634221
-0.788086 -0.919312 -4.000000 -0.117246 -1.273331 -5.650360
-0.791626 -0.920410 -4.000000 -0.246834 -1.230847 -5.665313
-0.784424 -0.911011 -4.000000 -0.370963 -1.251258 -5.678841
-0.783447 -0.916016 -4.000000 -0.477291 -1.261464 -5.685724
-0.783203 -0.920410 -4.000000 -0.620408 -1.286147 -5.695930
-0.785278 -0.919312 -4.000000 -0.802447 -1.295878 -5.705898
-0.786743 -0.916504 -4.000000 -1.003949 -1.283536 -5.713730
-0.779663 -0.921875 -4.000000 -1.174122 -1.274992 -5.711831
-0.781372 -0.923218 -4.000000 -1.300387 -1.245562 -5.688334
-0.778809 -0.914673 -4.000000 -1.413836 -1.178157 -5.657006
-0.781982 -0.917847 -4.000000 -1.487886 -1.119059 -5.629237
-0.789673 -0.925903 -4.000000 -1.544136 -1.093664 -5.626626
-0.784180 -0.923340 -4.000000 -1.610829 -1.077525 -5.637544
-0.782959 -0.918701 -4.000000 -1.686540 -1.107430 -5.691895
-0.785034 -0.917358 -4.000000 -1.781713 -1.236780 -5.789679
-0.783447 -0.920044 -4.000000 -1.923643 -1.461304 -5.958190
-0.781616 -0.915894 -4.000000 -2.161221 -1.833691 -6.111512
-0.776611 -0.920288 -4.000000 -2.511535 -2.214385 -6.146876
-0.784912 -0.918945 -4.000000 -2.695236 -2.285112 -6.040310
-0.777466 -0.914185 -4.000000 -2.478545 -1.965178 -5.816261
-0.784912 -0.917358 -4.000000 -2.034006 -1.462016 -5.600044
-0.781982 -0.919312 -4.000000 -1.553155 -1.027683 -5.471406
-0.781616 -0.921753 -4.000000 -1.254818 -0.803872 -5.451469
-0.787354 -0.917847 -4.000000 -1.270245 -0.860596 -5.518874
-0.780151 -0.919312 -4.000000 -1.450387 -1.035041 -5.592924
-0.790527 -0.912842 -4.000000 -1.650939 -1.160357 -5.651784
-0.780396 -0.923584 -4.000000 -1.801413 -1.186464 -5.685486
-0.777710 -0.912598 -4.000000 -1.888279 -1.067557 -5.686436
-0.788452 -0.915894 -4.000000 -1.913675 -0.889551 -5.685724
-0.785889 -0.918945 -4.000000 -1.886855 -0.744774 -5.681452
-0.790039 -0.915894 -4.000000 -1.812568 -0.694220 -5.694268
-0.787476 -0.920288 -4.000000 -1.760353 -0.758777 -5.697116
-0.783447 -0.917114 -4.000000 -1.704815 -0.837574 -5.671009
-0.783081 -0.917480 -4.000000 -1.604658 -0.885279 -5.632797
-0.786255 -0.921509 -4.000000 -1.460117 -0.927526 -5.603604
-0.785278 -0.918335 -4.000000 -1.330530 -0.950548 -5.592449
-0.784668 -0.917236 -4.000000 -1.205451 -0.932273 -5.584854
-0.778320 -0.917725 -4.000000 -1.083933 -0.926576 -5.598145
-0.786987 -0.917480 -4.000000 -0.996592 -0.978791 -5.640867
-0.780884 -0.921387 -4.000000 -0.926576 -1.064946 -5.657718
-0.787109 -0.921387 -4.000000 -0.828555 -1.130926 -5.668873
-0.786377 -0.918091 -4.000000 -0.716056 -1.134487 -5.642053
-0.787109 -0.918213 -4.000000 -0.607591 -1.106006 -5.611199
-0.781616 -0.922241 -4.000000 -0.530930 -1.094851 -5.603841
-0.782471 -0.919556 -4.000000 -0.502212 -1.150863 -5.614759
-0.784912 -0.922119 -4.000000 -0.488684 -1.260277 -5.620455
-0.779907 -0.923828 -4.000000 -0.455931 -1.369453 -5.621879
-0.779907 -0.913574 -4.000000 -0.379744 -1.440418 -5.611911
-0.787109 -0.925049 -4.000000 -0.293115 -1.498329 -5.591500
-0.780884 -0.917603 -4.000000 -0.214793 -1.518266 -5.558035
-0.787720 -0.922974 -4.000000 -0.155458 -1.518503 -5.527893
-0.788452 -0.921631 -4.000000 -0.093037 -1.490260 -5.487308
-0.779907 -0.915405 -4.000000 -0.020174 -1.464390 -5.436279
-0.789307 -0.922852 -4.000000 0.031329 -1.413599 -5.375520
-0.781128 -0.921875 -4.000000 0.056962 -1.360909 -5.343954
-0.784180 -0.917969 -4.000000 0.083544 -1.343346 -5.337308
-0.787842 -0.918823 -4.000000 0.103480 -1.368029 -5.352736
-0.784058 -0.920288 -4.000000 0.143116 -1.414548 -5.350362
-0.775513 -0.918091 -4.000000 0.243036 -1.485038 -5.357245
-0.776489 -0.922363 -4.000000 0.361944 -1.625306 -5.330425
-0.793213 -0.924561 -4.000000 0.443589 -1.771271 -5.270616
-0.792236 -0.919312 -4.000000 0.459728 -1.881159 -5.251154
-0.783203 -0.913452 -4.000000 0.409412 -1.954735 -5.241660
-0.785767 -0.910767 -4.000000 0.379744 -1.919846 -5.219113
-0.793701 -0.914063 -4.000000 0.388289 -1.812330 -5.239761
-0.781006 -0.920532 -4.000000 0.384491 -1.704815 -5.265632
-0.782471 -0.916748 -4.000000 0.350789 -1.654974 -5.331138
-0.786743 -0.924438 -4.000000 0.299761 -1.598012 -5.384777
-0.789307 -0.923340 -4.000000 0.296675 -1.544611 -5.432719
-0.779907 -0.918823 -4.000000 0.300473 -1.537965 -5.435804
-0.781738 -0.920898 -4.000000 0.285283 -1.567633 -5.434618
-0.782104 -0.922241 -4.000000 0.274840 -1.596351 -5.432007
-0.786743 -0.914917 -4.000000 0.256090 -1.616525 -5.449333
-0.778198 -0.917358 -4.000000 0.233543 -1.662094 -5.491342
-0.781860 -0.920898 -4.000000 0.185363 -1.742790 -5.538098
-0.785034 -0.917847 -4.000000 0.108465 -1.823248 -5.536911
-0.782104 -0.913208 -4.000000 0.076661 -1.802837 -5.499887
-0.791138 -0.916626 -4.000000 0.104430 -1.753470 -5.459301
-0.783081 -0.918945 -4.000000 0.163527 -1.610829 -5.421090
-0.790283 -0.912354 -4.000000 0.123892 -1.552917 -5.401865
-0.787231 -0.917236 -4.000000 0.111550 -1.510908 -5.396881
-0.783447 -0.909790 -4.000000 0.096123 -1.463440 -5.433194
-0.785767 -0.919922 -4.000000 0.038686 -1.424516 -5.476390
-0.778687 -0.919556 -4.000000 -0.036788 -1.467000 -5.545456
-0.781738 -0.913574 -4.000000 -0.130300 -1.544848 -5.607876
-0.787598 -0.915527 -4.000000 -0.208859 -1.590417 -5.653208
-0.782959 -0.925537 -4.000000 -0.236154 -1.608692 -5.661515
-0.789551 -0.914917 -4.000000 -0.201739 -1.570955 -5.669110
-0.782959 -0.918213 -4.000000 -0.180616 -1.509009 -5.664126
-0.783203 -0.917236 -4.000000 -0.187024 -1.456557 -5.640392
-0.786133 -0.917603 -4.000000 -0.188923 -1.359722 -5.610250
-0.784668 -0.919434 -4.000000 -0.190822 -1.285198 -5.597908
-0.781128 -0.917236 -4.000000 -0.197942 -1.293979 -5.614285
-0.784180 -0.917480 -4.000000 -0.246359 -1.373488 -5.655107
-0.782104 -0.916260 -4.000000 -0.295489 -1.433298 -5.687860
-0.782471 -0.920288 -4.000000 -0.350314 -1.468662 -5.715629
-0.779907 -0.919678 -4.000000 -0.381406 -1.499279 -5.723936
-0.782593 -0.922729 -4.000000 -0.384017 -1.510671 -5.731293
-0.787842 -0.910889 -4.000000 -0.374286 -1.505449 -5.734616
-0.784546 -0.920166 -4.000000 -0.345805 -1.489785 -5.717527
-0.786011 -0.919067 -4.000000 -0.319460 -1.457032 -5.698066
