-0.781250 -0.911743 -4.000000 -0.244460 -1.367080 -5.892447
-0.783691 -0.917236 -4.000000 -0.267245 -1.404580 -5.878919
-0.787476 -0.916870 -4.000000 -0.298337 -1.413599 -5.900280
-0.787598 -0.919556 -4.000000 -0.340109 -1.412887 -5.902653
-0.778687 -0.919434 -4.000000 -0.379507 -1.406479 -5.909061
-0.787720 -0.916870 -4.000000 -0.412735 -1.377760 -5.900991
-0.785400 -0.925659 -4.000000 -0.411311 -1.367792 -5.898143
-0.786011 -0.915283 -4.000000 -0.421042 -1.358773 -5.897906
-0.784668 -0.919678 -4.000000 -0.412023 -1.350941 -5.888650
-0.786377 -0.920532 -4.000000 -0.400156 -1.340973 -5.885090
-0.784790 -0.917969 -4.000000 -0.399918 -1.339311 -5.879394
-0.781860 -0.919556 -4.000000 -0.393748 -1.350704 -5.873697
-0.779053 -0.917114 -4.000000 -0.397308 -1.359485 -5.871562
-0.783325 -0.917725 -4.000000 -0.391849 -1.374438 -5.869425
-0.789673 -0.914673 -4.000000 -0.385203 -1.392238 -5.876308
-0.783325 -0.916626 -4.000000 -0.394460 -1.415972 -5.881530
-0.785400 -0.916748 -4.000000 -0.418668 -1.424042 -5.875596
-0.787476 -0.916260 -4.000000 -0.442165 -1.422855 -5.874647
-0.783081 -0.912842 -4.000000 -0.459965 -1.426652 -5.879868
-0.789795 -0.926636 -4.000000 -0.458779 -1.438045 -5.880817
-0.780396 -0.918701 -4.000000 -0.433383 -1.444690 -5.881055
-0.781616 -0.918945 -4.000000 -0.389238 -1.435909 -5.868950
-0.780762 -0.917236 -4.000000 -0.333463 -1.404342 -5.856846
-0.781372 -0.916870 -4.000000 -0.286232 -1.348805 -5.840707
-0.787598 -0.916260 -4.000000 -0.255615 -1.297777 -5.825043
-0.780762 -0.917725 -4.000000 -0.243748 -1.286622 -5.815549
-0.769165 -0.913086 -4.000000 -0.234730 -1.329818 -5.809141
-0.781616 -0.918091 -4.000000 -0.206249 -1.408377 -5.804394
-0.779297 -0.919678 -4.000000 -0.147388 -1.497143 -5.803207
-0.791260 -0.915283 -4.000000 -0.075712 -1.537728 -5.791103
-0.783325 -0.923950 -4.000000 -0.017801 -1.517079 -5.783033
-0.788330 -0.917847 -4.000000 -0.010918 -1.437570 -5.752891
-0.791138 -0.919678 -4.000000 -0.029430 -1.366843 -5.731293
-0.786499 -0.916870 -4.000000 -0.056724 -1.335989 -5.713730
-0.781738 -0.925781 -4.000000 -0.066218 -1.385830 -5.717527
-0.787354 -0.916382 -4.000000 -0.028718 -1.489548 -5.734141
-0.787231 -0.916748 -4.000000 0.062895 -1.574990 -5.741736
-0.784424 -0.911865 -4.000000 0.147388 -1.600148 -5.748144
-0.781250 -0.921753 -4.000000 0.221438 -1.559800 -5.732005
-0.779907 -0.922852 -4.000000 0.252293 -1.482427 -5.716578
-0.785400 -0.920166 -4.000000 0.239951 -1.408852 -5.719189
-0.783447 -0.916016 -4.000000 0.230220 -1.355213 -5.707085
-0.779785 -0.920044 -4.000000 0.194619 -1.326257 -5.720138
-0.786743 -0.915039 -4.000000 0.172309 -1.335751 -5.728683
-0.790161 -0.920898 -4.000000 0.178005 -1.389627 -5.741499
-0.785522 -0.917847 -4.000000 0.202451 -1.446352 -5.744347
-0.783936 -0.914917 -4.000000 0.237578 -1.467475 -5.740787
-0.785034 -0.916626 -4.000000 0.291929 -1.477206 -5.729632
-0.781738 -0.911743 -4.000000 0.338447 -1.482902 -5.727258
-0.786377 -0.916504 -4.000000 0.392561 -1.459880 -5.690233
-0.787964 -0.916748 -4.000000 0.465424 -1.406004 -5.657718
-0.784546 -0.917480 -4.000000 0.515978 -1.308694 -5.631847
-0.787598 -0.918579 -4.000000 0.545645 -1.192872 -5.600993
-0.782104 -0.914917 -4.000000 0.562734 -1.119771 -5.579633
-0.784546 -0.921997 -4.000000 0.551104 -1.099835 -5.570376
-0.784424 -0.919434 -4.000000 0.500788 -1.134724 -5.592924
-0.781738 -0.916138 -4.000000 0.428637 -1.183616 -5.625677
-0.791382 -0.921265 -4.000000 0.335836 -1.270720 -5.662227
-0.787231 -0.915405 -4.000000 0.244698 -1.364232 -5.675281
-0.787720 -0.919800 -4.000000 0.154983 -1.425940 -5.687860
-0.777344 -0.914185 -4.000000 0.101107 -1.438519 -5.689047
-0.783569 -0.923340 -4.000000 0.087104 -1.415735 -5.683588
-0.793457 -0.916016 -4.000000 0.097072 -1.384643 -5.687623
-0.790039 -0.917603 -4.000000 0.117721 -1.364944 -5.687623
-0.781738 -0.914917 -4.000000 0.132436 -1.341685 -5.682401
-0.773804 -0.919312 -4.000000 0.154509 -1.315577 -5.678604
-0.778442 -0.921753 -4.000000 0.136233 -1.299201 -5.675756
-0.783691 -0.918335 -4.000000 0.085205 -1.304422 -5.699964
-0.781982 -0.919556 -4.000000 0.025633 -1.331004 -5.738176
-0.782959 -0.923828 -4.000000 -0.022785 -1.389153 -5.765945
-0.784058 -0.916626 -4.000000 -0.040348 -1.446114 -5.795375
-0.780762 -0.919189 -4.000000 -0.028956 -1.479817 -5.818397
-0.786011 -0.913574 -4.000000 -0.008544 -1.482665 -5.823618
-0.784424 -0.915405 -4.000000 0.009019 -1.470323 -5.834062
-0.786865 -0.917725 -4.000000 0.017801 -1.448962 -5.833824
-0.782227 -0.914795 -4.000000 -0.000475 -1.423567 -5.836435
-0.782227 -0.914185 -4.000000 -0.030142 -1.412412 -5.835485
-0.784668 -0.914673 -4.000000 -0.075000 -1.422380 -5.839758
-0.778564 -0.913696 -4.000000 -0.119145 -1.439706 -5.853761
-0.784058 -0.916748 -4.000000 -0.150948 -1.478393 -5.867764
-0.785889 -0.914917 -4.000000 -0.163765 -1.528946 -5.882004
-0.786011 -0.916382 -4.000000 -0.171834 -1.561936 -5.897431
-0.784424 -0.917480 -4.000000 -0.173496 -1.585433 -5.898143
-0.782593 -0.916504 -4.000000 -0.178243 -1.577601 -5.896482
-0.786377 -0.912109 -4.000000 -0.199366 -1.546747 -5.891498
-0.779297 -0.916870 -4.000000 -0.226897 -1.522538 -5.874172
-0.779053 -0.920532 -4.000000 -0.271755 -1.496668 -5.879394
-0.783203 -0.923584 -4.000000 -0.329903 -1.473883 -5.881055
-0.786987 -0.931030 -4.000000 -0.396358 -1.464627 -5.875834
-0.783447 -0.917358 -4.000000 -0.463526 -1.455608 -5.887701
-0.786255 -0.917969 -4.000000 -0.524997 -1.456557 -5.896008
-0.781738 -0.915527 -4.000000 -0.591689 -1.466763 -5.905263
-0.780151 -0.922729 -4.000000 -0.663603 -1.469136 -5.896957
-0.786621 -0.922974 -4.000000 -0.717480 -1.466051 -5.896957
-0.785767 -0.923218 -4.000000 -0.768033 -1.449200 -5.895533
-0.779175 -0.924072 -4.000000 -0.806482 -1.438994 -5.891735
-0.780762 -0.914673 -4.000000 -0.840185 -1.421668 -5.882479
-0.787231 -0.920410 -4.000000 -0.856324 -1.403393 -5.880343
-0.780518 -0.918457 -4.000000 -0.886941 -1.387017 -5.875359
-0.791138 -0.918579 -4.000000 -0.918270 -1.400782 -5.874409
-0.788696 -0.919434 -4.000000 -0.944377 -1.435434 -5.864678
-0.786621 -0.920532 -4.000000 -0.960041 -1.470560 -5.865390
-0.780884 -0.927612 -4.000000 -0.958380 -1.484326 -5.858508
-0.791504 -0.917847 -4.000000 -0.972146 -1.474120 -5.853049
-0.784790 -0.920532 -4.000000 -0.993032 -1.456557 -5.849489
-0.782593 -0.912842 -4.000000 -1.039550 -1.424279 -5.861830
-0.780518 -0.911743 -4.000000 -1.084645 -1.417871 -5.862068
-0.783569 -0.917114 -4.000000 -1.120958 -1.423804 -5.863017
-0.784424 -0.923340 -4.000000 -1.137572 -1.422380 -5.861118
-0.782593 -0.917725 -4.000000 -1.151812 -1.415735 -5.856134
-0.787842 -0.919189 -4.000000 -1.163442 -1.405766 -5.853998
-0.783936 -0.919067 -4.000000 -1.191923 -1.376811 -5.827178
-0.783081 -0.921875 -4.000000 -1.219454 -1.339074 -5.835011
-0.782104 -0.922363 -4.000000 -1.265024 -1.308694 -5.840707
-0.784546 -0.916138 -4.000000 -1.307033 -1.296590 -5.841182
-0.784790 -0.928101 -4.000000 -1.340023 -1.302761 -5.835011
-0.784912 -0.913940 -4.000000 -1.341922 -1.325546 -5.844267
-0.783325 -0.922119 -4.000000 -1.335989 -1.360672 -5.851624
-0.782837 -0.916260 -4.000000 -1.325783 -1.404817 -5.839995
-0.782471 -0.917114 -4.000000 -1.320561 -1.377998 -5.837147
-0.788330 -0.921997 -4.000000 -1.301811 -1.364469 -5.834062
-0.791992 -0.921631 -4.000000 -1.298726 -1.327207 -5.826467
-0.793335 -0.920898 -4.000000 -1.298251 -1.279264 -5.822432
-0.783081 -0.923462 -4.000000 -1.284011 -1.233457 -5.823381
-0.786133 -0.916138 -4.000000 -1.257192 -1.218980 -5.844979
-0.787964 -0.915771 -4.000000 -1.217081 -1.249359 -5.850676
-0.784790 -0.921753 -4.000000 -1.157746 -1.289944 -5.844504
-0.780396 -0.916138 -4.000000 -1.113838 -1.274043 -5.835485
-0.782104 -0.916992 -4.000000 -1.086069 -1.217318 -5.816261
-0.784058 -0.917480 -4.000000 -1.084645 -1.161306 -5.810090
-0.783203 -0.920288 -4.000000 -1.110278 -1.129740 -5.814600
-0.781006 -0.917847 -4.000000 -1.167952 -1.150388 -5.831451
-0.780762 -0.912964 -4.000000 -1.209486 -1.211859 -5.847353
-0.786743 -0.917603 -4.000000 -1.214708 -1.253157 -5.851862
-0.781372 -0.921021 -4.000000 -1.191211 -1.264549 -5.862780
-0.789429 -0.918945 -4.000000 -1.154423 -1.266685 -5.859694
-0.779297 -0.921509 -4.000000 -1.141844 -1.269533 -5.852811
-0.787231 -0.915161 -4.000000 -1.145879 -1.275704 -5.855422
-0.786377 -0.914307 -4.000000 -1.160594 -1.265024 -5.860644
-0.787231 -0.917969 -4.000000 -1.189312 -1.244138 -5.856609
-0.784058 -0.916992 -4.000000 -1.202366 -1.224913 -5.860169
-0.783203 -0.918091 -4.000000 -1.195720 -1.219929 -5.869663
-0.783813 -0.916748 -4.000000 -1.152287 -1.237967 -5.871799
-0.787842 -0.920654 -4.000000 -1.082272 -1.240578 -5.866815
-0.781494 -0.913086 -4.000000 -1.024123 -1.227761 -5.855897
-0.780273 -0.917847 -4.000000 -0.966687 -1.233457 -5.847827
-0.782593 -0.921509 -4.000000 -0.924678 -1.220404 -5.857796
-0.778564 -0.917480 -4.000000 -0.905928 -1.212334 -5.874172
-0.782593 -0.911987 -4.000000 -0.887415 -1.228948 -5.890786
-0.786011 -0.920410 -4.000000 -0.898570 -1.309169 -5.906450
