-0.789795 -0.916016 -4.000000 -0.124604 -1.380608 -5.753129
-0.782227 -0.916992 -4.000000 -0.182752 -1.405054 -5.760724
-0.784424 -0.921021 -4.000000 -0.257752 -1.418108 -5.777337
-0.790039 -0.916504 -4.000000 -0.301659 -1.450624 -5.783983
-0.785278 -0.920654 -4.000000 -0.333938 -1.474120 -5.775438
-0.783936 -0.919189 -4.000000 -0.360045 -1.460355 -5.783745
-0.784668 -0.918335 -4.000000 -0.381643 -1.427839 -5.772116
-0.786621 -0.914185 -4.000000 -0.395409 -1.418583 -5.764284
-0.789795 -0.920776 -4.000000 -0.411785 -1.418346 -5.766894
-0.785889 -0.921021 -4.000000 -0.416058 -1.432111 -5.751467
-0.788818 -0.915161 -4.000000 -0.417719 -1.436858 -5.729632
-0.782715 -0.907104 -4.000000 -0.410836 -1.414548 -5.723936
-0.778442 -0.912720 -4.000000 -0.397782 -1.370878 -5.704474
-0.778931 -0.918945 -4.000000 -0.390187 -1.325783 -5.696167
-0.779419 -0.916992 -4.000000 -0.405377 -1.300387 -5.686436
-0.779053 -0.923462 -4.000000 -0.435282 -1.303948 -5.681214
-0.780396 -0.916504 -4.000000 -0.470646 -1.337175 -5.698778
-0.788452 -0.918457 -4.000000 -0.511231 -1.402444 -5.683588
-0.783813 -0.919189 -4.000000 -0.563209 -1.423804 -5.678841
-0.787109 -0.912842 -4.000000 -0.604031 -1.450387 -5.670772
-0.784180 -0.917358 -4.000000 -0.621594 -1.452760 -5.650598
-0.779663 -0.919678 -4.000000 -0.625629 -1.393188 -5.601231
-0.783936 -0.918945 -4.000000 -0.648176 -1.285910 -5.574411
-0.787231 -0.917480 -4.000000 -0.711071 -1.194771 -5.554237
-0.782227 -0.917114 -4.000000 -0.834251 -1.192635 -5.560408
-0.780518 -0.914063 -4.000000 -1.007035 -1.266922 -5.586515
-0.787231 -0.916016 -4.000000 -1.162493 -1.384406 -5.592687
-0.782349 -0.920410 -4.000000 -1.077525 -1.674198 -5.603367
-0.788330 -0.922485 -4.000000 -0.721989 -1.954972 -5.542608
-0.789551 -0.916138 -4.000000 -0.258464 -2.057503 -5.433669
-0.779175 -0.915894 -4.000000 0.247309 -2.061063 -5.255426
-0.786987 -0.922485 -4.000000 0.709173 -1.976807 -5.049889
-0.787964 -0.917725 -4.000000 1.059012 -1.795242 -4.911045
-0.789551 -0.917725 -4.000000 1.322697 -1.509247 -4.864052
-0.785522 -0.918335 -4.000000 1.421194 -1.216132 -4.860492
-0.785645 -0.915405 -4.000000 1.470560 -1.018664 -4.944510
-0.785522 -0.920288 -4.000000 1.465102 -1.003237 -5.087389
-0.783081 -0.922852 -4.000000 1.390339 -1.160831 -5.247594
-0.783081 -0.918335 -4.000000 1.204739 -1.385593 -5.400204
-0.779541 -0.919189 -4.000000 0.907115 -1.699356 -5.605978
-0.787476 -0.913452 -4.000000 0.768270 -1.821112 -5.743872
-0.788696 -0.917480 -4.000000 0.630376 -1.840337 -5.855897
-0.778687 -0.924561 -4.000000 0.517639 -1.947852 -5.917130
-0.783936 -0.910889 -4.000000 0.448098 -2.023089 -5.913570
-0.786499 -0.919312 -4.000000 0.428874 -1.950700 -5.855185
-0.788208 -0.920410 -4.000000 0.443589 -1.795242 -5.797511
-0.786621 -0.923218 -4.000000 0.515740 -1.592553 -5.702575
-0.776733 -0.911377 -4.000000 0.605930 -1.441368 -5.637306
-0.778442 -0.914429 -4.000000 0.599759 -1.360435 -5.594822
-0.782837 -0.919556 -4.000000 0.519063 -1.358061 -5.586990
-0.786255 -0.916748 -4.000000 0.415345 -1.355688 -5.593636
-0.777710 -0.920532 -4.000000 0.298811 -1.379184 -5.606689
-0.782349 -0.919922 -4.000000 0.169461 -1.406004 -5.619031
-0.784424 -0.915894 -4.000000 0.067405 -1.390102 -5.634933
-0.784546 -0.921021 -4.000000 -0.047231 -1.375862 -5.635882
-0.787354 -0.923218 -4.000000 -0.181328 -1.401732 -5.635645
-0.781616 -0.913574 -4.000000 -0.303796 -1.422618 -5.611674
-0.788818 -0.913086 -4.000000 -0.400630 -1.441605 -5.601706
-0.786499 -0.918335 -4.000000 -0.501737 -1.508060 -5.590788
-0.784546 -0.919678 -4.000000 -0.595487 -1.508060 -5.572038
-0.782715 -0.913330 -4.000000 -0.691372 -1.429975 -5.556611
-0.786865 -0.913086 -4.000000 -0.821435 -1.398646 -5.567528
-0.791382 -0.918457 -4.000000 -0.957668 -1.411463 -5.568953
-0.784668 -0.923218 -4.000000 -1.126180 -1.403868 -5.564680
-0.782104 -0.914429 -4.000000 -1.336463 -1.430212 -5.572038
-0.783081 -0.920898 -4.000000 -1.528234 -1.469611 -5.577734
-0.783325 -0.918823 -4.000000 -1.663518 -1.473171 -5.591262
-0.784302 -0.924438 -4.000000 -1.763676 -1.482665 -5.610250
-0.788696 -0.925293 -4.000000 -1.821587 -1.489073 -5.611199
-0.790894 -0.924561 -4.000000 -1.801887 -1.473408 -5.601943
-0.783569 -0.921387 -4.000000 -1.716682 -1.425940 -5.591262
-0.781494 -0.921631 -4.000000 -1.676809 -1.387254 -5.594348
-0.784668 -0.911621 -4.000000 -1.628392 -1.357824 -5.570376
-0.784790 -0.918579 -4.000000 -1.606082 -1.363045 -5.561357
-0.781738 -0.921265 -4.000000 -1.565971 -1.351653 -5.543320
-0.786133 -0.922607 -4.000000 -1.551019 -1.302049 -5.534538
-0.787476 -0.917603 -4.000000 -1.575940 -1.279501 -5.523858
-0.775879 -0.922607 -4.000000 -1.629816 -1.242476 -5.516737
-0.788940 -0.918945 -4.000000 -1.688676 -1.203553 -5.531215
-0.783936 -0.919312 -4.000000 -1.776967 -1.173410 -5.547829
-0.779297 -0.915649 -4.000000 -1.836064 -1.133537 -5.554949
-0.786377 -0.914429 -4.000000 -1.868817 -1.121907 -5.561120
-0.776978 -0.919556 -4.000000 -1.868817 -1.129265 -5.573462
-0.785645 -0.917236 -4.000000 -1.837014 -1.146591 -5.589601
-0.791138 -0.918823 -4.000000 -1.779340 -1.155135 -5.597671
-0.783325 -0.914551 -4.000000 -1.718581 -1.153474 -5.612148
-0.784424 -0.911987 -4.000000 -1.648566 -1.150863 -5.617845
-0.789917 -0.918213 -4.000000 -1.584484 -1.145879 -5.614522
-0.785278 -0.914185 -4.000000 -1.523725 -1.117873 -5.631373
-0.779663 -0.916504 -4.000000 -1.428551 -1.120958 -5.647038
-0.779541 -0.924561 -4.000000 -1.286622 -1.138759 -5.636357
-0.781128 -0.915283 -4.000000 -1.123332 -1.126180 -5.611911
-0.783813 -0.913452 -4.000000 -0.960041 -1.092715 -5.577734
-0.788574 -0.918701 -4.000000 -0.828318 -1.066845 -5.551389
-0.785156 -0.918945 -4.000000 -0.741926 -1.029819 -5.540946
-0.784912 -0.915771 -4.000000 -0.698967 -1.027683 -5.549728
-0.784668 -0.914307 -4.000000 -0.668350 -1.075151 -5.565155
-0.782227 -0.912964 -4.000000 -0.646752 -1.155610 -5.591974
-0.785889 -0.915161 -4.000000 -0.614711 -1.244375 -5.618082
-0.786621 -0.921631 -4.000000 -0.561310 -1.326732 -5.635170
-0.791504 -0.924072 -4.000000 -0.483462 -1.400070 -5.611199
-0.786499 -0.911377 -4.000000 -0.386865 -1.451336 -5.600519
-0.785522 -0.920532 -4.000000 -0.265109 -1.457032 -5.579395
-0.781738 -0.917236 -4.000000 -0.116297 -1.396036 -5.543320
-0.778442 -0.916870 -4.000000 0.034652 -1.308694 -5.484222
-0.789429 -0.917603 -4.000000 0.178717 -1.228948 -5.446722
-0.777100 -0.913330 -4.000000 0.286944 -1.157271 -5.412545
-0.787598 -0.915527 -4.000000 0.344855 -1.112414 -5.399966
-0.779541 -0.917480 -4.000000 0.354586 -1.092240 -5.416105
-0.784180 -0.919556 -4.000000 0.321596 -1.101022 -5.417767
-0.783081 -0.920532 -4.000000 0.264397 -1.156797 -5.442213
-0.785156 -0.910889 -4.000000 0.190584 -1.262888 -5.483273
-0.785156 -0.915283 -4.000000 0.169698 -1.401969 -5.502497
-0.779907 -0.913574 -4.000000 0.243036 -1.538677 -5.512703
-0.786621 -0.919922 -4.000000 0.381406 -1.658297 -5.503209
-0.783569 -0.918091 -4.000000 0.544933 -1.680369 -5.463811
-0.778809 -0.913208 -4.000000 0.706562 -1.599911 -5.437941
-0.788940 -0.911011 -4.000000 0.833776 -1.461779 -5.419903
-0.787964 -0.915527 -4.000000 0.886229 -1.353789 -5.414918
-0.787598 -0.919800 -4.000000 0.876023 -1.284960 -5.421090
-0.789429 -0.912109 -4.000000 0.820011 -1.344058 -5.435092
-0.786255 -0.912964 -4.000000 0.735518 -1.433061 -5.463099
-0.778442 -0.917358 -4.000000 0.614474 -1.546035 -5.507007
-0.782227 -0.920654 -4.000000 0.530930 -1.688439 -5.564680
-0.787720 -0.918701 -4.000000 0.458067 -1.841049 -5.611911
-0.786987 -0.917480 -4.000000 0.384017 -1.956396 -5.645376
-0.785034 -0.915405 -4.000000 0.333700 -2.004813 -5.669822
-0.774902 -0.923462 -4.000000 0.309017 -1.977519 -5.697353
-0.788330 -0.918091 -4.000000 0.287182 -1.893263 -5.721087
-0.790283 -0.921143 -4.000000 0.210996 -1.829182 -5.751705
-0.781372 -0.919189 -4.000000 0.146439 -1.689626 -5.741973
-0.780273 -0.921509 -4.000000 0.037262 -1.627680 -5.725834
-0.780640 -0.925781 -4.000000 -0.065031 -1.624594 -5.759062
-0.785034 -0.916748 -4.000000 -0.136233 -1.626968 -5.784695
-0.787842 -0.919800 -4.000000 -0.215268 -1.638597 -5.825992
-0.788086 -0.921631 -4.000000 -0.291454 -1.636224 -5.841656
-0.786133 -0.915894 -4.000000 -0.336549 -1.621034 -5.847353
-0.780884 -0.914795 -4.000000 -0.393510 -1.580212 -5.845454
-0.786743 -0.915649 -4.000000 -0.421279 -1.535592 -5.839758
-0.791138 -0.911011 -4.000000 -0.431485 -1.472934 -5.828603
-0.775269 -0.917725 -4.000000 -0.429586 -1.438045 -5.812226
-0.784058 -0.918579 -4.000000 -0.410599 -1.417634 -5.814600
-0.778076 -0.914429 -4.000000 -0.380219 -1.420482 -5.810565
-0.791504 -0.918091 -4.000000 -0.365504 -1.445640 -5.802021
-0.783203 -0.919189 -4.000000 -0.342482 -1.441368 -5.796087
-0.779297 -0.920044 -4.000000 -0.338447 -1.418583 -5.778524
-0.783203 -0.923340 -4.000000 -0.337498 -1.390102 -5.758825
-0.782349 -0.915894 -4.000000 -0.327530 -1.344770 -5.737464
-0.781250 -0.914917 -4.000000 -0.307830 -1.296827 -5.704474
-0.787109 -0.919189 -4.000000 -0.294539 -1.238916 -5.664126
