-0.782471 -0.913940 -4.000000 -0.303558 -1.419532 -5.891498
-0.789795 -0.916870 -4.000000 -0.316375 -1.459405 -5.882479
-0.785400 -0.920654 -4.000000 -0.312340 -1.452997 -5.883666
-0.789185 -0.917969 -4.000000 -0.315188 -1.436146 -5.876783
-0.793701 -0.921875 -4.000000 -0.318748 -1.413836 -5.856846
-0.784302 -0.920532 -4.000000 -0.335836 -1.389153 -5.851862
-0.790771 -0.919434 -4.000000 -0.337973 -1.362571 -5.849489
-0.792847 -0.916626 -4.000000 -0.336786 -1.337412 -5.835011
-0.784424 -0.917603 -4.000000 -0.338447 -1.328631 -5.833350
-0.787354 -0.917480 -4.000000 -0.353162 -1.340735 -5.836435
-0.786255 -0.914307 -4.000000 -0.349365 -1.359722 -5.830739
-0.785156 -0.915161 -4.000000 -0.336549 -1.369691 -5.833112
-0.783081 -0.916748 -4.000000 -0.314476 -1.383694 -5.835723
-0.783203 -0.912720 -4.000000 -0.298811 -1.388678 -5.824093
-0.779785 -0.916382 -4.000000 -0.272467 -1.366605 -5.814363
-0.780640 -0.916016 -4.000000 -0.264160 -1.329106 -5.796324
-0.780151 -0.917236 -4.000000 -0.255615 -1.297539 -5.792527
-0.786011 -0.914795 -4.000000 -0.254666 -1.269533 -5.794900
-0.784668 -0.927124 -4.000000 -0.259176 -1.259328 -5.787543
-0.785278 -0.915894 -4.000000 -0.272941 -1.277603 -5.801309
-0.786621 -0.916504 -4.000000 -0.286470 -1.290656 -5.814837
-0.780151 -0.917480 -4.000000 -0.295489 -1.315814 -5.823618
-0.785156 -0.914185 -4.000000 -0.304982 -1.352128 -5.832875
-0.783325 -0.920654 -4.000000 -0.299049 -1.388441 -5.830264
-0.781738 -0.915405 -4.000000 -0.253717 -1.403630 -5.826941
-0.789673 -0.914551 -4.000000 -0.182277 -1.386067 -5.796562
-0.783081 -0.922852 -4.000000 -0.113686 -1.343821 -5.774726
-0.786011 -0.913330 -4.000000 -0.064319 -1.290182 -5.755502
-0.782104 -0.923950 -4.000000 -0.025158 -1.241290 -5.734141
-0.781982 -0.917969 -4.000000 -0.007832 -1.247935 -5.730819
-0.786743 -0.916992 -4.000000 0.000475 -1.292793 -5.730106
-0.786011 -0.916992 -4.000000 -0.008070 -1.317476 -5.729394
-0.781860 -0.918579 -4.000000 -0.043671 -1.311542 -5.738651
-0.786255 -0.915771 -4.000000 -0.094461 -1.321748 -5.741973
-0.779297 -0.914795 -4.000000 -0.108465 -1.355688 -5.739363
-0.787476 -0.918945 -4.000000 -0.086155 -1.378947 -5.730106
-0.786011 -0.924805 -4.000000 -0.021835 -1.421906 -5.720376
-0.785522 -0.918091 -4.000000 0.070015 -1.467712 -5.688809
-0.783691 -0.920532 -4.000000 0.150948 -1.484326 -5.671246
-0.784912 -0.921265 -4.000000 0.192008 -1.457507 -5.637069
-0.779663 -0.924927 -4.000000 0.187261 -1.398172 -5.617607
-0.788940 -0.918457 -4.000000 0.176581 -1.320561 -5.594110
-0.779785 -0.918823 -4.000000 0.164477 -1.241290 -5.586278
-0.788574 -0.917603 -4.000000 0.125078 -1.199043 -5.587702
-0.783447 -0.921875 -4.000000 0.086629 -1.207350 -5.601468
-0.789551 -0.917847 -4.000000 0.053402 -1.255055 -5.629474
-0.786011 -0.916260 -4.000000 0.003797 -1.340023 -5.647987
-0.782104 -0.916870 -4.000000 -0.012104 -1.414785 -5.668398
-0.786987 -0.915283 -4.000000 0.044620 -1.427839 -5.657006
-0.785645 -0.918335 -4.000000 0.133860 -1.356162 -5.615946
-0.784180 -0.921021 -4.000000 0.223812 -1.281875 -5.559221
-0.782837 -0.921997 -4.000000 0.298574 -1.254581 -5.492766
-0.780884 -0.922363 -4.000000 0.361944 -1.250071 -5.434618
-0.780762 -0.917358 -4.000000 0.421042 -1.240103 -5.415868
-0.780273 -0.921265 -4.000000 0.466136 -1.233932 -5.404001
-0.782959 -0.918091 -4.000000 0.501263 -1.230135 -5.404238
-0.779541 -0.920776 -4.000000 0.480851 -1.213996 -5.417292
-0.783936 -0.911011 -4.000000 0.447386 -1.230372 -5.460013
-0.787720 -0.912964 -4.000000 0.355298 -1.158458 -5.504633
-0.789185 -0.917603 -4.000000 0.287419 -1.151812 -5.557797
-0.785767 -0.916504 -4.000000 0.220252 -1.203553 -5.592924
-0.784546 -0.913940 -4.000000 0.183464 -1.319375 -5.623303
-0.781128 -0.918579 -4.000000 0.166376 -1.453947 -5.644901
-0.784668 -0.918579 -4.000000 0.176581 -1.520402 -5.656294
-0.779663 -0.916992 -4.000000 0.167325 -1.530845 -5.694268
-0.780396 -0.912231 -4.000000 0.125790 -1.520639 -5.736278
-0.780884 -0.915649 -4.000000 0.061471 -1.527759 -5.772353
-0.786865 -0.917480 -4.000000 0.002611 -1.523487 -5.799410
-0.783081 -0.920776 -4.000000 -0.032278 -1.530370 -5.837622
-0.792725 -0.918579 -4.000000 -0.041535 -1.544611 -5.868238
-0.785889 -0.922607 -4.000000 -0.022310 -1.575940 -5.883903
-0.785034 -0.923218 -4.000000 -0.000237 -1.604183 -5.885090
-0.783691 -0.925049 -4.000000 -0.003560 -1.602047 -5.884140
-0.781372 -0.919922 -4.000000 -0.014478 -1.569057 -5.881055
-0.785400 -0.923584 -4.000000 -0.042484 -1.531082 -5.883191
-0.786255 -0.918091 -4.000000 -0.090189 -1.509009 -5.892684
-0.780884 -0.924438 -4.000000 -0.152610 -1.504500 -5.906925
-0.783203 -0.923340 -4.000000 -0.202214 -1.529658 -5.916181
-0.786987 -0.922485 -4.000000 -0.230932 -1.549595 -5.936355
-0.781738 -0.923096 -4.000000 -0.249919 -1.565971 -5.947748
-0.779053 -0.924316 -4.000000 -0.264160 -1.571905 -5.946086
-0.779053 -0.920532 -4.000000 -0.283859 -1.571193 -5.955580
-0.781982 -0.913452 -4.000000 -0.320647 -1.579025 -5.952494
-0.782959 -0.914673 -4.000000 -0.372387 -1.589943 -5.965311
-0.783936 -0.914795 -4.000000 -0.439080 -1.594927 -5.964836
-0.785278 -0.916748 -4.000000 -0.510282 -1.588281 -5.976940
-0.785278 -0.914551 -4.000000 -0.580534 -1.584958 -5.990706
-0.786011 -0.917847 -4.000000 -0.647939 -1.585908 -5.999962
-0.785767 -0.921265 -4.000000 -0.705613 -1.580449 -5.999250
-0.786865 -0.920044 -4.000000 -0.757115 -1.567395 -5.997826
-0.781982 -0.916016 -4.000000 -0.793666 -1.552917 -5.999725
-0.783081 -0.914673 -4.000000 -0.837811 -1.537253 -5.994503
-0.783081 -0.917358 -4.000000 -0.881957 -1.524199 -5.993792
-0.786499 -0.918945 -4.000000 -0.923254 -1.502364 -5.976228
-0.776001 -0.915649 -4.000000 -0.954108 -1.490260 -5.972668
-0.782104 -0.912598 -4.000000 -0.973807 -1.505212 -5.964599
-0.779785 -0.920898 -4.000000 -0.983538 -1.530845 -5.957241
-0.779541 -0.920654 -4.000000 -0.998016 -1.574990 -5.951782
-0.786621 -0.919434 -4.000000 -1.029819 -1.591841 -5.959615
-0.776978 -0.917847 -4.000000 -1.066370 -1.595164 -5.954156
-0.789063 -0.919922 -4.000000 -1.113126 -1.569531 -5.951070
-0.789917 -0.918823 -4.000000 -1.175784 -1.517316 -5.929710
-0.790527 -0.918701 -4.000000 -1.228236 -1.491684 -5.927099
-0.783691 -0.924805 -4.000000 -1.266210 -1.484801 -5.913808
-0.785400 -0.916626 -4.000000 -1.272381 -1.498092 -5.916419
-0.785522 -0.912598 -4.000000 -1.268346 -1.502839 -5.919029
-0.783447 -0.916382 -4.000000 -1.262413 -1.503313 -5.909536
-0.789551 -0.921143 -4.000000 -1.288758 -1.481715 -5.905263
-0.784058 -0.917114 -4.000000 -1.342871 -1.462253 -5.888175
-0.775146 -0.918213 -4.000000 -1.387966 -1.448725 -5.886039
-0.779419 -0.914307 -4.000000 -1.428314 -1.449200 -5.880817
-0.784668 -0.916626 -4.000000 -1.441130 -1.460592 -5.874647
-0.785400 -0.919922 -4.000000 -1.435909 -1.449200 -5.868713
-0.780151 -0.922363 -4.000000 -1.413124 -1.395086 -5.857558
-0.787109 -0.916382 -4.000000 -1.386305 -1.322223 -5.846878
-0.794189 -0.912231 -4.000000 -1.364707 -1.243900 -5.832163
-0.784424 -0.917480 -4.000000 -1.333852 -1.167714 -5.827416
-0.789063 -0.912720 -4.000000 -1.303236 -1.133775 -5.837147
-0.785156 -0.917725 -4.000000 -1.300625 -1.152524 -5.844030
-0.779907 -0.924072 -4.000000 -1.299913 -1.194296 -5.856134
-0.792114 -0.917236 -4.000000 -1.295403 -1.224439 -5.868238
-0.787354 -0.923706 -4.000000 -1.269296 -1.240340 -5.871324
-0.775391 -0.914673 -4.000000 -1.228236 -1.249834 -5.882004
-0.790405 -0.918091 -4.000000 -1.195720 -1.257429 -5.886751
-0.782959 -0.916504 -4.000000 -1.163205 -1.255530 -5.881292
-0.782959 -0.925049 -4.000000 -1.154660 -1.244612 -5.891261
-0.784058 -0.916870 -4.000000 -1.149676 -1.238442 -5.894109
-0.786499 -0.920532 -4.000000 -1.136385 -1.247935 -5.915707
-0.779907 -0.919800 -4.000000 -1.109566 -1.274517 -5.931371
-0.783936 -0.920044 -4.000000 -1.075626 -1.297777 -5.946561
-0.782104 -0.922119 -4.000000 -1.038838 -1.304185 -5.949172
-0.781982 -0.922363 -4.000000 -1.005136 -1.302998 -5.950833
-0.786011 -0.915039 -4.000000 -0.983063 -1.302761 -5.960564
-0.784790 -0.921387 -4.000000 -0.973095 -1.316052 -5.960564
-0.783447 -0.922607 -4.000000 -0.954583 -1.324359 -5.962225
-0.786987 -0.912842 -4.000000 -0.936070 -1.313204 -5.971007
-0.781372 -0.917847 -4.000000 -0.914472 -1.305609 -5.982399
-0.786987 -0.921509 -4.000000 -0.891687 -1.296115 -5.993554
-0.782104 -0.916382 -4.000000 -0.896909 -1.278315 -6.011117
-0.784180 -0.919067 -4.000000 -0.937257 -1.247935 -6.044820
-0.791870 -0.919067 -4.000000 -0.989946 -1.233932 -6.072588
-0.780396 -0.918457 -4.000000 -1.025073 -1.230847 -6.102731
-0.784912 -0.916016 -4.000000 -1.003712 -1.251021 -6.125515
-0.786743 -0.916870 -4.000000 -0.927763 -1.310830 -6.117446
-0.786377 -0.920898 -4.000000 -0.824283 -1.388915 -6.097509
-0.785522 -0.916016 -4.000000 -0.701815 -1.416684 -6.069028
-0.791138 -0.914795 -4.000000 -0.597148 -1.416684 -6.046719
-0.788574 -0.912354 -4.000000 -0.551579 -1.387966 -6.033427
-0.786499 -0.913330 -4.000000 -0.526421 -1.374912 -6.010643
-0.788330 -0.916626 -4.000000 -0.535202 -1.368267 -6.009931
