-0.791016 -0.921509 -4.000000 -0.382830 -1.223252 -5.933033
-0.784058 -0.910156 -4.000000 -0.370488 -1.274992 -5.914995
-0.783447 -0.924438 -4.000000 -0.357672 -1.268821 -5.940627
-0.783203 -0.916870 -4.000000 -0.361232 -1.256242 -5.945374
-0.787476 -0.911743 -4.000000 -0.365267 -1.252445 -5.932558
-0.783569 -0.919067 -4.000000 -0.388526 -1.287334 -5.933270
-0.782715 -0.919434 -4.000000 -0.411785 -1.348567 -5.920691
-0.783203 -0.920410 -4.000000 -0.415108 -1.400308 -5.923064
-0.785400 -0.921631 -4.000000 -0.394222 -1.422618 -5.917843
-0.781616 -0.914673 -4.000000 -0.394697 -1.437095 -5.908824
-0.783813 -0.921997 -4.000000 -0.396833 -1.442792 -5.891023
-0.779419 -0.917847 -4.000000 -0.394697 -1.423330 -5.883191
-0.786255 -0.919067 -4.000000 -0.397782 -1.381320 -5.872510
-0.786743 -0.923706 -4.000000 -0.399918 -1.346906 -5.877257
-0.786621 -0.917847 -4.000000 -0.402766 -1.326020 -5.874172
-0.787109 -0.911377 -4.000000 -0.407513 -1.318188 -5.871324
-0.790405 -0.917847 -4.000000 -0.407988 -1.317951 -5.864678
-0.787964 -0.918823 -4.000000 -0.411311 -1.320087 -5.867527
-0.784058 -0.917969 -4.000000 -0.416532 -1.317476 -5.871562
-0.790405 -0.922729 -4.000000 -0.428399 -1.317951 -5.882479
-0.787476 -0.918091 -4.000000 -0.452371 -1.332666 -5.886514
-0.786255 -0.920410 -4.000000 -0.487260 -1.357824 -5.878919
-0.785156 -0.919556 -4.000000 -0.499839 -1.371115 -5.892684
-0.782349 -0.915039 -4.000000 -0.498415 -1.370403 -5.898855
-0.784180 -0.912354 -4.000000 -0.473257 -1.352365 -5.889836
-0.780762 -0.923462 -4.000000 -0.451184 -1.326970 -5.888887
-0.788208 -0.914917 -4.000000 -0.425788 -1.303473 -5.890786
-0.785156 -0.915771 -4.000000 -0.387577 -1.300150 -5.864678
-0.781128 -0.912354 -4.000000 -0.323495 -1.324121 -5.857321
-0.790649 -0.922363 -4.000000 -0.229508 -1.345245 -5.836910
-0.790894 -0.919434 -4.000000 -0.104192 -1.334327 -5.806056
-0.783936 -0.923218 -4.000000 0.024446 -1.245799 -5.766182
-0.781006 -0.917725 -4.000000 0.119145 -1.092003 -5.735328
-0.786011 -0.918701 -4.000000 0.115110 -0.964551 -5.730581
-0.790161 -0.917847 -4.000000 0.074762 -0.939156 -5.762385
-0.789673 -0.925293 -4.000000 0.019225 -1.013918 -5.810090
-0.788574 -0.920776 -4.000000 -0.020174 -1.156559 -5.850676
-0.778687 -0.912231 -4.000000 -0.020886 -1.318663 -5.864678
-0.775513 -0.923096 -4.000000 0.013528 -1.402681 -5.855422
-0.779175 -0.915894 -4.000000 0.048892 -1.415497 -5.822195
-0.779297 -0.911377 -4.000000 0.071439 -1.398884 -5.792764
-0.776489 -0.916748 -4.000000 0.131012 -1.393188 -5.754790
-0.783569 -0.914795 -4.000000 0.226897 -1.410039 -5.707322
-0.781982 -0.916626 -4.000000 0.343194 -1.423804 -5.660328
-0.785278 -0.917114 -4.000000 0.448573 -1.422618 -5.610013
-0.783569 -0.916016 -4.000000 0.507196 -1.429026 -5.575835
-0.787720 -0.922729 -4.000000 0.501737 -1.467712 -5.566342
-0.783203 -0.921997 -4.000000 0.440741 -1.490497 -5.564206
-0.781982 -0.921509 -4.000000 0.342007 -1.522538 -5.599095
-0.783203 -0.921753 -4.000000 0.237578 -1.558139 -5.635408
-0.789307 -0.918579 -4.000000 0.160442 -1.608930 -5.675756
-0.784302 -0.913330 -4.000000 0.101344 -1.654024 -5.705660
-0.786743 -0.914307 -4.000000 0.088053 -1.667078 -5.729157
-0.789551 -0.912231 -4.000000 0.115110 -1.631477 -5.743160
-0.780029 -0.916260 -4.000000 0.175869 -1.566446 -5.723224
-0.780884 -0.912598 -4.000000 0.236391 -1.513994 -5.701863
-0.786133 -0.913086 -4.000000 0.281248 -1.446352 -5.677654
-0.787598 -0.923340 -4.000000 0.300947 -1.368741 -5.658905
-0.782471 -0.921509 -4.000000 0.275552 -1.299438 -5.664126
-0.776978 -0.920166 -4.000000 0.217878 -1.298251 -5.695692
-0.781372 -0.918823 -4.000000 0.155695 -1.384643 -5.728920
-0.782959 -0.922363 -4.000000 0.139793 -1.506161 -5.758587
-0.788086 -0.912109 -4.000000 0.157119 -1.615575 -5.776625
-0.781982 -0.918945 -4.000000 0.182752 -1.681556 -5.794425
-0.785034 -0.921997 -4.000000 0.193907 -1.687727 -5.791815
-0.787231 -0.919678 -4.000000 0.188211 -1.642395 -5.783983
-0.783936 -0.917969 -4.000000 0.158069 -1.575465 -5.770454
-0.777832 -0.918945 -4.000000 0.093749 -1.499991 -5.766894
-0.784424 -0.916626 -4.000000 0.049367 -1.433773 -5.775676
-0.783081 -0.915039 -4.000000 0.014003 -1.410751 -5.785644
-0.788696 -0.919922 -4.000000 -0.017563 -1.411225 -5.806056
-0.790527 -0.918579 -4.000000 -0.053876 -1.427364 -5.839758
-0.790405 -0.912109 -4.000000 -0.071202 -1.453709 -5.879394
-0.785522 -0.913818 -4.000000 -0.090427 -1.473408 -5.913096
-0.791016 -0.915405 -4.000000 -0.108939 -1.501889 -5.929947
-0.786987 -0.916748 -4.000000 -0.139556 -1.546035 -5.926387
-0.787354 -0.920044 -4.000000 -0.151186 -1.553867 -5.921877
-0.782593 -0.913574 -4.000000 -0.146202 -1.528471 -5.913570
-0.783569 -0.917114 -4.000000 -0.160917 -1.512095 -5.903365
-0.783203 -0.919800 -4.000000 -0.179904 -1.522063 -5.898618
-0.791870 -0.922974 -4.000000 -0.182040 -1.533693 -5.896957
-0.786377 -0.909546 -4.000000 -0.183227 -1.539626 -5.901703
-0.783203 -0.917969 -4.000000 -0.196280 -1.555766 -5.900517
-0.782837 -0.915161 -4.000000 -0.214318 -1.546984 -5.892447
-0.783447 -0.919800 -4.000000 -0.233068 -1.538202 -5.895533
-0.786499 -0.917236 -4.000000 -0.246122 -1.512570 -5.892684
-0.781616 -0.918701 -4.000000 -0.278163 -1.491684 -5.889362
-0.781982 -0.918823 -4.000000 -0.309017 -1.476257 -5.888650
-0.789063 -0.909302 -4.000000 -0.340821 -1.476731 -5.891023
-0.774414 -0.922852 -4.000000 -0.376422 -1.477206 -5.908824
-0.776245 -0.911133 -4.000000 -0.402529 -1.471985 -5.902890
-0.787476 -0.916504 -4.000000 -0.432909 -1.459880 -5.898618
-0.786499 -0.917480 -4.000000 -0.487022 -1.443266 -5.894109
-0.781494 -0.907837 -4.000000 -0.554902 -1.416447 -5.895533
-0.787598 -0.921265 -4.000000 -0.623730 -1.382033 -5.877495
-0.786011 -0.911377 -4.000000 -0.685676 -1.338599 -5.864916
-0.783203 -0.913818 -4.000000 -0.742400 -1.304897 -5.858270
-0.782227 -0.915527 -4.000000 -0.783935 -1.284011 -5.859694
-0.780396 -0.911377 -4.000000 -0.806720 -1.270245 -5.853286
-0.783691 -0.920044 -4.000000 -0.829267 -1.256242 -5.842131
-0.788696 -0.926147 -4.000000 -0.851102 -1.244375 -5.841182
-0.779175 -0.919678 -4.000000 -0.882194 -1.237967 -5.842369
-0.785278 -0.918457 -4.000000 -0.913523 -1.237018 -5.834536
-0.787720 -0.923340 -4.000000 -0.934646 -1.243426 -5.833350
-0.785522 -0.928833 -4.000000 -0.943665 -1.250309 -5.836435
-0.783936 -0.926025 -4.000000 -0.961228 -1.263362 -5.842606
-0.787720 -0.917603 -4.000000 -0.960516 -1.279976 -5.843555
-0.784912 -0.918213 -4.000000 -0.970959 -1.284723 -5.851862
-0.789795 -0.920166 -4.000000 -0.982589 -1.340735 -5.850201
-0.779175 -0.920410 -4.000000 -1.008934 -1.360909 -5.848064
-0.781372 -0.921997 -4.000000 -1.045247 -1.315103 -5.846878
-0.787598 -0.919189 -4.000000 -1.083696 -1.256954 -5.842369
-0.783325 -0.922852 -4.000000 -1.103158 -1.209249 -5.828128
-0.783325 -0.914063 -4.000000 -1.118585 -1.152999 -5.833350
-0.790405 -0.920044 -4.000000 -1.139708 -1.106718 -5.836197
-0.785278 -0.920898 -4.000000 -1.164629 -1.117161 -5.866340
-0.788330 -0.920410 -4.000000 -1.183379 -1.187888 -5.892210
-0.793823 -0.912720 -4.000000 -1.166053 -1.287096 -5.910010
-0.784912 -0.921021 -4.000000 -1.120484 -1.358061 -5.909061
-0.786377 -0.917114 -4.000000 -1.059250 -1.391051 -5.897431
-0.792358 -0.913086 -4.000000 -1.021987 -1.361384 -5.881530
-0.778564 -0.920532 -4.000000 -1.012968 -1.284011 -5.863017
-0.787109 -0.910034 -4.000000 -1.040262 -1.237967 -5.858745
-0.786133 -0.911621 -4.000000 -1.096749 -1.241527 -5.870849
-0.785034 -0.918213 -4.000000 -1.156797 -1.265498 -5.886751
-0.781372 -0.919312 -4.000000 -1.193347 -1.277365 -5.896245
-0.775879 -0.920776 -4.000000 -1.213284 -1.260040 -5.903602
-0.784180 -0.920654 -4.000000 -1.218742 -1.222065 -5.889124
-0.788818 -0.918823 -4.000000 -1.235119 -1.149914 -5.875834
-0.784790 -0.916016 -4.000000 -1.282350 -1.076338 -5.886989
-0.781616 -0.919800 -4.000000 -1.346431 -1.027209 -5.915232
-0.789185 -0.923462 -4.000000 -1.393899 -1.016054 -5.949172
-0.782227 -0.919067 -4.000000 -1.380371 -1.032668 -5.971244
-0.788208 -0.920776 -4.000000 -1.330767 -1.099360 -5.991655
-0.781006 -0.906982 -4.000000 -1.231084 -1.175784 -5.994741
-0.781982 -0.916870 -4.000000 -1.115499 -1.256480 -5.989994
-0.789063 -0.919800 -4.000000 -1.021038 -1.309644 -5.970057
-0.777588 -0.916382 -4.000000 -0.942004 -1.322697 -5.939678
-0.781006 -0.917725 -4.000000 -0.888127 -1.302998 -5.933982
-0.786255 -0.925171 -4.000000 -0.864156 -1.274280 -5.936355
-0.785522 -0.919556 -4.000000 -0.866767 -1.275941 -5.932321
-0.783081 -0.914429 -4.000000 -0.887415 -1.286147 -5.955342
-0.782349 -0.912109 -4.000000 -0.901418 -1.304422 -5.981925
-0.782837 -0.919434 -4.000000 -0.898096 -1.332666 -5.999488
-0.782715 -0.916748 -4.000000 -0.871988 -1.349517 -5.996640
-0.784546 -0.918579 -4.000000 -0.822621 -1.362808 -5.981925
-0.781616 -0.916382 -4.000000 -0.791292 -1.362571 -5.967209
-0.786255 -0.918701 -4.000000 -0.745961 -1.364232 -5.928998
-0.785156 -0.918823 -4.000000 -0.697543 -1.368979 -5.897194
-0.784058 -0.913086 -4.000000 -0.664315 -1.353789 -5.873223
