-0.785034 -0.921265 -4.000000 -0.410124 -1.292318 -5.823381
-0.781372 -0.915649 -4.000000 -0.416770 -1.344533 -5.799884
-0.778931 -0.911255 -4.000000 -0.408937 -1.341922 -5.828365
-0.780884 -0.916992 -4.000000 -0.410836 -1.348567 -5.853286
-0.784668 -0.918823 -4.000000 -0.412023 -1.363520 -5.855422
-0.786255 -0.916016 -4.000000 -0.404665 -1.377523 -5.870612
-0.787720 -0.916260 -4.000000 -0.395884 -1.396510 -5.862780
-0.786255 -0.914307 -4.000000 -0.396358 -1.420007 -5.869663
-0.783813 -0.917725 -4.000000 -0.404191 -1.436146 -5.870375
-0.780151 -0.916138 -4.000000 -0.407039 -1.451336 -5.865390
-0.776123 -0.919434 -4.000000 -0.434570 -1.467238 -5.875596
-0.786255 -0.913208 -4.000000 -0.455456 -1.477206 -5.876071
-0.784912 -0.925293 -4.000000 -0.461864 -1.475070 -5.868950
-0.786133 -0.921021 -4.000000 -0.455931 -1.457507 -5.865390
-0.787842 -0.921021 -4.000000 -0.421042 -1.424279 -5.861118
-0.780273 -0.919312 -4.000000 -0.384017 -1.380608 -5.844030
-0.778931 -0.915283 -4.000000 -0.350314 -1.337887 -5.842843
-0.783813 -0.910278 -4.000000 -0.333700 -1.313204 -5.835485
-0.780273 -0.922852 -4.000000 -0.338685 -1.315340 -5.831688
-0.788818 -0.916870 -4.000000 -0.359808 -1.335276 -5.827891
-0.772583 -0.919556 -4.000000 -0.382830 -1.353789 -5.838334
-0.785645 -0.918823 -4.000000 -0.391611 -1.367080 -5.849726
-0.778076 -0.916870 -4.000000 -0.407751 -1.363283 -5.847590
-0.787109 -0.924683 -4.000000 -0.433858 -1.359010 -5.849963
-0.783447 -0.917480 -4.000000 -0.468272 -1.346906 -5.852574
-0.780518 -0.915649 -4.000000 -0.503399 -1.337650 -5.866103
-0.778931 -0.918701 -4.000000 -0.520250 -1.331004 -5.869900
-0.786011 -0.919434 -4.000000 -0.521674 -1.325783 -5.880105
-0.784180 -0.914795 -4.000000 -0.520250 -1.327682 -5.873935
-0.786377 -0.914063 -4.000000 -0.526183 -1.332666 -5.869663
-0.772461 -0.911499 -4.000000 -0.533304 -1.337887 -5.887701
-0.781494 -0.919800 -4.000000 -0.540661 -1.340023 -5.892210
-0.781006 -0.916260 -4.000000 -0.534965 -1.340973 -5.893159
-0.782349 -0.922729 -4.000000 -0.501025 -1.338362 -5.868001
-0.783325 -0.912842 -4.000000 -0.424839 -1.336938 -5.834299
-0.790649 -0.911987 -4.000000 -0.339159 -1.337175 -5.797749
-0.786499 -0.919678 -4.000000 -0.235916 -1.393188 -5.765470
-0.781128 -0.918579 -4.000000 -0.111313 -1.507586 -5.724411
-0.789063 -0.916748 -4.000000 0.018750 -1.610116 -5.687148
-0.787598 -0.920044 -4.000000 0.135047 -1.614389 -5.638493
-0.782349 -0.923706 -4.000000 0.211708 -1.526573 -5.587702
-0.792236 -0.921265 -4.000000 0.232356 -1.407428 -5.556611
-0.779907 -0.920044 -4.000000 0.179429 -1.326257 -5.557323
-0.785156 -0.912720 -4.000000 0.089715 -1.295403 -5.586515
-0.789429 -0.919800 -4.000000 0.014240 -1.366131 -5.616183
-0.787598 -0.918091 -4.000000 0.010443 -1.542475 -5.664363
-0.786133 -0.911743 -4.000000 0.053876 -1.701493 -5.686911
-0.779907 -0.919556 -4.000000 0.128164 -1.802837 -5.692369
-0.782593 -0.918335 -4.000000 0.192720 -1.836539 -5.678604
-0.787109 -0.917603 -4.000000 0.248258 -1.847694 -5.687148
-0.782593 -0.928345 -4.000000 0.232119 -1.688676 -5.665075
-0.784912 -0.915894 -4.000000 0.201027 -1.552680 -5.626389
-0.782227 -0.916748 -4.000000 0.192246 -1.522301 -5.615708
-0.780273 -0.916260 -4.000000 0.208147 -1.521114 -5.604791
-0.785889 -0.917358 -4.000000 0.281486 -1.532506 -5.589127
-0.785645 -0.918579 -4.000000 0.359096 -1.501652 -5.586753
-0.780029 -0.916504 -4.000000 0.406564 -1.462491 -5.584854
-0.786133 -0.921021 -4.000000 0.396833 -1.424516 -5.570614
-0.783447 -0.918335 -4.000000 0.342957 -1.417634 -5.588177
-0.779297 -0.916748 -4.000000 0.291454 -1.426178 -5.628287
-0.783325 -0.918823 -4.000000 0.253717 -1.452997 -5.679316
-0.787720 -0.913574 -4.000000 0.233543 -1.510908 -5.725122
-0.784790 -0.918701 -4.000000 0.220964 -1.564785 -5.766894
-0.789429 -0.919800 -4.000000 0.210046 -1.584246 -5.792764
-0.789063 -0.920532 -4.000000 0.182989 -1.565971 -5.820058
-0.784912 -0.920044 -4.000000 0.129350 -1.529658 -5.834774
-0.789795 -0.914429 -4.000000 0.055538 -1.491921 -5.848777
-0.782715 -0.914429 -4.000000 -0.014240 -1.474120 -5.859694
-0.783569 -0.922607 -4.000000 -0.056962 -1.486225 -5.873460
-0.782837 -0.912231 -4.000000 -0.060996 -1.518978 -5.867527
-0.784180 -0.912231 -4.000000 -0.036550 -1.537490 -5.860881
-0.783203 -0.918945 -4.000000 0.015664 -1.529421 -5.846641
-0.774780 -0.917114 -4.000000 0.060284 -1.509009 -5.833112
-0.779419 -0.925903 -4.000000 0.075474 -1.463915 -5.819584
-0.785156 -0.917603 -4.000000 0.084968 -1.424754 -5.795138
-0.786743 -0.916748 -4.000000 0.061946 -1.373251 -5.794188
-0.786133 -0.921753 -4.000000 0.029905 -1.340498 -5.786356
-0.785156 -0.916016 -4.000000 -0.007120 -1.361621 -5.789679
-0.787354 -0.918091 -4.000000 -0.010443 -1.405766 -5.826229
-0.783936 -0.919189 -4.000000 -0.014240 -1.458456 -5.855185
-0.786865 -0.919434 -4.000000 -0.012104 -1.503076 -5.860644
-0.784424 -0.918579 -4.000000 -0.035601 -1.515892 -5.875834
-0.795654 -0.920044 -4.000000 -0.069778 -1.528234 -5.879868
-0.782959 -0.920410 -4.000000 -0.119145 -1.521114 -5.883191
-0.783447 -0.912231 -4.000000 -0.175157 -1.509722 -5.891498
-0.782593 -0.919800 -4.000000 -0.217878 -1.518266 -5.915469
-0.786133 -0.914673 -4.000000 -0.258464 -1.542237 -5.929710
-0.784302 -0.921265 -4.000000 -0.285046 -1.574990 -5.922827
-0.786377 -0.916016 -4.000000 -0.305932 -1.588281 -5.930184
-0.785522 -0.913818 -4.000000 -0.319223 -1.580924 -5.911909
-0.784180 -0.908203 -4.000000 -0.330140 -1.547221 -5.892684
-0.791748 -0.912720 -4.000000 -0.359808 -1.534880 -5.891023
-0.787964 -0.913940 -4.000000 -0.406564 -1.536778 -5.888887
-0.788452 -0.913696 -4.000000 -0.457829 -1.541525 -5.886514
-0.789063 -0.917847 -4.000000 -0.511943 -1.542475 -5.882716
-0.787354 -0.917358 -4.000000 -0.572939 -1.528709 -5.872510
-0.793335 -0.916626 -4.000000 -0.643192 -1.505212 -5.864204
-0.784180 -0.926270 -4.000000 -0.721040 -1.496431 -5.870137
-0.786377 -0.916138 -4.000000 -0.801735 -1.510434 -5.868713
-0.776367 -0.913330 -4.000000 -0.864631 -1.526335 -5.881055
-0.786621 -0.923218 -4.000000 -0.898808 -1.511620 -5.881055
-0.785645 -0.915283 -4.000000 -0.908539 -1.488361 -5.866577
-0.788330 -0.913452 -4.000000 -0.907115 -1.466763 -5.855422
-0.787109 -0.919312 -4.000000 -0.925152 -1.431399 -5.848302
-0.779175 -0.923340 -4.000000 -0.938918 -1.407903 -5.839520
-0.789185 -0.919556 -4.000000 -0.960991 -1.402918 -5.827653
-0.785278 -0.921753 -4.000000 -0.979978 -1.406716 -5.812464
-0.781494 -0.919800 -4.000000 -1.010832 -1.405529 -5.807717
-0.779663 -0.919678 -4.000000 -1.044535 -1.393188 -5.790628
-0.789063 -0.912598 -4.000000 -1.077762 -1.373013 -5.775913
-0.784668 -0.916626 -4.000000 -1.118110 -1.374675 -5.789442
-0.788330 -0.909546 -4.000000 -1.137097 -1.382982 -5.797511
-0.783691 -0.911255 -4.000000 -1.140657 -1.380134 -5.800597
-0.782959 -0.915527 -4.000000 -1.133537 -1.378235 -5.782559
-0.784790 -0.915894 -4.000000 -1.135911 -1.381320 -5.778049
-0.781128 -0.915649 -4.000000 -1.145879 -1.363995 -5.780423
-0.782959 -0.915649 -4.000000 -1.152287 -1.341447 -5.783983
-0.786377 -0.917725 -4.000000 -1.156085 -1.329818 -5.794900
-0.779907 -0.926880 -4.000000 -1.167952 -1.335751 -5.801783
-0.784912 -0.917358 -4.000000 -1.168426 -1.331954 -5.798223
-0.788452 -0.916138 -4.000000 -1.149202 -1.316764 -5.807005
-0.783691 -0.915527 -4.000000 -1.120958 -1.296115 -5.805343
-0.785156 -0.912354 -4.000000 -1.109566 -1.284248 -5.792052
-0.781738 -0.918213 -4.000000 -1.100784 -1.271432 -5.791103
-0.784668 -0.921265 -4.000000 -1.112177 -1.248885 -5.797986
-0.779053 -0.919434 -4.000000 -1.127841 -1.228473 -5.808429
-0.785156 -0.912476 -4.000000 -1.140895 -1.221353 -5.816973
-0.775391 -0.923584 -4.000000 -1.142081 -1.233932 -5.816024
-0.780396 -0.918213 -4.000000 -1.113838 -1.233695 -5.818635
-0.773560 -0.916504 -4.000000 -1.074202 -1.214470 -5.814363
-0.786987 -0.912842 -4.000000 -1.029582 -1.186464 -5.807954
-0.784668 -0.920776 -4.000000 -0.985200 -1.164391 -5.797986
-0.788940 -0.909424 -4.000000 -0.932035 -1.142793 -5.793477
-0.791870 -0.916382 -4.000000 -0.899282 -1.130926 -5.799647
-0.784180 -0.916626 -4.000000 -0.891213 -1.134249 -5.837147
-0.781616 -0.920532 -4.000000 -0.913285 -1.178395 -5.884377
-0.786255 -0.920166 -4.000000 -0.948174 -1.261464 -5.938491
-0.782837 -0.914551 -4.000000 -0.962415 -1.324596 -5.991418
-0.784058 -0.921753 -4.000000 -0.935595 -1.382745 -6.016576
-0.789185 -0.919922 -4.000000 -0.903080 -1.431874 -6.008269
-0.783325 -0.917847 -4.000000 -0.873887 -1.446352 -5.999013
-0.783325 -0.919067 -4.000000 -0.860359 -1.450861 -5.964599
-0.785889 -0.923096 -4.000000 -0.847780 -1.429263 -5.933982
-0.786377 -0.921387 -4.000000 -0.825232 -1.394374 -5.916419
-0.784912 -0.920410 -4.000000 -0.815501 -1.375624 -5.902178
-0.776978 -0.921753 -4.000000 -0.802685 -1.356637 -5.900754
-0.781738 -0.913696 -4.000000 -0.798650 -1.332191 -5.902416
-0.782593 -0.919312 -4.000000 -0.805770 -1.330530 -5.903365
-0.780762 -0.916992 -4.000000 -0.821197 -1.329106 -5.900042
-0.783691 -0.917847 -4.000000 -0.815739 -1.333852 -5.896957
