-0.784790 -0.920776 -4.000000 -0.144778 -1.217556 -5.679078
-0.781738 -0.917358 -4.000000 -0.184176 -1.254818 -5.674094
-0.782837 -0.914917 -4.000000 -0.243511 -1.286622 -5.663177
-0.789551 -0.921265 -4.000000 -0.234967 -1.267160 -5.647275
-0.789063 -0.920044 -4.000000 -0.196280 -1.245087 -5.666025
-0.788574 -0.921631 -4.000000 -0.145490 -1.233932 -5.682639
-0.792969 -0.923828 -4.000000 -0.121281 -1.224439 -5.684062
-0.788818 -0.917480 -4.000000 -0.144066 -1.228473 -5.700202
-0.787720 -0.911133 -4.000000 -0.218353 -1.262650 -5.706135
-0.786865 -0.924072 -4.000000 -0.296675 -1.320087 -5.710645
-0.789795 -0.915649 -4.000000 -0.368589 -1.373963 -5.732717
-0.781616 -0.927002 -4.000000 -0.430298 -1.413599 -5.746958
-0.779541 -0.912842 -4.000000 -0.466848 -1.446589 -5.746720
-0.791260 -0.916748 -4.000000 -0.481801 -1.469136 -5.756926
-0.786499 -0.915161 -4.000000 -0.472307 -1.439469 -5.761436
-0.793457 -0.911499 -4.000000 -0.441453 -1.406716 -5.762622
-0.788574 -0.919067 -4.000000 -0.418668 -1.385593 -5.761198
-0.787476 -0.917480 -4.000000 -0.400630 -1.363045 -5.757164
-0.788330 -0.920654 -4.000000 -0.398020 -1.275467 -5.740075
-0.789673 -0.923096 -4.000000 -0.360045 -1.123094 -5.711594
-0.795410 -0.916138 -4.000000 -0.287419 -0.983775 -5.707797
-0.787842 -0.918091 -4.000000 -0.281248 -0.933222 -5.668161
-0.786865 -0.918091 -4.000000 -0.319697 -0.976181 -5.618082
-0.784424 -0.913940 -4.000000 -0.383542 -1.149676 -5.558035
-0.788940 -0.916260 -4.000000 -0.407988 -1.452523 -5.538573
-0.787598 -0.916138 -4.000000 -0.318985 -1.766524 -5.518636
-0.789063 -0.912476 -4.000000 -0.164477 -2.049908 -5.485883
-0.780762 -0.920288 -4.000000 -0.005696 -2.204654 -5.413257
-0.779907 -0.916626 -4.000000 0.147863 -2.156474 -5.365789
-0.780762 -0.914429 -4.000000 0.341770 -1.902520 -5.310726
-0.780884 -0.918823 -4.000000 0.604031 -1.548883 -5.222673
-0.785400 -0.914063 -4.000000 0.892162 -1.211385 -5.169746
-0.780762 -0.916016 -4.000000 0.995642 -1.132588 -5.198701
-0.783447 -0.918945 -4.000000 0.909725 -1.231084 -5.276549
-0.788696 -0.917603 -4.000000 0.685913 -1.446352 -5.382640
-0.778931 -0.910889 -4.000000 0.531168 -1.642632 -5.479950
-0.781006 -0.919189 -4.000000 0.471120 -1.724989 -5.560408
-0.781494 -0.915894 -4.000000 0.373099 -1.777916 -5.613098
-0.788574 -0.917725 -4.000000 0.281723 -1.836539 -5.644901
-0.790161 -0.916748 -4.000000 0.235679 -1.895637 -5.638256
-0.781128 -0.923950 -4.000000 0.213132 -1.919608 -5.633509
-0.782593 -0.914307 -4.000000 0.194856 -1.942156 -5.627813
-0.788330 -0.916382 -4.000000 0.241375 -1.921744 -5.619031
-0.788330 -0.922852 -4.000000 0.287894 -1.856001 -5.622117
-0.787354 -0.917236 -4.000000 0.286707 -1.793106 -5.646800
-0.786133 -0.920776 -4.000000 0.264160 -1.729499 -5.662702
-0.777588 -0.920654 -4.000000 0.239951 -1.636699 -5.674569
-0.781128 -0.917603 -4.000000 0.198179 -1.553155 -5.705660
-0.783691 -0.927856 -4.000000 0.120332 -1.534405 -5.745771
-0.784058 -0.918091 -4.000000 0.048417 -1.530845 -5.780897
-0.775391 -0.921509 -4.000000 -0.024209 -1.524199 -5.797274
-0.784058 -0.913452 -4.000000 -0.060759 -1.489548 -5.794425
-0.788086 -0.916138 -4.000000 -0.098971 -1.448250 -5.804869
-0.791016 -0.912720 -4.000000 -0.150948 -1.418820 -5.805581
-0.784912 -0.912354 -4.000000 -0.233780 -1.419770 -5.796324
-0.785400 -0.921509 -4.000000 -0.316849 -1.413599 -5.799172
-0.788574 -0.917725 -4.000000 -0.392086 -1.387254 -5.793477
-0.783325 -0.913330 -4.000000 -0.467086 -1.380846 -5.792764
-0.776123 -0.918945 -4.000000 -0.560123 -1.387491 -5.810802
-0.786987 -0.921021 -4.000000 -0.679031 -1.403156 -5.802970
-0.786377 -0.916260 -4.000000 -0.779900 -1.380134 -5.800834
-0.782471 -0.920532 -4.000000 -0.881957 -1.332191 -5.777100
-0.785400 -0.918091 -4.000000 -0.978317 -1.280688 -5.760486
-0.781494 -0.922241 -4.000000 -1.073727 -1.230609 -5.740787
-0.786011 -0.923462 -4.000000 -1.164154 -1.215182 -5.747670
-0.778442 -0.922729 -4.000000 -1.251970 -1.251733 -5.774489
-0.780029 -0.915527 -4.000000 -1.327207 -1.329106 -5.802732
-0.785156 -0.918457 -4.000000 -1.385593 -1.406716 -5.819346
-0.783203 -0.922119 -4.000000 -1.408852 -1.435197 -5.832637
-0.789185 -0.917480 -4.000000 -1.402681 -1.482665 -5.828840
-0.784912 -0.916748 -4.000000 -1.398409 -1.520639 -5.823381
-0.790405 -0.919189 -4.000000 -1.409564 -1.531319 -5.813650
-0.790771 -0.913940 -4.000000 -1.418820 -1.502601 -5.785407
-0.784058 -0.921143 -4.000000 -1.410276 -1.426652 -5.758587
-0.782227 -0.917969 -4.000000 -1.391763 -1.338125 -5.744822
-0.788330 -0.917725 -4.000000 -1.375387 -1.350466 -5.755265
-0.786011 -0.919067 -4.000000 -1.383456 -1.445877 -5.797274
-0.783936 -0.918213 -4.000000 -1.502364 -1.604895 -5.821245
-0.773926 -0.918213 -4.000000 -1.628866 -1.721666 -5.795138
-0.786743 -0.920532 -4.000000 -1.639784 -1.701730 -5.746720
-0.781860 -0.913452 -4.000000 -1.557190 -1.545085 -5.681452
-0.780396 -0.916138 -4.000000 -1.411937 -1.321985 -5.608351
-0.780273 -0.917358 -4.000000 -1.290419 -1.110990 -5.566579
-0.781372 -0.913574 -4.000000 -1.234882 -1.026259 -5.544744
-0.786499 -0.912231 -4.000000 -1.238679 -1.097699 -5.564680
-0.780396 -0.909302 -4.000000 -1.291843 -1.222302 -5.570139
-0.778931 -0.919189 -4.000000 -1.330767 -1.320561 -5.569427
-0.774536 -0.916748 -4.000000 -1.297539 -1.391289 -5.556374
-0.777466 -0.917480 -4.000000 -1.239154 -1.390339 -5.523146
-0.779419 -0.916870 -4.000000 -1.177445 -1.289470 -5.487070
-0.783569 -0.916748 -4.000000 -1.105768 -1.149439 -5.448146
-0.780640 -0.918091 -4.000000 -1.025547 -1.041212 -5.419665
-0.786743 -0.911865 -4.000000 -0.975943 -0.980215 -5.401865
-0.784912 -0.913086 -4.000000 -0.982826 -0.967162 -5.388337
-0.778931 -0.917480 -4.000000 -0.994456 -0.979029 -5.403764
-0.782715 -0.921631 -4.000000 -0.970010 -1.008696 -5.425836
-0.782837 -0.918701 -4.000000 -0.939393 -1.065895 -5.452656
-0.785522 -0.917114 -4.000000 -0.901893 -1.121907 -5.453130
-0.779907 -0.913086 -4.000000 -0.842558 -1.149676 -5.445298
-0.785400 -0.913330 -4.000000 -0.754267 -1.159645 -5.436279
-0.781250 -0.915161 -4.000000 -0.661942 -1.169850 -5.421564
-0.782593 -0.913208 -4.000000 -0.585044 -1.178632 -5.418716
-0.782349 -0.913452 -4.000000 -0.538288 -1.214708 -5.430583
-0.782837 -0.915527 -4.000000 -0.506484 -1.265973 -5.441026
-0.782227 -0.914795 -4.000000 -0.465662 -1.312729 -5.449333
-0.786377 -0.915771 -4.000000 -0.405615 -1.309644 -5.445298
-0.778931 -0.914063 -4.000000 -0.313764 -1.219454 -5.398305
-0.784180 -0.922974 -4.000000 -0.167325 -1.114550 -5.371248
-0.788818 -0.920166 -4.000000 0.038212 -0.941054 -5.297198
-0.784058 -0.913940 -4.000000 0.234255 -0.820011 -5.270853
-0.785278 -0.914185 -4.000000 0.333700 -0.840185 -5.281533
-0.791992 -0.915039 -4.000000 0.369539 -0.927288 -5.251628
-0.787109 -0.915405 -4.000000 0.292641 -1.111702 -5.248306
-0.784302 -0.921631 -4.000000 0.133385 -1.342159 -5.287704
-0.782227 -0.919800 -4.000000 -0.006883 -1.496905 -5.350599
-0.786377 -0.916992 -4.000000 -0.135047 -1.565259 -5.414681
-0.782227 -0.918213 -4.000000 -0.240188 -1.580686 -5.467845
-0.781494 -0.918823 -4.000000 -0.256328 -1.512570 -5.492529
-0.789063 -0.911865 -4.000000 -0.183227 -1.392950 -5.497038
-0.784912 -0.917725 -4.000000 -0.079272 -1.255293 -5.500836
-0.783813 -0.916504 -4.000000 0.040823 -1.179107 -5.495852
-0.784790 -0.913574 -4.000000 0.137183 -1.213996 -5.467845
-0.783691 -0.919312 -4.000000 0.157119 -1.347855 -5.400916
-0.780518 -0.912231 -4.000000 0.160679 -1.469136 -5.382403
-0.785645 -0.917969 -4.000000 0.235442 -1.512570 -5.392371
-0.779541 -0.918945 -4.000000 0.289318 -1.531794 -5.386675
-0.788940 -0.914795 -4.000000 0.262736 -1.536066 -5.377893
-0.784546 -0.912720 -4.000000 0.167800 -1.546984 -5.383590
-0.791870 -0.917603 -4.000000 0.029905 -1.533693 -5.399017
-0.783569 -0.913940 -4.000000 -0.060522 -1.502601 -5.415868
-0.785767 -0.918579 -4.000000 -0.068354 -1.450624 -5.443162
-0.786499 -0.914063 -4.000000 -0.049367 -1.444453 -5.470456
-0.784546 -0.912598 -4.000000 0.011155 -1.483614 -5.497750
-0.787231 -0.907959 -4.000000 0.068354 -1.503551 -5.499175
-0.789063 -0.922607 -4.000000 0.102056 -1.494532 -5.511279
-0.781616 -0.921509 -4.000000 0.166613 -1.447776 -5.493953
-0.793701 -0.920532 -4.000000 0.216692 -1.377523 -5.482561
-0.789429 -0.917480 -4.000000 0.241612 -1.305846 -5.444823
-0.794922 -0.924805 -4.000000 0.257752 -1.261226 -5.419191
-0.786255 -0.916382 -4.000000 0.274365 -1.265024 -5.427735
-0.787964 -0.915405 -4.000000 0.282910 -1.299913 -5.436042
-0.783569 -0.922852 -4.000000 0.256802 -1.348805 -5.468083
-0.779541 -0.917480 -4.000000 0.202214 -1.401969 -5.496801
-0.780273 -0.922363 -4.000000 0.129350 -1.434485 -5.504633
-0.779053 -0.921387 -4.000000 0.058148 -1.441130 -5.509143
-0.784302 -0.918823 -4.000000 -0.002373 -1.440181 -5.537386
-0.786377 -0.920288 -4.000000 -0.031329 -1.441605 -5.564443
-0.780884 -0.912354 -4.000000 -0.048417 -1.462965 -5.572038
-0.780884 -0.917114 -4.000000 -0.049367 -1.494057 -5.559459
-0.785034 -0.916138 -4.000000 -0.033465 -1.487886 -5.544744
