-0.791504 -0.915771 -4.000000 -0.330615 -1.360435 -5.847115
-0.787476 -0.920044 -4.000000 -0.323495 -1.333378 -5.848302
-0.781860 -0.918213 -4.000000 -0.334887 -1.315103 -5.859457
-0.785278 -0.914795 -4.000000 -0.374760 -1.325308 -5.873460
-0.779419 -0.915527 -4.000000 -0.414396 -1.362808 -5.889362
-0.782715 -0.922241 -4.000000 -0.435519 -1.405529 -5.900042
-0.789795 -0.913330 -4.000000 -0.446912 -1.439469 -5.906688
-0.785889 -0.912598 -4.000000 -0.442165 -1.466526 -5.915707
-0.787598 -0.917603 -4.000000 -0.428874 -1.459643 -5.920691
-0.780518 -0.914185 -4.000000 -0.397070 -1.413836 -5.902178
-0.783203 -0.917847 -4.000000 -0.361469 -1.390577 -5.870612
-0.783569 -0.916016 -4.000000 -0.336786 -1.378710 -5.858745
-0.782715 -0.911987 -4.000000 -0.323257 -1.374912 -5.848539
-0.790771 -0.917725 -4.000000 -0.328004 -1.377286 -5.858270
-0.786621 -0.916870 -4.000000 -0.328004 -1.385118 -5.858270
-0.784302 -0.921265 -4.000000 -0.342957 -1.385355 -5.866340
-0.785522 -0.911255 -4.000000 -0.362656 -1.378710 -5.885090
-0.784668 -0.911133 -4.000000 -0.370726 -1.380608 -5.914045
-0.782227 -0.914917 -4.000000 -0.356960 -1.378235 -5.921403
-0.788818 -0.918701 -4.000000 -0.345567 -1.358061 -5.914282
-0.788452 -0.910156 -4.000000 -0.336786 -1.342871 -5.917605
-0.779907 -0.919800 -4.000000 -0.343906 -1.348567 -5.914520
-0.785400 -0.917603 -4.000000 -0.358621 -1.362571 -5.917368
-0.791016 -0.914551 -4.000000 -0.371675 -1.385355 -5.919979
-0.785278 -0.916870 -4.000000 -0.372387 -1.403393 -5.928761
-0.782593 -0.919067 -4.000000 -0.376422 -1.402206 -5.910248
-0.786255 -0.918945 -4.000000 -0.368589 -1.380134 -5.886514
-0.783936 -0.916626 -4.000000 -0.338210 -1.354976 -5.873460
-0.783447 -0.917358 -4.000000 -0.315425 -1.333852 -5.858508
-0.789551 -0.916626 -4.000000 -0.272229 -1.328868 -5.849489
-0.779541 -0.919434 -4.000000 -0.207435 -1.344770 -5.839995
-0.790039 -0.927124 -4.000000 -0.162103 -1.355213 -5.829077
-0.779541 -0.920288 -4.000000 -0.135759 -1.360197 -5.818872
-0.780518 -0.913208 -4.000000 -0.136708 -1.331004 -5.801071
-0.786865 -0.917480 -4.000000 -0.146676 -1.291131 -5.792764
-0.785889 -0.915405 -4.000000 -0.151423 -1.239154 -5.784695
-0.785278 -0.922974 -4.000000 -0.144303 -1.165815 -5.754315
-0.785522 -0.924438 -4.000000 -0.123892 -1.084408 -5.736278
-0.789307 -0.915405 -4.000000 -0.055538 -1.113126 -5.725360
-0.788452 -0.921509 -4.000000 0.033228 -1.198568 -5.711357
-0.782959 -0.918457 -4.000000 0.172309 -1.325783 -5.693793
-0.783081 -0.917725 -4.000000 0.337735 -1.422618 -5.653208
-0.788940 -0.920410 -4.000000 0.492481 -1.454421 -5.604791
-0.781982 -0.917114 -4.000000 0.587892 -1.475307 -5.592687
-0.785767 -0.920410 -4.000000 0.569379 -1.392001 -5.581294
-0.780273 -0.914917 -4.000000 0.476105 -1.319137 -5.600044
-0.782471 -0.914185 -4.000000 0.368827 -1.303710 -5.646800
-0.786255 -0.914673 -4.000000 0.312102 -1.320799 -5.697828
-0.779785 -0.920288 -4.000000 0.337261 -1.331716 -5.723936
-0.782715 -0.912354 -4.000000 0.383542 -1.353314 -5.710407
-0.782104 -0.915894 -4.000000 0.429823 -1.423567 -5.693081
-0.790527 -0.914185 -4.000000 0.439792 -1.468662 -5.660566
-0.784668 -0.919434 -4.000000 0.426263 -1.458931 -5.646326
-0.782349 -0.918091 -4.000000 0.397070 -1.427602 -5.647987
-0.786499 -0.920898 -4.000000 0.390662 -1.443978 -5.635882
-0.784180 -0.917847 -4.000000 0.416532 -1.468424 -5.620693
-0.780884 -0.919922 -4.000000 0.484412 -1.476019 -5.598145
-0.792358 -0.922241 -4.000000 0.543272 -1.470086 -5.595772
-0.783325 -0.920898 -4.000000 0.554427 -1.446352 -5.606689
-0.781616 -0.918701 -4.000000 0.529981 -1.418346 -5.623066
-0.789917 -0.921875 -4.000000 0.472070 -1.387966 -5.653683
-0.785278 -0.915527 -4.000000 0.379270 -1.379896 -5.687148
-0.786377 -0.919556 -4.000000 0.279112 -1.391526 -5.719664
-0.791260 -0.911987 -4.000000 0.189872 -1.404342 -5.743872
-0.786133 -0.916626 -4.000000 0.125078 -1.420956 -5.770217
-0.781494 -0.918091 -4.000000 0.103006 -1.445877 -5.801071
-0.782227 -0.924927 -4.000000 0.118195 -1.471272 -5.809853
-0.781738 -0.913818 -4.000000 0.142167 -1.473883 -5.807954
-0.784058 -0.912109 -4.000000 0.135284 -1.442317 -5.805581
-0.785156 -0.919678 -4.000000 0.089240 -1.409564 -5.819584
-0.783936 -0.915283 -4.000000 0.017801 -1.390102 -5.831688
-0.789185 -0.917480 -4.000000 -0.059572 -1.404817 -5.838334
-0.788696 -0.911011 -4.000000 -0.125078 -1.439469 -5.868950
-0.785645 -0.921143 -4.000000 -0.174920 -1.482902 -5.891023
-0.786865 -0.921631 -4.000000 -0.201027 -1.514706 -5.890311
-0.780273 -0.918579 -4.000000 -0.209809 -1.525386 -5.897906
-0.782471 -0.916504 -4.000000 -0.210996 -1.499991 -5.891735
-0.782715 -0.923950 -4.000000 -0.215980 -1.472934 -5.881767
-0.789673 -0.925049 -4.000000 -0.228084 -1.450149 -5.882716
-0.787964 -0.913940 -4.000000 -0.257752 -1.440655 -5.874647
-0.777832 -0.912476 -4.000000 -0.298099 -1.452048 -5.874172
-0.785156 -0.922119 -4.000000 -0.348416 -1.474833 -5.883666
-0.785156 -0.919189 -4.000000 -0.387577 -1.499516 -5.888175
-0.783203 -0.919189 -4.000000 -0.429586 -1.496431 -5.897906
-0.784180 -0.920410 -4.000000 -0.457355 -1.488361 -5.890074
-0.784912 -0.912842 -4.000000 -0.486073 -1.471272 -5.884615
-0.778320 -0.916260 -4.000000 -0.527607 -1.443504 -5.882479
-0.777222 -0.919556 -4.000000 -0.578873 -1.413124 -5.876308
-0.782593 -0.913086 -4.000000 -0.624442 -1.388678 -5.879631
-0.784180 -0.915283 -4.000000 -0.665027 -1.381320 -5.873935
-0.783569 -0.915771 -4.000000 -0.690423 -1.373726 -5.859457
-0.784302 -0.920776 -4.000000 -0.723651 -1.366605 -5.863492
-0.779907 -0.908447 -4.000000 -0.754979 -1.375387 -5.863729
-0.790771 -0.922729 -4.000000 -0.788444 -1.386779 -5.852574
-0.780762 -0.915771 -4.000000 -0.819299 -1.398884 -5.847827
-0.789063 -0.924927 -4.000000 -0.844457 -1.400070 -5.840707
-0.777710 -0.914063 -4.000000 -0.875074 -1.380134 -5.831451
-0.790771 -0.918335 -4.000000 -0.919456 -1.350941 -5.820533
-0.786011 -0.911865 -4.000000 -0.972858 -1.326257 -5.814600
-0.778198 -0.921509 -4.000000 -1.021750 -1.306321 -5.828840
-0.785034 -0.914917 -4.000000 -1.045484 -1.288046 -5.821720
-0.782593 -0.918213 -4.000000 -1.066845 -1.253869 -5.802021
-0.787598 -0.920410 -4.000000 -1.090104 -1.217081 -5.797986
-0.783203 -0.916016 -4.000000 -1.112889 -1.192635 -5.788492
-0.780151 -0.918945 -4.000000 -1.133062 -1.181243 -5.783745
-0.790161 -0.913818 -4.000000 -1.162255 -1.185752 -5.794188
-0.774414 -0.919067 -4.000000 -1.181005 -1.214708 -5.800834
-0.785522 -0.917114 -4.000000 -1.183141 -1.256717 -5.805343
-0.787231 -0.919800 -4.000000 -1.170800 -1.291843 -5.795850
-0.781616 -0.915527 -4.000000 -1.146828 -1.316527 -5.805343
-0.777344 -0.917603 -4.000000 -1.132825 -1.322223 -5.819109
-0.788086 -0.914063 -4.000000 -1.131876 -1.308694 -5.821483
-0.783569 -0.920410 -4.000000 -1.152287 -1.287334 -5.845454
-0.785889 -0.916870 -4.000000 -1.187651 -1.276653 -5.847115
-0.787842 -0.913452 -4.000000 -1.228473 -1.294929 -5.861356
-0.784180 -0.923584 -4.000000 -1.254106 -1.344533 -5.875834
-0.783081 -0.914673 -4.000000 -1.262413 -1.389865 -5.877495
-0.782593 -0.920776 -4.000000 -1.270957 -1.406953 -5.883666
-0.781128 -0.921509 -4.000000 -1.279739 -1.387966 -5.885802
-0.779541 -0.922363 -4.000000 -1.260752 -1.341210 -5.880105
-0.784790 -0.917969 -4.000000 -1.237730 -1.264312 -5.863017
-0.783569 -0.915527 -4.000000 -1.216606 -1.182667 -5.830502
-0.786133 -0.918945 -4.000000 -1.204265 -1.160831 -5.821483
-0.786743 -0.915283 -4.000000 -1.182429 -1.194296 -5.834774
-0.783813 -0.919922 -4.000000 -1.153711 -1.243426 -5.831925
-0.786011 -0.916626 -4.000000 -1.116211 -1.288283 -5.845691
-0.778198 -0.922485 -4.000000 -1.078000 -1.314153 -5.858270
-0.778931 -0.919434 -4.000000 -1.053791 -1.322223 -5.855185
-0.782593 -0.916748 -4.000000 -1.036228 -1.309881 -5.853286
-0.781860 -0.917847 -4.000000 -1.026022 -1.285435 -5.868713
-0.780640 -0.919678 -4.000000 -1.018664 -1.271195 -5.879156
-0.784790 -0.919800 -4.000000 -0.993269 -1.272144 -5.894583
-0.781494 -0.919556 -4.000000 -0.956956 -1.277365 -5.903365
-0.785034 -0.917114 -4.000000 -0.922067 -1.292555 -5.927574
-0.787354 -0.918335 -4.000000 -0.893586 -1.314391 -5.944900
-0.786011 -0.914185 -4.000000 -0.881957 -1.330530 -5.953918
-0.786621 -0.920898 -4.000000 -0.884330 -1.343109 -5.952969
-0.783203 -0.919556 -4.000000 -0.897858 -1.354976 -5.976703
-0.780396 -0.919312 -4.000000 -0.882431 -1.369691 -5.992605
-0.782959 -0.920898 -4.000000 -0.838998 -1.392238 -5.999488
-0.784180 -0.918335 -4.000000 -0.761625 -1.417159 -5.988333
-0.783447 -0.920288 -4.000000 -0.674996 -1.418820 -5.969108
-0.775757 -0.917969 -4.000000 -0.601183 -1.395324 -5.946798
-0.786377 -0.920776 -4.000000 -0.543035 -1.354026 -5.913333
-0.786621 -0.914307 -4.000000 -0.523335 -1.326495 -5.891023
-0.786377 -0.917358 -4.000000 -0.518826 -1.321273 -5.885327
-0.789063 -0.917358 -4.000000 -0.509095 -1.356637 -5.890311
-0.785034 -0.910645 -4.000000 -0.500076 -1.415735 -5.899093
-0.780396 -0.918701 -4.000000 -0.472782 -1.467712 -5.903365
-0.786865 -0.915771 -4.000000 -0.427925 -1.509484 -5.893871
