-0.790771 -0.917725 -4.000000 -0.246597 -1.343821 -5.728683
-0.781494 -0.911377 -4.000000 -0.169698 -1.303473 -5.725597
-0.784302 -0.921875 -4.000000 -0.107278 -1.249359 -5.719664
-0.774780 -0.915161 -4.000000 -0.087104 -1.204265 -5.707559
-0.783203 -0.918335 -4.000000 -0.097310 -1.186464 -5.700439
-0.783447 -0.913208 -4.000000 -0.117483 -1.176733 -5.707085
-0.785767 -0.915161 -4.000000 -0.150948 -1.173648 -5.703050
-0.778564 -0.924072 -4.000000 -0.224761 -1.223727 -5.706847
-0.788330 -0.916138 -4.000000 -0.309729 -1.314391 -5.694031
-0.791382 -0.914551 -4.000000 -0.381168 -1.399833 -5.681214
-0.783325 -0.920166 -4.000000 -0.420804 -1.458456 -5.673145
-0.784790 -0.916870 -4.000000 -0.451659 -1.489310 -5.668161
-0.783813 -0.918335 -4.000000 -0.463288 -1.491684 -5.659854
-0.779419 -0.922241 -4.000000 -0.473969 -1.462965 -5.648936
-0.783447 -0.921021 -4.000000 -0.461390 -1.408140 -5.633034
-0.781982 -0.916870 -4.000000 -0.421042 -1.312254 -5.628762
-0.784424 -0.914673 -4.000000 -0.364792 -1.217081 -5.618319
-0.783936 -0.913574 -4.000000 -0.329428 -1.170088 -5.615234
-0.787109 -0.914307 -4.000000 -0.328954 -1.176733 -5.614047
-0.781128 -0.919312 -4.000000 -0.334650 -1.195483 -5.631847
-0.786011 -0.920166 -4.000000 -0.346992 -1.220166 -5.650123
-0.781616 -0.923584 -4.000000 -0.340583 -1.263837 -5.660091
-0.783813 -0.920532 -4.000000 -0.324444 -1.334090 -5.667449
-0.788940 -0.917480 -4.000000 -0.298811 -1.419770 -5.667212
-0.788452 -0.920044 -4.000000 -0.211470 -1.523250 -5.649648
-0.787109 -0.920166 -4.000000 -0.066930 -1.616762 -5.636832
-0.784668 -0.922729 -4.000000 0.111787 -1.680607 -5.629237
-0.780640 -0.916138 -4.000000 0.310916 -1.710511 -5.599095
-0.790039 -0.916260 -4.000000 0.491294 -1.693186 -5.558509
-0.792847 -0.911743 -4.000000 0.636072 -1.670164 -5.470931
-0.791748 -0.918091 -4.000000 0.793903 -1.617237 -5.435330
-0.788086 -0.918457 -4.000000 0.959567 -1.534405 -5.403526
-0.783569 -0.914551 -4.000000 1.074914 -1.464627 -5.414918
-0.788086 -0.920288 -4.000000 1.075151 -1.443266 -5.434143
-0.780518 -0.916382 -4.000000 0.979029 -1.446114 -5.473304
-0.784180 -0.919312 -4.000000 0.846118 -1.470323 -5.551627
-0.787598 -0.922852 -4.000000 0.857985 -1.449200 -5.596721
-0.788574 -0.919556 -4.000000 0.869615 -1.379659 -5.608114
-0.792725 -0.917725 -4.000000 0.806720 -1.428551 -5.629237
-0.781982 -0.915161 -4.000000 0.754267 -1.487174 -5.624490
-0.786865 -0.920776 -4.000000 0.704189 -1.524911 -5.617607
-0.782471 -0.917236 -4.000000 0.665027 -1.562411 -5.607164
-0.782837 -0.920044 -4.000000 0.666689 -1.584009 -5.587228
-0.781372 -0.918823 -4.000000 0.642955 -1.569294 -5.595534
-0.781738 -0.911865 -4.000000 0.582433 -1.556715 -5.607639
-0.779175 -0.920532 -4.000000 0.520250 -1.533693 -5.618794
-0.786499 -0.918213 -4.000000 0.455693 -1.535592 -5.635170
-0.786133 -0.915894 -4.000000 0.382355 -1.540813 -5.663414
-0.786621 -0.917847 -4.000000 0.309492 -1.577363 -5.691895
-0.791138 -0.910889 -4.000000 0.245173 -1.607980 -5.711594
-0.791138 -0.916870 -4.000000 0.183227 -1.628154 -5.714917
-0.791992 -0.917847 -4.000000 0.112025 -1.630528 -5.717053
-0.786743 -0.919800 -4.000000 0.062658 -1.584246 -5.717527
-0.789307 -0.917969 -4.000000 0.021361 -1.537016 -5.736278
-0.788818 -0.917114 -4.000000 -0.003085 -1.490734 -5.734379
-0.784546 -0.917603 -4.000000 -0.060522 -1.422380 -5.713730
-0.787109 -0.920654 -4.000000 -0.140268 -1.426178 -5.709458
-0.784790 -0.918213 -4.000000 -0.232831 -1.445402 -5.705423
-0.784302 -0.921387 -4.000000 -0.360995 -1.482665 -5.720376
-0.783569 -0.914673 -4.000000 -0.511943 -1.497617 -5.726784
-0.787964 -0.920166 -4.000000 -0.642717 -1.468424 -5.739838
-0.788086 -0.916382 -4.000000 -0.786071 -1.454421 -5.741736
-0.792236 -0.918091 -4.000000 -0.921830 -1.469374 -5.744822
-0.783936 -0.920166 -4.000000 -1.040737 -1.476494 -5.747195
-0.785889 -0.914551 -4.000000 -1.132350 -1.476731 -5.747195
-0.784912 -0.919434 -4.000000 -1.217318 -1.472934 -5.725360
-0.781616 -0.921387 -4.000000 -1.266210 -1.426652 -5.710645
-0.784912 -0.917847 -4.000000 -1.296353 -1.391763 -5.700676
-0.777588 -0.921875 -4.000000 -1.311780 -1.354976 -5.685486
-0.789307 -0.916748 -4.000000 -1.338362 -1.342634 -5.669822
-0.782104 -0.920898 -4.000000 -1.389390 -1.350229 -5.657718
-0.785278 -0.921753 -4.000000 -1.440655 -1.312492 -5.668635
-0.780029 -0.907959 -4.000000 -1.469136 -1.268346 -5.694268
-0.780273 -0.921997 -4.000000 -1.503551 -1.229423 -5.710645
-0.780518 -0.923706 -4.000000 -1.567395 -1.205689 -5.732243
-0.783447 -0.916382 -4.000000 -1.593977 -1.199993 -5.754790
-0.782349 -0.921265 -4.000000 -1.586145 -1.195483 -5.740787
-0.786621 -0.920166 -4.000000 -1.558851 -1.182429 -5.716104
-0.780396 -0.915283 -4.000000 -1.525386 -1.138047 -5.685486
-0.779297 -0.915405 -4.000000 -1.499753 -1.069693 -5.688572
-0.782715 -0.920288 -4.000000 -1.517791 -1.024835 -5.695455
-0.786255 -0.915771 -4.000000 -1.549357 -1.004424 -5.721325
-0.781860 -0.924194 -4.000000 -1.613677 -1.031956 -5.764996
-0.789673 -0.918213 -4.000000 -1.649990 -1.107904 -5.811989
-0.778809 -0.914673 -4.000000 -1.656635 -1.188838 -5.821720
-0.778564 -0.921143 -4.000000 -1.691999 -1.229660 -5.804631
-0.782104 -0.913330 -4.000000 -1.727837 -1.216606 -5.782796
-0.789307 -0.909058 -4.000000 -1.712410 -1.162493 -5.738413
-0.776611 -0.915527 -4.000000 -1.672300 -1.097936 -5.715391
-0.778442 -0.914063 -4.000000 -1.616999 -1.061148 -5.699015
-0.788696 -0.918701 -4.000000 -1.579262 -1.060674 -5.694980
-0.778931 -0.919800 -4.000000 -1.541525 -1.110990 -5.700202
-0.786621 -0.912842 -4.000000 -1.536541 -1.162493 -5.686673
-0.788574 -0.924194 -4.000000 -1.558614 -1.197382 -5.673382
-0.781006 -0.925659 -4.000000 -1.575465 -1.195720 -5.680265
-0.785522 -0.918213 -4.000000 -1.558614 -1.167714 -5.683825
-0.794312 -0.917358 -4.000000 -1.518978 -1.155373 -5.668161
-0.786255 -0.912964 -4.000000 -1.468187 -1.179107 -5.667686
-0.783081 -0.913574 -4.000000 -1.381320 -1.204502 -5.672670
-0.784424 -0.915405 -4.000000 -1.260752 -1.242714 -5.670772
-0.787842 -0.914185 -4.000000 -1.120246 -1.272619 -5.652971
-0.788940 -0.913452 -4.000000 -1.004187 -1.258141 -5.630898
-0.780640 -0.921875 -4.000000 -0.903317 -1.231559 -5.624490
-0.786743 -0.912964 -4.000000 -0.839473 -1.202841 -5.606452
-0.789429 -0.919800 -4.000000 -0.815027 -1.187176 -5.606452
-0.785645 -0.915161 -4.000000 -0.814552 -1.201654 -5.604554
-0.787231 -0.921753 -4.000000 -0.813128 -1.248410 -5.596959
-0.790161 -0.916504 -4.000000 -0.778951 -1.311068 -5.609775
-0.788574 -0.915649 -4.000000 -0.734331 -1.385118 -5.607876
-0.783569 -0.918213 -4.000000 -0.666689 -1.436858 -5.596484
-0.785889 -0.921143 -4.000000 -0.592876 -1.459880 -5.574886
-0.785278 -0.925903 -4.000000 -0.510519 -1.477918 -5.553525
-0.783325 -0.914307 -4.000000 -0.405852 -1.478630 -5.534538
-0.781860 -0.922363 -4.000000 -0.298099 -1.470086 -5.507244
-0.784302 -0.916016 -4.000000 -0.170410 -1.452048 -5.486595
-0.785034 -0.916992 -4.000000 -0.034177 -1.438994 -5.465709
-0.783569 -0.910767 -4.000000 0.091376 -1.435909 -5.449333
-0.787842 -0.916382 -4.000000 0.188686 -1.431637 -5.427735
-0.786987 -0.912720 -4.000000 0.267008 -1.425703 -5.419428
-0.783813 -0.919067 -4.000000 0.326343 -1.431874 -5.423463
-0.783936 -0.918579 -4.000000 0.357672 -1.419058 -5.431058
-0.782349 -0.924683 -4.000000 0.334175 -1.418346 -5.433194
-0.781006 -0.918823 -4.000000 0.316849 -1.383694 -5.423700
-0.789673 -0.916016 -4.000000 0.400868 -1.283299 -5.425362
-0.789917 -0.914429 -4.000000 0.510994 -1.243188 -5.408748
-0.783813 -0.917480 -4.000000 0.632512 -1.245562 -5.363653
-0.784058 -0.922729 -4.000000 0.672148 -1.267635 -5.345852
-0.784180 -0.914551 -4.000000 0.633936 -1.272381 -5.347277
-0.789063 -0.916138 -4.000000 0.551579 -1.279739 -5.353210
-0.787476 -0.924194 -4.000000 0.505772 -1.289470 -5.361042
-0.783936 -0.919434 -4.000000 0.438130 -1.337412 -5.373384
-0.784790 -0.919189 -4.000000 0.369776 -1.410751 -5.380504
-0.780396 -0.915771 -4.000000 0.285758 -1.521589 -5.412071
-0.787231 -0.918823 -4.000000 0.193670 -1.643819 -5.420377
-0.792603 -0.908813 -4.000000 0.174920 -1.703866 -5.414918
-0.789795 -0.922974 -4.000000 0.209097 -1.681556 -5.412071
-0.785400 -0.920532 -4.000000 0.234492 -1.634562 -5.406374
-0.785645 -0.919312 -4.000000 0.253242 -1.585196 -5.395694
-0.792114 -0.915527 -4.000000 0.247309 -1.549595 -5.395931
-0.787842 -0.915161 -4.000000 0.244223 -1.540101 -5.406612
-0.784912 -0.922241 -4.000000 0.236391 -1.582822 -5.420140
-0.786133 -0.915039 -4.000000 0.256802 -1.627917 -5.419665
-0.787720 -0.919556 -4.000000 0.271517 -1.623170 -5.416105
-0.786255 -0.918457 -4.000000 0.276264 -1.575227 -5.438178
-0.785889 -0.917603 -4.000000 0.285283 -1.527047 -5.470931
-0.789795 -0.922241 -4.000000 0.285046 -1.481241 -5.493478
-0.785278 -0.917114 -4.000000 0.285283 -1.476257 -5.538098
-0.785767 -0.921021 -4.000000 0.231407 -1.515892 -5.576310
-0.782715 -0.919312 -4.000000 0.137657 -1.559088 -5.606689
-0.783691 -0.919189 -4.000000 0.075712 -1.507823 -5.618794
