-0.785522 -0.912842 -4.000000 -0.245885 -1.399596 -5.669585
-0.780029 -0.920532 -4.000000 -0.259650 -1.413836 -5.674094
-0.784302 -0.915649 -4.000000 -0.314476 -1.425228 -5.676705
-0.781982 -0.916138 -4.000000 -0.368352 -1.421194 -5.684774
-0.787231 -0.920288 -4.000000 -0.406327 -1.421431 -5.715866
-0.785400 -0.919312 -4.000000 -0.447149 -1.438994 -5.732005
-0.781982 -0.918701 -4.000000 -0.476817 -1.461541 -5.749568
-0.784180 -0.917847 -4.000000 -0.466611 -1.464390 -5.735091
-0.784302 -0.913574 -4.000000 -0.434807 -1.499041 -5.736278
-0.782349 -0.915161 -4.000000 -0.402766 -1.552680 -5.729394
-0.779663 -0.918701 -4.000000 -0.383067 -1.607031 -5.710645
-0.780884 -0.917847 -4.000000 -0.346992 -1.587806 -5.669347
-0.786011 -0.921265 -4.000000 -0.271755 -1.488124 -5.617607
-0.781006 -0.918335 -4.000000 -0.193195 -1.339311 -5.551152
-0.788574 -0.920898 -4.000000 -0.150236 -1.190736 -5.493003
-0.781372 -0.921387 -4.000000 -0.165664 -1.091291 -5.474016
-0.783691 -0.913696 -4.000000 -0.238527 -1.086544 -5.503209
-0.786133 -0.910400 -4.000000 -0.330615 -1.185989 -5.547829
-0.785889 -0.912842 -4.000000 -0.419855 -1.332903 -5.580582
-0.780762 -0.923462 -4.000000 -0.478478 -1.466051 -5.603367
-0.783691 -0.914551 -4.000000 -0.510044 -1.583060 -5.634459
-0.784668 -0.916870 -4.000000 -0.526895 -1.728787 -5.643477
-0.786743 -0.918091 -4.000000 -0.455456 -1.890178 -5.580107
-0.786011 -0.916992 -4.000000 -0.228559 -2.018342 -5.456216
-0.785278 -0.924072 -4.000000 0.091139 -2.040414 -5.309777
-0.782471 -0.917969 -4.000000 0.416770 -2.010272 -5.127974
-0.781128 -0.920654 -4.000000 0.680217 -1.966839 -4.968956
-0.785645 -0.926025 -4.000000 0.850865 -1.806160 -4.908434
-0.778809 -0.922485 -4.000000 0.932985 -1.574753 -4.899890
-0.783203 -0.920654 -4.000000 0.990421 -1.384406 -4.916741
-0.783936 -0.922974 -4.000000 1.017240 -1.337650 -5.029716
-0.786743 -0.919434 -4.000000 0.834251 -1.521114 -5.235252
-0.781738 -0.914063 -4.000000 0.538050 -1.809720 -5.416343
-0.791626 -0.913574 -4.000000 0.351264 -2.049908 -5.535488
-0.788574 -0.917725 -4.000000 0.393036 -2.194448 -5.586990
-0.783203 -0.923096 -4.000000 0.529743 -2.042313 -5.543557
-0.781616 -0.924927 -4.000000 0.726736 -1.817315 -5.467134
-0.778320 -0.921021 -4.000000 0.902842 -1.687727 -5.394745
-0.782471 -0.910522 -4.000000 0.930374 -1.671588 -5.344666
-0.782227 -0.917847 -4.000000 0.847067 -1.745875 -5.349175
-0.788818 -0.913208 -4.000000 0.744299 -1.838912 -5.381216
-0.781128 -0.918701 -4.000000 0.660755 -1.913675 -5.421564
-0.785645 -0.918213 -4.000000 0.566057 -1.906792 -5.465472
-0.791382 -0.914307 -4.000000 0.493430 -1.841761 -5.524570
-0.787476 -0.935303 -4.000000 0.423652 -1.756793 -5.579870
-0.789551 -0.915649 -4.000000 0.359808 -1.682268 -5.611199
-0.780151 -0.914551 -4.000000 0.276976 -1.645005 -5.620455
-0.774292 -0.914673 -4.000000 0.162815 -1.645718 -5.642528
-0.780029 -0.912598 -4.000000 0.047231 -1.650464 -5.632560
-0.791748 -0.925415 -4.000000 -0.052215 -1.624357 -5.619743
-0.779785 -0.912476 -4.000000 -0.096597 -1.573566 -5.629474
-0.787231 -0.912842 -4.000000 -0.120806 -1.516130 -5.634933
-0.786377 -0.921387 -4.000000 -0.162815 -1.467712 -5.639442
-0.788574 -0.918701 -4.000000 -0.238052 -1.435434 -5.636120
-0.780151 -0.920044 -4.000000 -0.325156 -1.408852 -5.630186
-0.782715 -0.919312 -4.000000 -0.426975 -1.378710 -5.641341
-0.786621 -0.917847 -4.000000 -0.555376 -1.356162 -5.642528
-0.784546 -0.924194 -4.000000 -0.717242 -1.335514 -5.615708
-0.785034 -0.921997 -4.000000 -0.879820 -1.293505 -5.589601
-0.782715 -0.915161 -4.000000 -1.045721 -1.233220 -5.570851
-0.783569 -0.916870 -4.000000 -1.191211 -1.224676 -5.597433
-0.784302 -0.922852 -4.000000 -1.282587 -1.260989 -5.614285
-0.788208 -0.921753 -4.000000 -1.318663 -1.287808 -5.622354
-0.787964 -0.916626 -4.000000 -1.346906 -1.299438 -5.654870
-0.781982 -0.913696 -4.000000 -1.353552 -1.320799 -5.672907
-0.777466 -0.920654 -4.000000 -1.350941 -1.341447 -5.666737
-0.779419 -0.915039 -4.000000 -1.345482 -1.290182 -5.652733
-0.780151 -0.918945 -4.000000 -1.294454 -1.185040 -5.647749
-0.784790 -0.926147 -4.000000 -1.230135 -1.107667 -5.644189
-0.778931 -0.916260 -4.000000 -1.253157 -1.125705 -5.677892
-0.784668 -0.916748 -4.000000 -1.425466 -1.293979 -5.774252
-0.782227 -0.915894 -4.000000 -1.720005 -1.563598 -5.895058
-0.782837 -0.918701 -4.000000 -2.007424 -1.783375 -5.980501
-0.788574 -0.915039 -4.000000 -2.152439 -1.826808 -5.977653
-0.785034 -0.919312 -4.000000 -2.054180 -1.666603 -5.890074
-0.785400 -0.925781 -4.000000 -1.794293 -1.422380 -5.772353
-0.780518 -0.915405 -4.000000 -1.545797 -1.214945 -5.687385
-0.788330 -0.909912 -4.000000 -1.387254 -1.111702 -5.648699
-0.786255 -0.916992 -4.000000 -1.318425 -1.086544 -5.630186
-0.785156 -0.921265 -4.000000 -1.300150 -1.079661 -5.610487
-0.796509 -0.918823 -4.000000 -1.317951 -1.063047 -5.590788
-0.787109 -0.922241 -4.000000 -1.377523 -1.007747 -5.565867
-0.783081 -0.924072 -4.000000 -1.389390 -0.929662 -5.564206
-0.775146 -0.919434 -4.000000 -1.352128 -0.913997 -5.584617
-0.781006 -0.917603 -4.000000 -1.305134 -0.956244 -5.605266
-0.786011 -0.920044 -4.000000 -1.285435 -0.990896 -5.609775
-0.783325 -0.922119 -4.000000 -1.267397 -1.020563 -5.621405
-0.777466 -0.918701 -4.000000 -1.259090 -1.037414 -5.609538
-0.783325 -0.918457 -4.000000 -1.211622 -1.013206 -5.604554
-0.781860 -0.918579 -4.000000 -1.133300 -0.964551 -5.599095
-0.790161 -0.915527 -4.000000 -1.038601 -0.926339 -5.604554
-0.785400 -0.919800 -4.000000 -0.973807 -0.936070 -5.620218
-0.783081 -0.918579 -4.000000 -0.918032 -1.012256 -5.631610
-0.789185 -0.921265 -4.000000 -0.849916 -1.090104 -5.646088
-0.784668 -0.923706 -4.000000 -0.791292 -1.140895 -5.633272
-0.783569 -0.916260 -4.000000 -0.746435 -1.181243 -5.619268
-0.784790 -0.926270 -4.000000 -0.714394 -1.203078 -5.589839
-0.784668 -0.922852 -4.000000 -0.679268 -1.217081 -5.575123
-0.779541 -0.918823 -4.000000 -0.644854 -1.206875 -5.544981
-0.784546 -0.914185 -4.000000 -0.594063 -1.207825 -5.542845
-0.779175 -0.925659 -4.000000 -0.543509 -1.260752 -5.555661
-0.782104 -0.916504 -4.000000 -0.499839 -1.346669 -5.581532
-0.779663 -0.917847 -4.000000 -0.472307 -1.410988 -5.587465
-0.784546 -0.917114 -4.000000 -0.398020 -1.428551 -5.544269
-0.793213 -0.914307 -4.000000 -0.299286 -1.406241 -5.527181
-0.782715 -0.918457 -4.000000 -0.192958 -1.295166 -5.473542
-0.784180 -0.920166 -4.000000 -0.069066 -1.176496 -5.425599
-0.779297 -0.927612 -4.000000 0.017801 -1.112177 -5.406374
-0.774170 -0.915405 -4.000000 0.074525 -1.115025 -5.389998
-0.783936 -0.911621 -4.000000 0.111313 -1.186701 -5.396406
-0.784912 -0.916748 -4.000000 0.092088 -1.301099 -5.413020
-0.786743 -0.908081 -4.000000 0.053876 -1.337412 -5.437941
-0.787720 -0.916504 -4.000000 0.041297 -1.355213 -5.453130
-0.778442 -0.921265 -4.000000 0.060284 -1.338125 -5.441976
-0.782837 -0.916992 -4.000000 0.144066 -1.278077 -5.411833
-0.789063 -0.910645 -4.000000 0.280536 -1.257429 -5.375045
-0.785034 -0.919922 -4.000000 0.420330 -1.274517 -5.308827
-0.783691 -0.916504 -4.000000 0.529981 -1.343346 -5.258274
-0.780884 -0.915771 -4.000000 0.574126 -1.431162 -5.261834
-0.789063 -0.917725 -4.000000 0.557512 -1.524911 -5.282245
-0.782471 -0.919434 -4.000000 0.521199 -1.571430 -5.295299
-0.789673 -0.916382 -4.000000 0.491294 -1.579262 -5.303606
-0.789795 -0.921387 -4.000000 0.442165 -1.595876 -5.309065
-0.780518 -0.919800 -4.000000 0.373811 -1.582110 -5.322119
-0.781982 -0.923706 -4.000000 0.354349 -1.534405 -5.361042
-0.788086 -0.920532 -4.000000 0.344143 -1.459405 -5.402577
-0.783569 -0.920898 -4.000000 0.351026 -1.463915 -5.435804
-0.790771 -0.919189 -4.000000 0.380219 -1.514943 -5.410884
-0.779663 -0.922119 -4.000000 0.333938 -1.566921 -5.395694
-0.783447 -0.921875 -4.000000 0.309492 -1.551968 -5.396643
-0.783081 -0.918579 -4.000000 0.239239 -1.578076 -5.406137
-0.779785 -0.916748 -4.000000 0.205299 -1.566208 -5.363653
-0.788452 -0.918823 -4.000000 0.254429 -1.497380 -5.343717
-0.781128 -0.920654 -4.000000 0.339634 -1.317239 -5.354634
-0.782471 -0.920654 -4.000000 0.384017 -1.136148 -5.433669
-0.785889 -0.924194 -4.000000 0.318985 -1.088205 -5.504870
-0.778809 -0.919556 -4.000000 0.160917 -1.145404 -5.535013
-0.788940 -0.923706 -4.000000 -0.054588 -1.256005 -5.589601
-0.780273 -0.917969 -4.000000 -0.159493 -1.347855 -5.640154
-0.780762 -0.916138 -4.000000 -0.191059 -1.400545 -5.677892
-0.782593 -0.922485 -4.000000 -0.204113 -1.419295 -5.689521
-0.786133 -0.915527 -4.000000 -0.209809 -1.414785 -5.678366
-0.791016 -0.924683 -4.000000 -0.199841 -1.406241 -5.686436
-0.784668 -0.917847 -4.000000 -0.158543 -1.378710 -5.684537
-0.784790 -0.912109 -4.000000 -0.156407 -1.402444 -5.692607
-0.780518 -0.920898 -4.000000 -0.182989 -1.442080 -5.705186
-0.782471 -0.924683 -4.000000 -0.239714 -1.521114 -5.724173
-0.783447 -0.921631 -4.000000 -0.291454 -1.534642 -5.738651
-0.781982 -0.915405 -4.000000 -0.322071 -1.526810 -5.745533
-0.786499 -0.918457 -4.000000 -0.320884 -1.490022 -5.744822
