-0.785156 -0.922607 -4.000000 -0.451421 -1.396273 -5.905026
-0.781738 -0.917114 -4.000000 -0.440978 -1.413361 -5.873460
-0.782227 -0.913696 -4.000000 -0.410124 -1.402681 -5.882242
-0.784546 -0.922974 -4.000000 -0.369776 -1.373251 -5.876545
-0.777832 -0.918701 -4.000000 -0.347229 -1.337412 -5.868001
-0.778076 -0.922363 -4.000000 -0.333700 -1.320087 -5.879868
-0.787964 -0.918701 -4.000000 -0.339397 -1.320561 -5.874647
-0.787842 -0.918945 -4.000000 -0.353874 -1.340735 -5.889362
-0.784302 -0.916748 -4.000000 -0.371200 -1.369928 -5.901466
-0.781250 -0.911133 -4.000000 -0.382593 -1.398409 -5.901941
-0.785645 -0.917603 -4.000000 -0.387339 -1.417634 -5.902653
-0.783447 -0.922241 -4.000000 -0.386153 -1.419058 -5.909061
-0.786011 -0.916504 -4.000000 -0.383542 -1.414785 -5.902890
-0.786011 -0.919189 -4.000000 -0.377371 -1.399833 -5.903128
-0.784790 -0.918823 -4.000000 -0.373811 -1.386067 -5.910485
-0.789307 -0.912720 -4.000000 -0.370251 -1.377523 -5.896245
-0.786499 -0.918579 -4.000000 -0.370251 -1.369691 -5.898855
-0.778931 -0.915527 -4.000000 -0.365029 -1.372776 -5.897669
-0.779663 -0.917725 -4.000000 -0.360520 -1.387966 -5.899805
-0.783936 -0.917358 -4.000000 -0.353874 -1.403393 -5.903840
-0.786743 -0.916504 -4.000000 -0.346279 -1.414311 -5.898618
-0.783936 -0.923950 -4.000000 -0.349602 -1.405766 -5.906450
-0.788452 -0.916504 -4.000000 -0.365029 -1.403393 -5.899093
-0.782227 -0.920654 -4.000000 -0.373099 -1.409089 -5.898143
-0.783081 -0.919189 -4.000000 -0.390662 -1.409564 -5.910722
-0.785278 -0.919800 -4.000000 -0.388289 -1.416684 -5.910722
-0.784668 -0.916138 -4.000000 -0.373574 -1.411700 -5.902653
-0.783447 -0.921509 -4.000000 -0.357434 -1.411937 -5.877969
-0.786499 -0.917480 -4.000000 -0.345330 -1.420244 -5.875834
-0.782593 -0.920288 -4.000000 -0.313764 -1.431399 -5.871087
-0.787842 -0.921875 -4.000000 -0.282910 -1.467475 -5.870137
-0.778931 -0.918335 -4.000000 -0.260125 -1.479579 -5.853286
-0.782349 -0.923584 -4.000000 -0.252530 -1.480054 -5.850913
-0.788940 -0.917725 -4.000000 -0.244935 -1.477206 -5.853049
-0.783203 -0.918701 -4.000000 -0.238764 -1.478155 -5.842606
-0.785889 -0.910522 -4.000000 -0.239002 -1.486462 -5.839995
-0.780151 -0.925415 -4.000000 -0.235679 -1.498804 -5.823856
-0.786133 -0.922363 -4.000000 -0.218116 -1.512095 -5.820296
-0.783691 -0.915161 -4.000000 -0.168274 -1.529658 -5.803445
-0.780884 -0.923706 -4.000000 -0.085205 -1.523725 -5.776151
-0.782837 -0.919067 -4.000000 0.001661 -1.493582 -5.744584
-0.791138 -0.918823 -4.000000 0.060047 -1.449437 -5.726309
-0.785278 -0.923828 -4.000000 0.099683 -1.390814 -5.721799
-0.787109 -0.922485 -4.000000 0.112974 -1.341922 -5.733192
-0.787109 -0.920898 -4.000000 0.129350 -1.329343 -5.749568
-0.783447 -0.917480 -4.000000 0.159255 -1.353789 -5.764758
-0.780396 -0.916992 -4.000000 0.170648 -1.382033 -5.781610
-0.786743 -0.921021 -4.000000 0.184888 -1.406004 -5.782796
-0.792480 -0.916748 -4.000000 0.191534 -1.480291 -5.800122
-0.784180 -0.913940 -4.000000 0.154034 -1.477918 -5.810802
-0.780762 -0.911499 -4.000000 0.098971 -1.435909 -5.794663
-0.787964 -0.915771 -4.000000 0.090427 -1.419770 -5.751230
-0.784058 -0.918457 -4.000000 0.122705 -1.408615 -5.732717
-0.784302 -0.913940 -4.000000 0.202451 -1.416921 -5.708983
-0.782471 -0.916626 -4.000000 0.282910 -1.408377 -5.682639
-0.781128 -0.918213 -4.000000 0.339159 -1.399596 -5.663177
-0.776978 -0.917236 -4.000000 0.380219 -1.392001 -5.648224
-0.784302 -0.921143 -4.000000 0.401817 -1.361621 -5.631373
-0.781494 -0.915039 -4.000000 0.404665 -1.326970 -5.625914
-0.786865 -0.919312 -4.000000 0.376184 -1.288283 -5.641341
-0.786621 -0.919312 -4.000000 0.343194 -1.283299 -5.666974
-0.782349 -0.919067 -4.000000 0.304033 -1.320799 -5.708508
-0.786011 -0.913330 -4.000000 0.239951 -1.317713 -5.737226
-0.779053 -0.916992 -4.000000 0.190584 -1.355450 -5.762385
-0.786621 -0.921997 -4.000000 0.154746 -1.434959 -5.794900
-0.781006 -0.918945 -4.000000 0.131249 -1.522063 -5.798223
-0.786987 -0.919556 -4.000000 0.133860 -1.565971 -5.821957
-0.785400 -0.916382 -4.000000 0.138607 -1.575940 -5.834062
-0.780396 -0.911743 -4.000000 0.133860 -1.555054 -5.841656
-0.784180 -0.917603 -4.000000 0.116297 -1.541525 -5.872510
-0.783569 -0.921387 -4.000000 0.105379 -1.560512 -5.889836
-0.780273 -0.919312 -4.000000 0.097072 -1.608218 -5.899568
-0.785156 -0.917114 -4.000000 0.119857 -1.654024 -5.892684
-0.790527 -0.920532 -4.000000 0.182989 -1.682743 -5.880817
-0.782471 -0.919067 -4.000000 0.247071 -1.687727 -5.853523
-0.786621 -0.917725 -4.000000 0.276027 -1.658297 -5.835960
-0.787231 -0.920166 -4.000000 0.244698 -1.621271 -5.827416
-0.783569 -0.921021 -4.000000 0.177056 -1.590417 -5.823381
-0.775269 -0.918579 -4.000000 0.100158 -1.551968 -5.831688
-0.783447 -0.917969 -4.000000 0.067879 -1.505687 -5.825517
-0.784790 -0.921387 -4.000000 0.050791 -1.475782 -5.832637
-0.791992 -0.919556 -4.000000 0.031092 -1.457981 -5.855659
-0.785034 -0.919556 -4.000000 0.008782 -1.468187 -5.862305
-0.784790 -0.916138 -4.000000 -0.027294 -1.501415 -5.884377
-0.784912 -0.921997 -4.000000 -0.067167 -1.530370 -5.907875
-0.776611 -0.922119 -4.000000 -0.108702 -1.545797 -5.906450
-0.784912 -0.923462 -4.000000 -0.151423 -1.533218 -5.918555
-0.780151 -0.921387 -4.000000 -0.183701 -1.513044 -5.924963
-0.787476 -0.916748 -4.000000 -0.199603 -1.485276 -5.930422
-0.784668 -0.912842 -4.000000 -0.215980 -1.450624 -5.923539
-0.785278 -0.915649 -4.000000 -0.208859 -1.419770 -5.910722
-0.780273 -0.923584 -4.000000 -0.187499 -1.405529 -5.900991
-0.783813 -0.915283 -4.000000 -0.181328 -1.382745 -5.891023
-0.787598 -0.917480 -4.000000 -0.187736 -1.363757 -5.863255
-0.782715 -0.924683 -4.000000 -0.212182 -1.360197 -5.853761
-0.785156 -0.918823 -4.000000 -0.263210 -1.361147 -5.852099
-0.779663 -0.928589 -4.000000 -0.308780 -1.356874 -5.860881
-0.781372 -0.918579 -4.000000 -0.353162 -1.349754 -5.878444
-0.783447 -0.921387 -4.000000 -0.381406 -1.351890 -5.884377
-0.782349 -0.915649 -4.000000 -0.406327 -1.354501 -5.886039
-0.775757 -0.921021 -4.000000 -0.422940 -1.364944 -5.883666
-0.786133 -0.917725 -4.000000 -0.435994 -1.375387 -5.882479
-0.792847 -0.915283 -4.000000 -0.457592 -1.380846 -5.875834
-0.783325 -0.921997 -4.000000 -0.489158 -1.365893 -5.869188
-0.781494 -0.916870 -4.000000 -0.523810 -1.352602 -5.867052
-0.783813 -0.920044 -4.000000 -0.570091 -1.345957 -5.873223
-0.782227 -0.923584 -4.000000 -0.611863 -1.353314 -5.872748
-0.781006 -0.923706 -4.000000 -0.653160 -1.378235 -5.874409
-0.786011 -0.919556 -4.000000 -0.678081 -1.397934 -5.879156
-0.785889 -0.920410 -4.000000 -0.691135 -1.413124 -5.876783
-0.788452 -0.920776 -4.000000 -0.716768 -1.398884 -5.870612
-0.786987 -0.917603 -4.000000 -0.745961 -1.371115 -5.862780
-0.776733 -0.919312 -4.000000 -0.782036 -1.338125 -5.848777
-0.782471 -0.921143 -4.000000 -0.817400 -1.323409 -5.857083
-0.783936 -0.923950 -4.000000 -0.849441 -1.329818 -5.864204
-0.773071 -0.930054 -4.000000 -0.853001 -1.331716 -5.860169
-0.781738 -0.914185 -4.000000 -0.847067 -1.330530 -5.854948
-0.784668 -0.914185 -4.000000 -0.842795 -1.312492 -5.837859
-0.786377 -0.925781 -4.000000 -0.841846 -1.289470 -5.832400
-0.786377 -0.917847 -4.000000 -0.855374 -1.273805 -5.837384
-0.785889 -0.914307 -4.000000 -0.886941 -1.267397 -5.827178
-0.786621 -0.917603 -4.000000 -0.923016 -1.270957 -5.839995
-0.780396 -0.919189 -4.000000 -0.938206 -1.273331 -5.844504
-0.784180 -0.917480 -4.000000 -0.954583 -1.256717 -5.844979
-0.789795 -0.913330 -4.000000 -0.973570 -1.228711 -5.828128
-0.786865 -0.918091 -4.000000 -0.994693 -1.203078 -5.832400
-0.792358 -0.914551 -4.000000 -1.008459 -1.193110 -5.845217
-0.785645 -0.914917 -4.000000 -1.026497 -1.196195 -5.852811
-0.787720 -0.920776 -4.000000 -1.030769 -1.198806 -5.851388
-0.784180 -0.925293 -4.000000 -1.029819 -1.195958 -5.847590
-0.789307 -0.914917 -4.000000 -1.033142 -1.184803 -5.849251
-0.783447 -0.921143 -4.000000 -1.033854 -1.176496 -5.861118
-0.784912 -0.921631 -4.000000 -1.039313 -1.176496 -5.867052
-0.784302 -0.921631 -4.000000 -1.049519 -1.183853 -5.885802
-0.781494 -0.914795 -4.000000 -1.055215 -1.185515 -5.881767
-0.778931 -0.917358 -4.000000 -1.065183 -1.172936 -5.888175
-0.786987 -0.923584 -4.000000 -1.074440 -1.147540 -5.886039
-0.788330 -0.918213 -4.000000 -1.082272 -1.118347 -5.890786
-0.787964 -0.917603 -4.000000 -1.094376 -1.100784 -5.898618
-0.787231 -0.922363 -4.000000 -1.094851 -1.091765 -5.899330
-0.781982 -0.917236 -4.000000 -1.102683 -1.096037 -5.908824
-0.786743 -0.918091 -4.000000 -1.101022 -1.108142 -5.912384
-0.785522 -0.920898 -4.000000 -1.104107 -1.136148 -5.918317
-0.785156 -0.924194 -4.000000 -1.095088 -1.162255 -5.931134
-0.775269 -0.924805 -4.000000 -1.076576 -1.195246 -5.921165
-0.792236 -0.919434 -4.000000 -1.051655 -1.213521 -5.930896
-0.773682 -0.918823 -4.000000 -1.028395 -1.198806 -5.920928
-0.781250 -0.919800 -4.000000 -1.031718 -1.170800 -5.918317
-0.782104 -0.918579 -4.000000 -1.055927 -1.147303 -5.932795
-0.777710 -0.920532 -4.000000 -1.082034 -1.130926 -5.949646
