-0.781128 -0.914429 -4.000000 -0.337261 -1.283774 -5.889599
-0.779541 -0.917236 -4.000000 -0.323495 -1.298251 -5.885090
-0.776245 -0.921875 -4.000000 -0.304508 -1.301811 -5.895533
-0.783691 -0.919678 -4.000000 -0.311390 -1.301337 -5.901703
-0.785156 -0.922241 -4.000000 -0.332039 -1.288283 -5.895058
-0.781616 -0.918091 -4.000000 -0.358621 -1.278552 -5.888887
-0.783081 -0.917236 -4.000000 -0.378558 -1.291131 -5.900042
-0.788940 -0.914795 -4.000000 -0.407276 -1.307745 -5.899330
-0.784790 -0.917725 -4.000000 -0.414633 -1.318663 -5.895533
-0.788330 -0.915039 -4.000000 -0.421042 -1.327444 -5.897669
-0.783081 -0.919678 -4.000000 -0.409412 -1.340735 -5.906450
-0.783203 -0.917603 -4.000000 -0.398494 -1.347618 -5.899093
-0.787964 -0.914307 -4.000000 -0.375472 -1.342871 -5.892684
-0.784424 -0.917603 -4.000000 -0.356248 -1.336226 -5.873697
-0.782593 -0.921509 -4.000000 -0.334412 -1.350466 -5.878444
-0.777222 -0.918945 -4.000000 -0.317561 -1.372064 -5.861593
-0.788940 -0.918701 -4.000000 -0.298099 -1.384406 -5.852811
-0.781982 -0.919800 -4.000000 -0.268669 -1.384406 -5.841656
-0.782715 -0.916260 -4.000000 -0.234967 -1.359722 -5.831925
-0.783569 -0.920532 -4.000000 -0.198891 -1.301574 -5.816736
-0.780273 -0.928955 -4.000000 -0.185837 -1.223014 -5.800359
-0.781494 -0.919189 -4.000000 -0.205774 -1.173173 -5.800122
-0.787964 -0.920898 -4.000000 -0.251106 -1.177920 -5.806530
-0.789551 -0.921631 -4.000000 -0.301897 -1.234644 -5.827891
-0.786621 -0.918335 -4.000000 -0.337023 -1.346669 -5.834062
-0.786743 -0.916138 -4.000000 -0.356485 -1.478393 -5.850676
-0.785645 -0.913452 -4.000000 -0.348653 -1.592316 -5.862068
-0.781494 -0.913818 -4.000000 -0.319935 -1.666366 -5.858508
-0.786011 -0.916626 -4.000000 -0.278637 -1.687727 -5.844504
-0.788696 -0.920654 -4.000000 -0.209571 -1.660433 -5.817923
-0.778076 -0.923828 -4.000000 -0.103006 -1.620797 -5.785407
-0.791382 -0.918457 -4.000000 0.007832 -1.597063 -5.729394
-0.775269 -0.918091 -4.000000 0.117246 -1.568582 -5.701626
-0.791138 -0.915283 -4.000000 0.221438 -1.537016 -5.673619
-0.778687 -0.914551 -4.000000 0.300235 -1.499279 -5.649411
-0.782471 -0.919189 -4.000000 0.351738 -1.485038 -5.638968
-0.782471 -0.919800 -4.000000 0.379507 -1.464864 -5.628287
-0.780273 -0.914185 -4.000000 0.369776 -1.446352 -5.638019
-0.788574 -0.918335 -4.000000 0.327767 -1.444690 -5.660091
-0.783203 -0.925781 -4.000000 0.253479 -1.455133 -5.690471
-0.783325 -0.916626 -4.000000 0.181803 -1.484801 -5.718002
-0.781494 -0.919434 -4.000000 0.152847 -1.547933 -5.737464
-0.782104 -0.919556 -4.000000 0.172309 -1.600623 -5.746246
-0.786865 -0.921997 -4.000000 0.220726 -1.617711 -5.744584
-0.785889 -0.915039 -4.000000 0.280774 -1.590892 -5.746246
-0.785767 -0.911499 -4.000000 0.333700 -1.517079 -5.727733
-0.784180 -0.919922 -4.000000 0.357672 -1.434010 -5.725597
-0.778564 -0.918579 -4.000000 0.356485 -1.350466 -5.707322
-0.783447 -0.914917 -4.000000 0.341533 -1.306321 -5.682401
-0.791504 -0.918579 -4.000000 0.333463 -1.313441 -5.669585
-0.785400 -0.924072 -4.000000 0.342245 -1.334802 -5.666499
-0.779419 -0.919922 -4.000000 0.368115 -1.353552 -5.669585
-0.778076 -0.919067 -4.000000 0.388526 -1.365656 -5.665313
-0.793945 -0.920410 -4.000000 0.391137 -1.351890 -5.675518
-0.786011 -0.911255 -4.000000 0.366928 -1.307982 -5.682164
-0.788574 -0.918213 -4.000000 0.306406 -1.263600 -5.685724
-0.785522 -0.912964 -4.000000 0.229745 -1.241527 -5.709220
-0.785767 -0.914673 -4.000000 0.166613 -1.246986 -5.732717
-0.778442 -0.920898 -4.000000 0.131487 -1.265024 -5.772353
-0.784180 -0.916260 -4.000000 0.129825 -1.314865 -5.793239
-0.788208 -0.920532 -4.000000 0.167088 -1.377760 -5.820296
-0.785156 -0.915405 -4.000000 0.210046 -1.426652 -5.835723
-0.791748 -0.920166 -4.000000 0.245647 -1.448488 -5.859220
-0.787476 -0.916870 -4.000000 0.249682 -1.460829 -5.850676
-0.788696 -0.917358 -4.000000 0.204113 -1.521351 -5.828603
-0.781128 -0.914307 -4.000000 0.101107 -1.532506 -5.818397
-0.784546 -0.920288 -4.000000 -0.021835 -1.509722 -5.839046
-0.783325 -0.921021 -4.000000 -0.080458 -1.469611 -5.819584
-0.782715 -0.924438 -4.000000 -0.145015 -1.452760 -5.840232
-0.789551 -0.923340 -4.000000 -0.181803 -1.473171 -5.850438
-0.780884 -0.920898 -4.000000 -0.185363 -1.507111 -5.858270
-0.782593 -0.914551 -4.000000 -0.153797 -1.520164 -5.860169
-0.784546 -0.918579 -4.000000 -0.114635 -1.514468 -5.856846
-0.787476 -0.916260 -4.000000 -0.097310 -1.490260 -5.861830
-0.780884 -0.916260 -4.000000 -0.124366 -1.484326 -5.852337
-0.791016 -0.915527 -4.000000 -0.177293 -1.478867 -5.839046
-0.780396 -0.916992 -4.000000 -0.267720 -1.460829 -5.856134
-0.786133 -0.920166 -4.000000 -0.369064 -1.442080 -5.875834
-0.784180 -0.916504 -4.000000 -0.461864 -1.446352 -5.888887
-0.777954 -0.917358 -4.000000 -0.529269 -1.464627 -5.900042
-0.784180 -0.913818 -4.000000 -0.573414 -1.483614 -5.909298
-0.781616 -0.914917 -4.000000 -0.613287 -1.491921 -5.908587
-0.787964 -0.917847 -4.000000 -0.633461 -1.474358 -5.902653
-0.781128 -0.919556 -4.000000 -0.656009 -1.435671 -5.889599
-0.779419 -0.915527 -4.000000 -0.685201 -1.398646 -5.880343
-0.790771 -0.915527 -4.000000 -0.705138 -1.368741 -5.867764
-0.780396 -0.921875 -4.000000 -0.719378 -1.341922 -5.851624
-0.781738 -0.921997 -4.000000 -0.740502 -1.316764 -5.846403
-0.781494 -0.918823 -4.000000 -0.758540 -1.306796 -5.842369
-0.786377 -0.918701 -4.000000 -0.779426 -1.291131 -5.829315
-0.787598 -0.918945 -4.000000 -0.810992 -1.273093 -5.835723
-0.787598 -0.916626 -4.000000 -0.843982 -1.256005 -5.838809
-0.780151 -0.913574 -4.000000 -0.872226 -1.281400 -5.853049
-0.790894 -0.918945 -4.000000 -0.912099 -1.318425 -5.863255
-0.787231 -0.923584 -4.000000 -0.938206 -1.355450 -5.867527
-0.790894 -0.921143 -4.000000 -0.955295 -1.385118 -5.887226
-0.785278 -0.922241 -4.000000 -0.973095 -1.402444 -5.886989
-0.779541 -0.920288 -4.000000 -0.983063 -1.409801 -5.886751
-0.783936 -0.926392 -4.000000 -0.999440 -1.406716 -5.886514
-0.780884 -0.921753 -4.000000 -1.015104 -1.396748 -5.870375
-0.785034 -0.919556 -4.000000 -1.025785 -1.373251 -5.864441
-0.782715 -0.919312 -4.000000 -1.040025 -1.331479 -5.856609
-0.790161 -0.917114 -4.000000 -1.053791 -1.286859 -5.847353
-0.780518 -0.916260 -4.000000 -1.072778 -1.244850 -5.844742
-0.788330 -0.916016 -4.000000 -1.075626 -1.212097 -5.845454
-0.785645 -0.911499 -4.000000 -1.073015 -1.206638 -5.838096
-0.784302 -0.921387 -4.000000 -1.061148 -1.225388 -5.842606
-0.783569 -0.923096 -4.000000 -1.043823 -1.243900 -5.838571
-0.784546 -0.914429 -4.000000 -1.049281 -1.236780 -5.838334
-0.787720 -0.917725 -4.000000 -1.060436 -1.202603 -5.830976
-0.788940 -0.915039 -4.000000 -1.074202 -1.167714 -5.837147
-0.784546 -0.914185 -4.000000 -1.118347 -1.136148 -5.832875
-0.784424 -0.920166 -4.000000 -1.149914 -1.129740 -5.829790
-0.786865 -0.920776 -4.000000 -1.184565 -1.135911 -5.834536
-0.789185 -0.916626 -4.000000 -1.186464 -1.147303 -5.836435
-0.789063 -0.918335 -4.000000 -1.182192 -1.163205 -5.834062
-0.773804 -0.916748 -4.000000 -1.148964 -1.189075 -5.799647
-0.779053 -0.915527 -4.000000 -1.103395 -1.208774 -5.783983
-0.779907 -0.919189 -4.000000 -1.070167 -1.204977 -5.738888
-0.777344 -0.918823 -4.000000 -1.049281 -1.179107 -5.703525
-0.786133 -0.916382 -4.000000 -1.054265 -1.096987 -5.684062
-0.776978 -0.923828 -4.000000 -1.091528 -0.984487 -5.666025
-0.782959 -0.916748 -4.000000 -1.168426 -0.923728 -5.691183
-0.783569 -0.925171 -4.000000 -1.251970 -0.949836 -5.699015
-0.788818 -0.919556 -4.000000 -1.314391 -1.005136 -5.725597
-0.784058 -0.922485 -4.000000 -1.339074 -1.051417 -5.758112
-0.784302 -0.922852 -4.000000 -1.336226 -1.078949 -5.774964
-0.786499 -0.918213 -4.000000 -1.322935 -1.078000 -5.798223
-0.776855 -0.916260 -4.000000 -1.326495 -1.040737 -5.812701
-0.785400 -0.921265 -4.000000 -1.328156 -1.029582 -5.825280
-0.782227 -0.916382 -4.000000 -1.323884 -1.015342 -5.844504
-0.785156 -0.918213 -4.000000 -1.308694 -1.032905 -5.861593
-0.784424 -0.916748 -4.000000 -1.259090 -1.062335 -5.873697
-0.781250 -0.922852 -4.000000 -1.191448 -1.062335 -5.879394
-0.780640 -0.924561 -4.000000 -1.102683 -1.049281 -5.869663
-0.787842 -0.918457 -4.000000 -1.031718 -1.042161 -5.861830
-0.786011 -0.922363 -4.000000 -0.988997 -1.044772 -5.851388
-0.784668 -0.920654 -4.000000 -0.967399 -1.059487 -5.876783
-0.783936 -0.920410 -4.000000 -0.965263 -1.096275 -5.898381
-0.785767 -0.919800 -4.000000 -0.965500 -1.165815 -5.936355
-0.775391 -0.911865 -4.000000 -0.946513 -1.223727 -5.953918
-0.787231 -0.921631 -4.000000 -0.924203 -1.252445 -5.973855
-0.777466 -0.926392 -4.000000 -0.897384 -1.261464 -5.976703
-0.784302 -0.922729 -4.000000 -0.883143 -1.267872 -5.974329
-0.784180 -0.921143 -4.000000 -0.865580 -1.276179 -5.980738
-0.783936 -0.917847 -4.000000 -0.834488 -1.286147 -5.988807
-0.784058 -0.912720 -4.000000 -0.781324 -1.306796 -5.989282
-0.786011 -0.923706 -4.000000 -0.723888 -1.325308 -5.987858
-0.780273 -0.917725 -4.000000 -0.679505 -1.326020 -5.973143
-0.778076 -0.925415 -4.000000 -0.646752 -1.317476 -5.979076
