-0.793457 -0.914551 -4.000000 -0.129113 -1.912963 -5.621405
-0.790771 -0.921875 -4.000000 -0.073813 -1.730923 -5.629474
-0.786621 -0.917725 -4.000000 -0.026819 -1.620085 -5.624727
-0.787354 -0.915283 -4.000000 -0.020411 -1.488361 -5.632560
-0.794678 -0.917480 -4.000000 -0.012342 -1.338599 -5.645851
-0.790039 -0.909302 -4.000000 0.036550 -1.248885 -5.703050
-0.789917 -0.923828 -4.000000 0.105616 -1.177683 -5.755265
-0.790161 -0.909058 -4.000000 0.150948 -1.128316 -5.799172
-0.788818 -0.914185 -4.000000 0.140505 -1.124281 -5.846878
-0.790039 -0.917114 -4.000000 0.093275 -1.087493 -5.868950
-0.782593 -0.917358 -4.000000 -0.188448 -0.370014 -6.030105
-0.781982 -0.913574 -4.000000 -0.166376 -0.481089 -6.104630
-0.783325 -0.915649 -4.000000 -0.014715 -1.241764 -5.951308
-0.785156 -0.913574 -4.000000 -0.104904 -1.441130 -5.894821
-0.779663 -0.917847 -4.000000 -0.259176 -1.421194 -5.938016
-0.786377 -0.923828 -4.000000 -0.336786 -1.475307 -5.932321
-0.787354 -0.916382 -4.000000 -0.361944 -1.471272 -5.912384
-0.784912 -0.912964 -4.000000 -0.392561 -1.426652 -5.914045
-0.784180 -0.915894 -4.000000 -0.442877 -1.415972 -5.931608
-0.781860 -0.919312 -4.000000 -0.466848 -1.424754 -5.929947
-0.784302 -0.912354 -4.000000 -0.435045 -1.429738 -5.939203
-0.784424 -0.916138 -4.000000 -0.436231 -1.420956 -5.930896
-0.783936 -0.920776 -4.000000 -0.430773 -1.417159 -5.926624
-0.781372 -0.923706 -4.000000 -0.444538 -1.437095 -5.904314
-0.785767 -0.912964 -4.000000 -0.480614 -1.470560 -5.889362
-0.788940 -0.920532 -4.000000 -0.515740 -1.457032 -5.877732
-0.781250 -0.922852 -4.000000 -0.539712 -1.449437 -5.860169
-0.783325 -0.912231 -4.000000 -0.551104 -1.470798 -5.851862
-0.781006 -0.918579 -4.000000 -0.563683 -1.475307 -5.848539
-0.777954 -0.915039 -4.000000 -0.565345 -1.474358 -5.851150
-0.789429 -0.911865 -4.000000 -0.571515 -1.470086 -5.848064
-0.786133 -0.923096 -4.000000 -0.562734 -1.441130 -5.837859
-0.786743 -0.919800 -4.000000 -0.523098 -1.416447 -5.838571
-0.782593 -0.918457 -4.000000 -0.482987 -1.416447 -5.826467
-0.784302 -0.914185 -4.000000 -0.440978 -1.413836 -5.815311
-0.777222 -0.915405 -4.000000 -0.398732 -1.403156 -5.810802
-0.786499 -0.908569 -4.000000 -0.388763 -1.411700 -5.806767
-0.782593 -0.924805 -4.000000 -0.396121 -1.408615 -5.795375
-0.775146 -0.917969 -4.000000 -0.415345 -1.415497 -5.770929
-0.775391 -0.921753 -4.000000 -0.420567 -1.417396 -5.760486
-0.788208 -0.916504 -4.000000 -0.418668 -1.417159 -5.755502
-0.788086 -0.914795 -4.000000 -0.420330 -1.415972 -5.765233
-0.788208 -0.917725 -4.000000 -0.407751 -1.416209 -5.765470
-0.774292 -0.916626 -4.000000 -0.401342 -1.419058 -5.765707
-0.781860 -0.911621 -4.000000 -0.424127 -1.419058 -5.774252
-0.782104 -0.922607 -4.000000 -0.445013 -1.417871 -5.797037
-0.780151 -0.915283 -4.000000 -0.450709 -1.416684 -5.824568
-0.778931 -0.919556 -4.000000 -0.430298 -1.416209 -5.822669
-0.787720 -0.919189 -4.000000 -0.407039 -1.414548 -5.837384
-0.788086 -0.922485 -4.000000 -0.390662 -1.408140 -5.828365
-0.785522 -0.914917 -4.000000 -0.370963 -1.409564 -5.823856
-0.782349 -0.914429 -4.000000 -0.374048 -1.419295 -5.828128
-0.789917 -0.911621 -4.000000 -0.407988 -1.418820 -5.835485
-0.777100 -0.916504 -4.000000 -0.445488 -1.416209 -5.833824
-0.783203 -0.921265 -4.000000 -0.438842 -1.425703 -5.830027
-0.791626 -0.918457 -4.000000 -0.383779 -1.465102 -5.814837
-0.776001 -0.922363 -4.000000 -0.385678 -1.448013 -5.816261
-0.783691 -0.918701 -4.000000 -0.389713 -1.419295 -5.824093
-0.788574 -0.917480 -4.000000 -0.386865 -1.416447 -5.830739
-0.777832 -0.917114 -4.000000 -0.410361 -1.419295 -5.827416
-0.786011 -0.920410 -4.000000 -0.432671 -1.417634 -5.817685
-0.784180 -0.920410 -4.000000 -0.442402 -1.416209 -5.798223
-0.779419 -0.915283 -4.000000 -0.435994 -1.417634 -5.794425
-0.785767 -0.915405 -4.000000 -0.409649 -1.417159 -5.799647
-0.786743 -0.915649 -4.000000 -0.377846 -1.416921 -5.807479
-0.784180 -0.916626 -4.000000 -0.354349 -1.417634 -5.814600
-0.787964 -0.921143 -4.000000 -0.347941 -1.418346 -5.817923
-0.785645 -0.921387 -4.000000 -0.348890 -1.416921 -5.820533
-0.786011 -0.921387 -4.000000 -0.350077 -1.417871 -5.809853
-0.786865 -0.918335 -4.000000 -0.350552 -1.418583 -5.813176
-0.781494 -0.913086 -4.000000 -0.343906 -1.418820 -5.821245
-0.780762 -0.910156 -4.000000 -0.335599 -1.417634 -5.819346
-0.787109 -0.913574 -4.000000 -0.329903 -1.417396 -5.827178
-0.785400 -0.914795 -4.000000 -0.340821 -1.417396 -5.822906
-0.787476 -0.916870 -4.000000 -0.349365 -1.417159 -5.821008
-0.789185 -0.919312 -4.000000 -0.356722 -1.415260 -5.815549
-0.790405 -0.917725 -4.000000 -0.374760 -1.413599 -5.810565
-0.785278 -0.917114 -4.000000 -0.390662 -1.406241 -5.808904
-0.786621 -0.919800 -4.000000 -0.402766 -1.416209 -5.807242
-0.788086 -0.914917 -4.000000 -0.412735 -1.419058 -5.815549
-0.787109 -0.919189 -4.000000 -0.415583 -1.418108 -5.804869
-0.782837 -0.913452 -4.000000 -0.426738 -1.416921 -5.811039
-0.786133 -0.924316 -4.000000 -0.437893 -1.417396 -5.816736
-0.785278 -0.918701 -4.000000 -0.458779 -1.417871 -5.820533
-0.787231 -0.916382 -4.000000 -0.487972 -1.417159 -5.820296
-0.784180 -0.914429 -4.000000 -0.510756 -1.414785 -5.809378
-0.788330 -0.914673 -4.000000 -0.520962 -1.401494 -5.795612
-0.781494 -0.919800 -4.000000 -0.508620 -1.385593 -5.784932
-0.787964 -0.910156 -4.000000 -0.482987 -1.382982 -5.789442
-0.782349 -0.918823 -4.000000 -0.449760 -1.391051 -5.800597
-0.792236 -0.915527 -4.000000 -0.420567 -1.404342 -5.815311
-0.791138 -0.916504 -4.000000 -0.385203 -1.417159 -5.838096
-0.786865 -0.918945 -4.000000 -0.364792 -1.418583 -5.854236
-0.792114 -0.914307 -4.000000 -0.356960 -1.418583 -5.875122
-0.791992 -0.916870 -4.000000 -0.363131 -1.418583 -5.910485
-0.784790 -0.917603 -4.000000 -0.381643 -1.434959 -5.933033
-0.786011 -0.917603 -4.000000 -0.403004 -1.448962 -5.921877
-0.781616 -0.915894 -4.000000 -0.398732 -1.441368 -5.923064
-0.784668 -0.918701 -4.000000 -0.377846 -1.433061 -5.897906
-0.793457 -0.910522 -4.000000 -0.351738 -1.416684 -5.868476
-0.792480 -0.920288 -4.000000 -0.332276 -1.415260 -5.860406
-0.779419 -0.915527 -4.000000 -0.325156 -1.415735 -5.861593
-0.783447 -0.917114 -4.000000 -0.343669 -1.417396 -5.844030
-0.786011 -0.920776 -4.000000 -0.363131 -1.416684 -5.824805
-0.786621 -0.915894 -4.000000 -0.364080 -1.404342 -5.814125
-0.783325 -0.917114 -4.000000 -0.360520 -1.389153 -5.808904
-0.784790 -0.918335 -4.000000 -0.365267 -1.379896 -5.809616
-0.784546 -0.918091 -4.000000 -0.370726 -1.380846 -5.810328
-0.788818 -0.910278 -4.000000 -0.394697 -1.395561 -5.793477
-0.785522 -0.915649 -4.000000 -0.423415 -1.394849 -5.766657
-0.782715 -0.916870 -4.000000 -0.454507 -1.385118 -5.767132
-0.785645 -0.915039 -4.000000 -0.490108 -1.388441 -5.764046
-0.781738 -0.913452 -4.000000 -0.543984 -1.392950 -5.784220
-0.784546 -0.916138 -4.000000 -0.623018 -1.402918 -5.804157
-0.780029 -0.921753 -4.000000 -0.679743 -1.433061 -5.806056
-0.786865 -0.915405 -4.000000 -0.653635 -1.478393 -5.798698
-0.792847 -0.923828 -4.000000 -0.590265 -1.602996 -5.765470
-0.788330 -0.915527 -4.000000 -0.474918 -1.631952 -5.736040
-0.788208 -0.911987 -4.000000 -0.340821 -1.564072 -5.734379
-0.789551 -0.918823 -4.000000 -0.284334 -1.502127 -5.737701
-0.789673 -0.917847 -4.000000 -0.266296 -1.452523 -5.718952
-0.790161 -0.916382 -4.000000 -0.267957 -1.415023 -5.727258
-0.790039 -0.922363 -4.000000 -0.289555 -1.403630 -5.733429
-0.791382 -0.918823 -4.000000 -0.311628 -1.383456 -5.744584
-0.784058 -0.921143 -4.000000 -0.337735 -1.371827 -5.752417
-0.780396 -0.921997 -4.000000 -0.364555 -1.363045 -5.762859
-0.785522 -0.918213 -4.000000 -0.373811 -1.361147 -5.769742
-0.780273 -0.911865 -4.000000 -0.372150 -1.370165 -5.767606
-0.781616 -0.921143 -4.000000 -0.361469 -1.377998 -5.769505
-0.786011 -0.916382 -4.000000 -0.345805 -1.388915 -5.762147
-0.788818 -0.923706 -4.000000 -0.327767 -1.399596 -5.771404
-0.787964 -0.918457 -4.000000 -0.314713 -1.397934 -5.782796
-0.782715 -0.924805 -4.000000 -0.323020 -1.396036 -5.781372
-0.781738 -0.910522 -4.000000 -0.334175 -1.400308 -5.776863
-0.787598 -0.913208 -4.000000 -0.319223 -1.398172 -5.774252
-0.785522 -0.914307 -4.000000 -0.301897 -1.390577 -5.782084
-0.781860 -0.921509 -4.000000 -0.306644 -1.390577 -5.778998
-0.790039 -0.920898 -4.000000 -0.309254 -1.401257 -5.782321
-0.792236 -0.920898 -4.000000 -0.316375 -1.408615 -5.787780
-0.786865 -0.918457 -4.000000 -0.325631 -1.415972 -5.786831
-0.779297 -0.919556 -4.000000 -0.341533 -1.406004 -5.796087
-0.783691 -0.917480 -4.000000 -0.374286 -1.417396 -5.802258
-0.790161 -0.922363 -4.000000 -0.396121 -1.419770 -5.805818
-0.775635 -0.913330 -4.000000 -0.403241 -1.430212 -5.817210
-0.782227 -0.922119 -4.000000 -0.407751 -1.448725 -5.820770
-0.787598 -0.918335 -4.000000 -0.395884 -1.452760 -5.820533
-0.783203 -0.917114 -4.000000 -0.398257 -1.448488 -5.816024
-0.781738 -0.919189 -4.000000 -0.401817 -1.445402 -5.808429
-0.784790 -0.913330 -4.000000 -0.406801 -1.436858 -5.786119
-0.786621 -0.917114 -4.000000 -0.426738 -1.435671 -5.770692
