-0.788696 -0.916382 -4.000000 -0.339159 -1.339786 -5.705423
-0.783447 -0.917480 -4.000000 -0.347704 -1.347855 -5.706372
-0.795166 -0.917725 -4.000000 -0.327530 -1.339311 -5.717527
-0.788940 -0.914795 -4.000000 -0.313289 -1.347143 -5.722749
-0.785278 -0.913940 -4.000000 -0.311390 -1.358773 -5.729632
-0.789185 -0.917480 -4.000000 -0.317561 -1.358061 -5.748382
-0.791138 -0.914551 -4.000000 -0.319697 -1.360672 -5.755027
-0.785400 -0.910034 -4.000000 -0.325868 -1.356637 -5.754790
-0.790649 -0.909302 -4.000000 -0.321359 -1.357349 -5.760249
-0.782349 -0.916748 -4.000000 -0.329666 -1.355213 -5.759299
-0.783813 -0.919800 -4.000000 -0.333463 -1.346669 -5.760724
-0.785278 -0.912476 -4.000000 -0.330378 -1.358298 -5.773540
-0.788086 -0.923218 -4.000000 -0.336549 -1.368267 -5.768081
-0.784180 -0.914795 -4.000000 -0.334175 -1.379184 -5.767369
-0.790161 -0.916870 -4.000000 -0.325156 -1.384169 -5.769979
-0.786621 -0.922729 -4.000000 -0.313764 -1.388441 -5.779711
-0.788208 -0.913574 -4.000000 -0.317087 -1.386305 -5.782559
-0.786499 -0.914185 -4.000000 -0.328242 -1.384643 -5.777575
-0.786987 -0.909912 -4.000000 -0.334175 -1.383931 -5.780423
-0.786499 -0.909790 -4.000000 -0.345093 -1.389153 -5.789916
-0.781860 -0.919678 -4.000000 -0.346754 -1.391051 -5.792764
-0.790161 -0.920044 -4.000000 -0.339397 -1.402206 -5.795375
-0.789795 -0.924561 -4.000000 -0.335599 -1.405766 -5.792764
-0.783447 -0.919067 -4.000000 -0.337735 -1.394611 -5.802021
-0.788086 -0.912231 -4.000000 -0.337023 -1.378947 -5.783508
-0.781616 -0.910522 -4.000000 -0.332276 -1.375387 -5.788255
-0.791504 -0.920654 -4.000000 -0.330852 -1.375150 -5.796087
-0.779297 -0.915894 -4.000000 -0.332039 -1.375387 -5.804157
-0.779907 -0.920410 -4.000000 -0.327530 -1.368979 -5.804631
-0.781616 -0.925537 -4.000000 -0.326343 -1.369453 -5.804631
-0.782104 -0.919067 -4.000000 -0.335124 -1.382982 -5.819584
-0.786499 -0.905884 -4.000000 -0.337023 -1.380371 -5.823144
-0.789185 -0.913452 -4.000000 -0.340346 -1.382270 -5.831213
-0.783813 -0.917236 -4.000000 -0.345093 -1.388915 -5.830739
-0.787598 -0.913330 -4.000000 -0.339397 -1.400545 -5.820533
-0.786865 -0.912231 -4.000000 -0.339871 -1.403393 -5.820533
-0.783691 -0.916016 -4.000000 -0.346279 -1.402681 -5.817923
-0.781372 -0.917725 -4.000000 -0.352213 -1.408377 -5.818160
-0.784790 -0.920410 -4.000000 -0.347704 -1.402681 -5.821483
-0.787720 -0.922363 -4.000000 -0.348178 -1.413124 -5.811514
-0.783691 -0.917847 -4.000000 -0.342482 -1.408852 -5.806293
-0.788208 -0.919800 -4.000000 -0.346992 -1.415497 -5.812226
-0.788086 -0.913452 -4.000000 -0.348653 -1.421194 -5.807717
-0.790283 -0.917969 -4.000000 -0.351026 -1.420956 -5.810328
-0.794189 -0.917358 -4.000000 -0.352688 -1.442080 -5.795850
-0.787842 -0.916382 -4.000000 -0.342957 -1.443978 -5.813176
-0.783936 -0.919800 -4.000000 -0.346279 -1.464627 -5.797274
-0.782715 -0.915405 -4.000000 -0.328716 -1.446589 -5.785644
-0.782349 -0.912720 -4.000000 -0.344618 -1.428789 -5.777337
-0.782104 -0.914917 -4.000000 -0.347466 -1.430450 -5.770692
-0.780518 -0.922974 -4.000000 -0.343194 -1.424516 -5.764046
-0.785522 -0.925781 -4.000000 -0.343906 -1.414073 -5.755027
-0.784424 -0.925781 -4.000000 -0.349602 -1.416209 -5.762147
-0.785889 -0.914063 -4.000000 -0.344143 -1.417396 -5.758587
-0.779053 -0.914551 -4.000000 -0.347941 -1.416921 -5.761198
-0.779663 -0.911987 -4.000000 -0.348890 -1.415023 -5.761910
-0.787354 -0.916992 -4.000000 -0.345567 -1.417871 -5.762622
-0.788696 -0.921265 -4.000000 -0.340346 -1.418108 -5.765233
-0.784912 -0.916260 -4.000000 -0.339159 -1.406716 -5.767844
-0.784546 -0.924438 -4.000000 -0.338210 -1.401257 -5.768556
-0.785400 -0.911255 -4.000000 -0.346754 -1.398409 -5.768793
-0.789795 -0.913452 -4.000000 -0.345567 -1.399358 -5.759299
-0.786865 -0.914185 -4.000000 -0.343194 -1.398172 -5.773065
-0.790039 -0.917603 -4.000000 -0.349602 -1.406953 -5.768556
-0.780640 -0.919434 -4.000000 -0.363368 -1.410513 -5.769979
-0.784302 -0.919312 -4.000000 -0.349840 -1.417159 -5.761673
-0.783569 -0.914063 -4.000000 -0.344855 -1.417871 -5.763571
-0.787109 -0.918457 -4.000000 -0.343431 -1.419770 -5.756689
-0.783936 -0.922729 -4.000000 -0.341295 -1.417871 -5.758350
-0.784424 -0.916260 -4.000000 -0.348890 -1.416209 -5.762622
-0.785889 -0.916748 -4.000000 -0.350789 -1.416921 -5.758112
-0.778320 -0.915283 -4.000000 -0.351026 -1.417159 -5.763809
-0.785278 -0.917969 -4.000000 -0.356248 -1.415023 -5.759062
-0.784912 -0.920044 -4.000000 -0.360520 -1.415497 -5.762385
-0.787231 -0.916382 -4.000000 -0.353162 -1.422380 -5.759537
-0.787476 -0.913086 -4.000000 -0.342007 -1.419532 -5.772116
-0.779541 -0.916626 -4.000000 -0.350552 -1.417634 -5.774252
-0.783203 -0.914673 -4.000000 -0.358621 -1.418583 -5.778524
-0.787598 -0.909790 -4.000000 -0.360520 -1.419058 -5.775676
-0.787354 -0.910034 -4.000000 -0.358621 -1.415260 -5.776625
-0.787964 -0.921753 -4.000000 -0.358384 -1.417159 -5.779236
-0.783569 -0.917969 -4.000000 -0.349128 -1.418583 -5.778049
-0.786621 -0.919556 -4.000000 -0.351501 -1.416684 -5.776863
-0.788818 -0.920776 -4.000000 -0.351976 -1.416684 -5.771878
-0.784912 -0.916992 -4.000000 -0.353400 -1.418346 -5.777337
-0.787720 -0.908936 -4.000000 -0.358858 -1.417871 -5.775201
-0.783813 -0.910522 -4.000000 -0.360995 -1.415972 -5.774964
-0.797119 -0.918823 -4.000000 -0.358858 -1.417159 -5.772353
-0.780396 -0.908447 -4.000000 -0.362419 -1.419058 -5.778998
-0.786987 -0.909546 -4.000000 -0.360995 -1.416921 -5.773540
-0.783081 -0.912964 -4.000000 -0.360045 -1.417396 -5.759774
-0.790527 -0.915527 -4.000000 -0.352688 -1.416684 -5.763809
-0.793335 -0.915039 -4.000000 -0.352688 -1.412649 -5.760724
-0.789307 -0.921875 -4.000000 -0.356010 -1.405529 -5.769030
-0.789917 -0.919312 -4.000000 -0.356960 -1.417634 -5.764046
-0.785156 -0.916016 -4.000000 -0.360045 -1.419058 -5.766182
-0.793823 -0.915771 -4.000000 -0.360995 -1.417634 -5.769268
-0.781982 -0.913818 -4.000000 -0.360283 -1.416684 -5.764284
-0.784790 -0.924316 -4.000000 -0.359571 -1.417159 -5.761910
-0.795776 -0.917969 -4.000000 -0.355536 -1.414785 -5.758112
-0.789307 -0.915649 -4.000000 -0.357197 -1.404105 -5.766894
-0.786377 -0.914673 -4.000000 -0.356722 -1.400782 -5.765233
-0.785645 -0.917480 -4.000000 -0.364317 -1.393188 -5.762859
-0.786255 -0.915527 -4.000000 -0.361944 -1.391526 -5.764758
-0.779175 -0.919434 -4.000000 -0.362656 -1.398646 -5.762622
-0.785156 -0.924805 -4.000000 -0.359808 -1.407191 -5.751467
-0.783447 -0.918701 -4.000000 -0.360995 -1.408140 -5.764521
-0.786133 -0.920166 -4.000000 -0.357197 -1.412175 -5.771641
-0.789917 -0.916016 -4.000000 -0.362181 -1.406479 -5.774726
-0.781738 -0.913696 -4.000000 -0.370251 -1.415260 -5.777100
-0.782471 -0.917969 -4.000000 -0.370014 -1.418108 -5.786356
-0.781982 -0.919434 -4.000000 -0.364080 -1.419532 -5.787068
-0.776367 -0.913330 -4.000000 -0.365979 -1.417159 -5.780897
-0.786743 -0.915649 -4.000000 -0.359096 -1.416209 -5.774014
-0.785767 -0.920532 -4.000000 -0.353162 -1.417634 -5.775201
-0.790649 -0.914795 -4.000000 -0.350077 -1.416447 -5.772353
-0.779053 -0.919922 -4.000000 -0.350314 -1.411700 -5.774252
-0.783081 -0.916016 -4.000000 -0.358146 -1.406241 -5.773303
-0.786743 -0.918701 -4.000000 -0.357197 -1.405292 -5.772828
-0.789429 -0.916504 -4.000000 -0.347941 -1.401020 -5.775438
-0.785156 -0.924316 -4.000000 -0.341533 -1.411937 -5.776625
-0.780640 -0.925781 -4.000000 -0.330378 -1.418346 -5.779236
-0.782471 -0.916382 -4.000000 -0.334412 -1.416921 -5.778761
-0.785645 -0.920654 -4.000000 -0.337261 -1.414785 -5.774252
-0.785645 -0.923462 -4.000000 -0.337261 -1.408615 -5.778049
-0.779785 -0.921997 -4.000000 -0.344855 -1.403868 -5.770692
-0.789307 -0.917358 -4.000000 -0.346517 -1.396985 -5.770454
-0.788086 -0.923828 -4.000000 -0.340821 -1.398172 -5.768556
-0.785767 -0.918701 -4.000000 -0.342245 -1.397222 -5.775913
-0.787964 -0.922241 -4.000000 -0.349840 -1.400308 -5.786356
-0.787109 -0.915771 -4.000000 -0.348653 -1.402681 -5.783983
-0.789307 -0.913940 -4.000000 -0.349365 -1.399596 -5.780660
-0.788696 -0.918823 -4.000000 -0.352925 -1.400308 -5.775913
-0.785156 -0.916626 -4.000000 -0.345567 -1.413836 -5.770929
-0.786377 -0.910889 -4.000000 -0.342719 -1.417634 -5.769979
-0.790649 -0.922607 -4.000000 -0.347229 -1.418108 -5.774014
-0.788940 -0.920776 -4.000000 -0.355773 -1.416921 -5.779473
-0.785034 -0.921997 -4.000000 -0.357672 -1.418108 -5.775913
-0.784668 -0.924438 -4.000000 -0.360995 -1.418346 -5.769030
-0.788208 -0.919067 -4.000000 -0.358146 -1.417634 -5.771166
-0.780396 -0.921265 -4.000000 -0.363131 -1.418108 -5.772116
-0.786133 -0.919556 -4.000000 -0.364792 -1.416684 -5.779473
-0.785522 -0.912231 -4.000000 -0.367165 -1.416447 -5.773540
-0.783813 -0.914551 -4.000000 -0.367165 -1.417396 -5.777100
-0.785522 -0.922241 -4.000000 -0.361944 -1.416921 -5.768793
-0.783569 -0.922729 -4.000000 -0.370963 -1.418108 -5.763809
-0.786499 -0.919678 -4.000000 -0.379982 -1.417396 -5.765233
-0.790649 -0.914673 -4.000000 -0.388289 -1.420007 -5.772116
-0.782715 -0.912354 -4.000000 -0.403953 -1.420007 -5.771641
-0.781372 -0.921265 -4.000000 -0.421516 -1.430212 -5.784220
