-0.783813 -0.917969 -4.000000 -0.157119 -1.466051 -5.715154
-0.786377 -0.912964 -4.000000 -0.142167 -1.512807 -5.718002
-0.784058 -0.912598 -4.000000 -0.118195 -1.413124 -5.737939
-0.791992 -0.917236 -4.000000 -0.154271 -1.376099 -5.740075
-0.786621 -0.919067 -4.000000 -0.208622 -1.343109 -5.736278
-0.786499 -0.918091 -4.000000 -0.234018 -1.327919 -5.749094
-0.781494 -0.921997 -4.000000 -0.266296 -1.320799 -5.772591
-0.791626 -0.925659 -4.000000 -0.299998 -1.326732 -5.783033
-0.786865 -0.919067 -4.000000 -0.322783 -1.338362 -5.810802
-0.781494 -0.919678 -4.000000 -0.338922 -1.347381 -5.818397
-0.783081 -0.917847 -4.000000 -0.335362 -1.349754 -5.832400
-0.778687 -0.921997 -4.000000 -0.332751 -1.364707 -5.834299
-0.788696 -0.915527 -4.000000 -0.309254 -1.377286 -5.826229
-0.784180 -0.917236 -4.000000 -0.303796 -1.377286 -5.820533
-0.786621 -0.915161 -4.000000 -0.299761 -1.379896 -5.810328
-0.786987 -0.914917 -4.000000 -0.304033 -1.378235 -5.819109
-0.784912 -0.916382 -4.000000 -0.305932 -1.377048 -5.824331
-0.793091 -0.914185 -4.000000 -0.301897 -1.375150 -5.825280
-0.780640 -0.916870 -4.000000 -0.307356 -1.377760 -5.831925
-0.785645 -0.919556 -4.000000 -0.296675 -1.376336 -5.828128
-0.785156 -0.915894 -4.000000 -0.292878 -1.374438 -5.836197
-0.788086 -0.907715 -4.000000 -0.294777 -1.384643 -5.830027
-0.787964 -0.914551 -4.000000 -0.298811 -1.392950 -5.826704
-0.785889 -0.912476 -4.000000 -0.296201 -1.395324 -5.830264
-0.789307 -0.918823 -4.000000 -0.302134 -1.396985 -5.825992
-0.780518 -0.923706 -4.000000 -0.310204 -1.392238 -5.828128
-0.791748 -0.916138 -4.000000 -0.311153 -1.392001 -5.826704
-0.784790 -0.920288 -4.000000 -0.304270 -1.391051 -5.832637
-0.788452 -0.915527 -4.000000 -0.307593 -1.394611 -5.826941
-0.790161 -0.915039 -4.000000 -0.309017 -1.406004 -5.831688
-0.782471 -0.914673 -4.000000 -0.324444 -1.404580 -5.837384
-0.784058 -0.916626 -4.000000 -0.336311 -1.401732 -5.831451
-0.781860 -0.923096 -4.000000 -0.337023 -1.402444 -5.830502
-0.785889 -0.917114 -4.000000 -0.338210 -1.414073 -5.828365
-0.785156 -0.919678 -4.000000 -0.346517 -1.418820 -5.832875
-0.784668 -0.917480 -4.000000 -0.372862 -1.425940 -5.827653
-0.783569 -0.915894 -4.000000 -0.411073 -1.453947 -5.832163
-0.782593 -0.912720 -4.000000 -0.430535 -1.461067 -5.828603
-0.785889 -0.915771 -4.000000 -0.458067 -1.470560 -5.812701
-0.786499 -0.914429 -4.000000 -0.475155 -1.503551 -5.827416
-0.779785 -0.917847 -4.000000 -0.452608 -1.533456 -5.810565
-0.782715 -0.919678 -4.000000 -0.431959 -1.531794 -5.795850
-0.786133 -0.920410 -4.000000 -0.420330 -1.507586 -5.780897
-0.780273 -0.915527 -4.000000 -0.403241 -1.476257 -5.770929
-0.785034 -0.915039 -4.000000 -0.380694 -1.453472 -5.761198
-0.777222 -0.919678 -4.000000 -0.370726 -1.435197 -5.755977
-0.782715 -0.915039 -4.000000 -0.354112 -1.427839 -5.736752
-0.796631 -0.916748 -4.000000 -0.351264 -1.433298 -5.739838
-0.788940 -0.917358 -4.000000 -0.337261 -1.430925 -5.747670
-0.779785 -0.912476 -4.000000 -0.321359 -1.422143 -5.745771
-0.783691 -0.917114 -4.000000 -0.303558 -1.441368 -5.738413
-0.785645 -0.915771 -4.000000 -0.303321 -1.441368 -5.749331
-0.789185 -0.912109 -4.000000 -0.305932 -1.444690 -5.758825
-0.781006 -0.919189 -4.000000 -0.315663 -1.438519 -5.775201
-0.792725 -0.915039 -4.000000 -0.320647 -1.438045 -5.772591
-0.787476 -0.920776 -4.000000 -0.316375 -1.426178 -5.764284
-0.779541 -0.918701 -4.000000 -0.308542 -1.415735 -5.764996
-0.780029 -0.918213 -4.000000 -0.305457 -1.416447 -5.754315
-0.781494 -0.915771 -4.000000 -0.302134 -1.417396 -5.755265
-0.781738 -0.920654 -4.000000 -0.297625 -1.416921 -5.755977
-0.782349 -0.915405 -4.000000 -0.295963 -1.417871 -5.752417
-0.784790 -0.913696 -4.000000 -0.283859 -1.417159 -5.757638
-0.786987 -0.918579 -4.000000 -0.280774 -1.418108 -5.767606
-0.787109 -0.917358 -4.000000 -0.291217 -1.416921 -5.775913
-0.786987 -0.912109 -4.000000 -0.307356 -1.416209 -5.774964
-0.779053 -0.914795 -4.000000 -0.320884 -1.407665 -5.764284
-0.778198 -0.913330 -4.000000 -0.332039 -1.410276 -5.762147
-0.786865 -0.915161 -4.000000 -0.331564 -1.408852 -5.760486
-0.789429 -0.916260 -4.000000 -0.342007 -1.412175 -5.770692
-0.786743 -0.916138 -4.000000 -0.350552 -1.418820 -5.778286
-0.790771 -0.916748 -4.000000 -0.355536 -1.416921 -5.776388
-0.782471 -0.919189 -4.000000 -0.361707 -1.415023 -5.775438
-0.789551 -0.913818 -4.000000 -0.368589 -1.405292 -5.776151
-0.793213 -0.921143 -4.000000 -0.373099 -1.390814 -5.778998
-0.785034 -0.918945 -4.000000 -0.379032 -1.389390 -5.768556
-0.787109 -0.916260 -4.000000 -0.374998 -1.387729 -5.768793
-0.790039 -0.915283 -4.000000 -0.384729 -1.407665 -5.765707
-0.784058 -0.916992 -4.000000 -0.388289 -1.406004 -5.775438
-0.785034 -0.916260 -4.000000 -0.389713 -1.415023 -5.771404
-0.782837 -0.917725 -4.000000 -0.382118 -1.418108 -5.775676
-0.783936 -0.918457 -4.000000 -0.380456 -1.417396 -5.772591
-0.790527 -0.911011 -4.000000 -0.364555 -1.410039 -5.767606
-0.779785 -0.920654 -4.000000 -0.355536 -1.397934 -5.785644
-0.788208 -0.913086 -4.000000 -0.343194 -1.397697 -5.803919
-0.789429 -0.917969 -4.000000 -0.333938 -1.397697 -5.802258
-0.785278 -0.917603 -4.000000 -0.336311 -1.400070 -5.798935
-0.781494 -0.914551 -4.000000 -0.336074 -1.400782 -5.796324
-0.790894 -0.912598 -4.000000 -0.335836 -1.402918 -5.796562
-0.785522 -0.913086 -4.000000 -0.334175 -1.408377 -5.808191
-0.787842 -0.916992 -4.000000 -0.337735 -1.419770 -5.800359
-0.786621 -0.927124 -4.000000 -0.337735 -1.419058 -5.799647
-0.786743 -0.918823 -4.000000 -0.343669 -1.416921 -5.811514
-0.781494 -0.916626 -4.000000 -0.346992 -1.415735 -5.807242
-0.786377 -0.909180 -4.000000 -0.342957 -1.405054 -5.807954
-0.786621 -0.916748 -4.000000 -0.343431 -1.399596 -5.804869
-0.790649 -0.913330 -4.000000 -0.345330 -1.395086 -5.797274
-0.788818 -0.918945 -4.000000 -0.344618 -1.401494 -5.792290
-0.782715 -0.919189 -4.000000 -0.346279 -1.402681 -5.791340
-0.792847 -0.911011 -4.000000 -0.346279 -1.401732 -5.797986
-0.781128 -0.911499 -4.000000 -0.349840 -1.412412 -5.794663
-0.784302 -0.919067 -4.000000 -0.359333 -1.407191 -5.787543
-0.790405 -0.919189 -4.000000 -0.350077 -1.410513 -5.774252
-0.789307 -0.913086 -4.000000 -0.351026 -1.402206 -5.772116
-0.782593 -0.918091 -4.000000 -0.355536 -1.395798 -5.774252
-0.783325 -0.917358 -4.000000 -0.360520 -1.392950 -5.770454
-0.782715 -0.918335 -4.000000 -0.351501 -1.385830 -5.764284
-0.780640 -0.916138 -4.000000 -0.350789 -1.377523 -5.762385
-0.789185 -0.921143 -4.000000 -0.349365 -1.371590 -5.765233
-0.790894 -0.920776 -4.000000 -0.350314 -1.368267 -5.781847
-0.787109 -0.922852 -4.000000 -0.346517 -1.374438 -5.789442
-0.782104 -0.921753 -4.000000 -0.349602 -1.380608 -5.805343
-0.781494 -0.916748 -4.000000 -0.347229 -1.385593 -5.817685
-0.780151 -0.920166 -4.000000 -0.344381 -1.396748 -5.821008
-0.786133 -0.917358 -4.000000 -0.354112 -1.413361 -5.834062
-0.783691 -0.915161 -4.000000 -0.350552 -1.400545 -5.840944
-0.790039 -0.914795 -4.000000 -0.348178 -1.403630 -5.849726
-0.782837 -0.920410 -4.000000 -0.338447 -1.418108 -5.865390
-0.788696 -0.921753 -4.000000 -0.327292 -1.418583 -5.863492
-0.787231 -0.914429 -4.000000 -0.325156 -1.417396 -5.857083
-0.784668 -0.916626 -4.000000 -0.328479 -1.412649 -5.832637
-0.782959 -0.917847 -4.000000 -0.342007 -1.404817 -5.827178
-0.787964 -0.915039 -4.000000 -0.377371 -1.402444 -5.810328
-0.792847 -0.919678 -4.000000 -0.384254 -1.392475 -5.788967
-0.782227 -0.917236 -4.000000 -0.379507 -1.392001 -5.777812
-0.785645 -0.913330 -4.000000 -0.366453 -1.404817 -5.767132
-0.786255 -0.911987 -4.000000 -0.356248 -1.406241 -5.779711
-0.787109 -0.919800 -4.000000 -0.353400 -1.416447 -5.792764
-0.783081 -0.912964 -4.000000 -0.345567 -1.420244 -5.797037
-0.776245 -0.922729 -4.000000 -0.358621 -1.418820 -5.800359
-0.789673 -0.917358 -4.000000 -0.357909 -1.416209 -5.809141
-0.785889 -0.914307 -4.000000 -0.357672 -1.414548 -5.809141
-0.786011 -0.913330 -4.000000 -0.354824 -1.407665 -5.802732
-0.783691 -0.909668 -4.000000 -0.343194 -1.399121 -5.802732
-0.780151 -0.919067 -4.000000 -0.339871 -1.394374 -5.799410
-0.776978 -0.916992 -4.000000 -0.339634 -1.395561 -5.796562
-0.776367 -0.920532 -4.000000 -0.339634 -1.395086 -5.794663
-0.777222 -0.920776 -4.000000 -0.330852 -1.394137 -5.792764
-0.780762 -0.919434 -4.000000 -0.334650 -1.399121 -5.785882
-0.785522 -0.917114 -4.000000 -0.330615 -1.416921 -5.795850
-0.791260 -0.922729 -4.000000 -0.332276 -1.419532 -5.808429
-0.780640 -0.913086 -4.000000 -0.330852 -1.418820 -5.796799
-0.785767 -0.912109 -4.000000 -0.339159 -1.417871 -5.799647
-0.791504 -0.914795 -4.000000 -0.356248 -1.417634 -5.799647
-0.776245 -0.927002 -4.000000 -0.360995 -1.416447 -5.801783
-0.783813 -0.915405 -4.000000 -0.352213 -1.406953 -5.814600
-0.782593 -0.919678 -4.000000 -0.349602 -1.402206 -5.807242
-0.783325 -0.917603 -4.000000 -0.351026 -1.391526 -5.797037
-0.785645 -0.916870 -4.000000 -0.348890 -1.377048 -5.788255
-0.782349 -0.915405 -4.000000 -0.360757 -1.383931 -5.781610
-0.784790 -0.920654 -4.000000 -0.357909 -1.387491 -5.807242
