-0.794067 -0.915649 -4.000000 -0.323969 -1.306321 -5.633509
-0.786011 -0.920532 -4.000000 -0.359571 -1.305372 -5.643477
-0.794312 -0.913818 -4.000000 -0.350314 -1.251258 -5.685961
-0.789063 -0.913940 -4.000000 -0.355061 -1.232745 -5.694743
-0.780884 -0.916260 -4.000000 -0.354586 -1.232745 -5.724885
-0.786255 -0.916016 -4.000000 -0.338447 -1.250309 -5.736752
-0.787231 -0.918213 -4.000000 -0.328716 -1.280688 -5.748382
-0.790894 -0.913208 -4.000000 -0.327767 -1.300387 -5.754790
-0.782959 -0.913940 -4.000000 -0.322545 -1.318663 -5.766182
-0.786987 -0.926025 -4.000000 -0.322545 -1.358773 -5.750280
-0.786377 -0.919189 -4.000000 -0.316849 -1.406241 -5.738176
-0.783813 -0.913940 -4.000000 -0.305457 -1.432349 -5.733192
-0.788452 -0.919678 -4.000000 -0.297862 -1.439706 -5.732717
-0.780640 -0.919434 -4.000000 -0.291691 -1.429738 -5.732955
-0.792847 -0.917847 -4.000000 -0.300947 -1.421906 -5.738176
-0.784302 -0.916260 -4.000000 -0.320884 -1.415260 -5.738413
-0.789551 -0.915649 -4.000000 -0.343194 -1.405529 -5.741973
-0.793091 -0.921875 -4.000000 -0.351976 -1.384406 -5.748144
-0.782104 -0.921509 -4.000000 -0.349602 -1.361384 -5.762859
-0.784302 -0.919922 -4.000000 -0.342245 -1.358298 -5.770217
-0.787231 -0.917847 -4.000000 -0.339871 -1.360435 -5.782084
-0.786987 -0.914673 -4.000000 -0.339871 -1.358061 -5.777575
-0.784668 -0.915039 -4.000000 -0.336549 -1.362333 -5.792527
-0.781250 -0.916992 -4.000000 -0.330140 -1.366843 -5.797749
-0.789185 -0.911499 -4.000000 -0.330852 -1.382270 -5.799172
-0.782593 -0.907715 -4.000000 -0.339159 -1.413599 -5.803682
-0.787231 -0.920044 -4.000000 -0.343906 -1.416921 -5.797037
-0.789917 -0.913452 -4.000000 -0.348890 -1.415735 -5.792764
-0.784668 -0.916748 -4.000000 -0.359571 -1.417159 -5.795850
-0.791992 -0.917480 -4.000000 -0.360757 -1.416447 -5.798223
-0.787720 -0.913940 -4.000000 -0.367877 -1.410513 -5.787305
-0.792969 -0.921387 -4.000000 -0.367877 -1.393188 -5.796087
-0.788086 -0.918701 -4.000000 -0.359571 -1.394137 -5.799884
-0.790283 -0.916382 -4.000000 -0.357909 -1.391289 -5.793239
-0.782715 -0.909058 -4.000000 -0.355298 -1.383219 -5.793002
-0.792358 -0.919556 -4.000000 -0.346992 -1.380134 -5.797511
-0.791870 -0.918945 -4.000000 -0.338685 -1.374675 -5.807005
-0.781372 -0.920410 -4.000000 -0.342482 -1.364469 -5.798935
-0.783203 -0.909180 -4.000000 -0.337498 -1.370878 -5.794900
-0.784180 -0.918945 -4.000000 -0.342245 -1.371590 -5.790391
-0.784058 -0.915039 -4.000000 -0.347941 -1.382507 -5.792290
-0.785889 -0.920776 -4.000000 -0.345805 -1.391289 -5.800122
-0.794312 -0.916260 -4.000000 -0.346992 -1.392950 -5.803682
-0.788330 -0.912354 -4.000000 -0.346042 -1.389865 -5.814125
-0.784424 -0.923584 -4.000000 -0.346992 -1.387966 -5.828365
-0.790039 -0.912842 -4.000000 -0.339159 -1.391763 -5.829315
-0.789551 -0.914917 -4.000000 -0.340109 -1.394849 -5.822669
-0.777954 -0.914673 -4.000000 -0.332988 -1.399358 -5.827653
-0.787354 -0.921265 -4.000000 -0.333226 -1.405529 -5.822195
-0.792725 -0.911987 -4.000000 -0.323969 -1.418108 -5.830976
-0.788086 -0.915405 -4.000000 -0.328004 -1.418108 -5.830976
-0.786377 -0.910400 -4.000000 -0.333226 -1.416684 -5.830027
-0.785767 -0.916260 -4.000000 -0.338685 -1.417871 -5.828365
-0.782959 -0.917603 -4.000000 -0.340346 -1.416684 -5.807242
-0.797607 -0.917236 -4.000000 -0.345805 -1.415497 -5.813650
-0.786621 -0.921509 -4.000000 -0.346279 -1.416209 -5.807242
-0.789795 -0.916626 -4.000000 -0.349602 -1.415972 -5.806056
-0.781860 -0.913940 -4.000000 -0.343431 -1.403868 -5.797037
-0.788086 -0.917480 -4.000000 -0.347941 -1.401494 -5.797037
-0.786255 -0.919556 -4.000000 -0.342245 -1.406241 -5.793239
-0.794556 -0.915039 -4.000000 -0.340346 -1.407903 -5.788492
-0.788086 -0.916138 -4.000000 -0.342482 -1.407903 -5.797749
-0.790283 -0.913696 -4.000000 -0.347229 -1.410039 -5.808904
-0.787842 -0.911743 -4.000000 -0.351976 -1.416209 -5.802732
-0.780151 -0.915527 -4.000000 -0.342719 -1.419295 -5.813650
-0.786865 -0.918457 -4.000000 -0.339397 -1.418583 -5.803207
-0.781372 -0.915894 -4.000000 -0.331327 -1.418108 -5.806056
-0.786255 -0.919434 -4.000000 -0.332988 -1.417871 -5.808191
-0.784180 -0.915771 -4.000000 -0.324919 -1.417396 -5.807479
-0.786865 -0.913574 -4.000000 -0.326580 -1.418346 -5.796562
-0.788574 -0.913574 -4.000000 -0.329903 -1.417396 -5.800122
-0.783813 -0.914185 -4.000000 -0.333938 -1.416921 -5.798223
-0.781372 -0.917969 -4.000000 -0.342482 -1.417159 -5.794188
-0.785645 -0.909058 -4.000000 -0.344855 -1.413836 -5.801783
-0.787231 -0.915771 -4.000000 -0.343906 -1.399596 -5.797511
-0.788330 -0.918823 -4.000000 -0.342482 -1.397934 -5.795375
-0.786987 -0.913818 -4.000000 -0.329666 -1.403630 -5.784457
-0.784912 -0.916626 -4.000000 -0.330852 -1.402444 -5.787780
-0.790771 -0.914185 -4.000000 -0.342482 -1.403868 -5.794188
-0.791138 -0.914429 -4.000000 -0.356485 -1.411700 -5.800359
-0.781982 -0.920044 -4.000000 -0.347704 -1.417159 -5.805581
-0.788452 -0.920532 -4.000000 -0.348653 -1.417159 -5.804394
-0.785034 -0.914551 -4.000000 -0.337498 -1.416921 -5.818397
-0.781128 -0.916748 -4.000000 -0.341058 -1.409089 -5.814600
-0.783936 -0.916504 -4.000000 -0.342719 -1.409801 -5.800359
-0.788208 -0.915649 -4.000000 -0.346517 -1.417159 -5.794425
-0.784424 -0.920044 -4.000000 -0.337023 -1.413361 -5.793951
-0.780762 -0.915894 -4.000000 -0.338210 -1.401020 -5.790865
-0.794800 -0.918579 -4.000000 -0.337973 -1.402918 -5.780185
-0.782837 -0.919312 -4.000000 -0.337735 -1.420007 -5.788967
-0.792114 -0.921387 -4.000000 -0.334650 -1.417871 -5.787305
-0.780396 -0.913818 -4.000000 -0.335599 -1.415735 -5.789679
-0.789795 -0.921387 -4.000000 -0.340109 -1.417871 -5.793002
-0.783569 -0.914307 -4.000000 -0.336549 -1.417871 -5.800834
-0.781738 -0.917847 -4.000000 -0.331090 -1.416921 -5.788492
-0.786255 -0.920288 -4.000000 -0.332276 -1.416921 -5.783033
-0.791870 -0.920166 -4.000000 -0.331327 -1.411225 -5.786119
-0.781372 -0.913086 -4.000000 -0.329903 -1.403630 -5.789204
-0.784180 -0.917480 -4.000000 -0.342482 -1.393662 -5.784695
-0.786621 -0.917236 -4.000000 -0.341295 -1.393425 -5.781847
-0.787354 -0.917725 -4.000000 -0.343669 -1.401732 -5.790154
-0.784058 -0.924805 -4.000000 -0.341770 -1.417159 -5.793951
-0.780762 -0.921387 -4.000000 -0.341770 -1.426178 -5.807242
-0.787231 -0.916016 -4.000000 -0.335836 -1.459880 -5.800834
-0.782837 -0.918091 -4.000000 -0.338685 -1.462491 -5.797511
-0.791382 -0.918579 -4.000000 -0.346042 -1.445877 -5.779236
-0.784424 -0.916138 -4.000000 -0.348178 -1.419532 -5.763571
-0.786011 -0.919556 -4.000000 -0.350552 -1.417634 -5.776151
-0.789307 -0.914795 -4.000000 -0.348653 -1.416684 -5.775913
-0.788696 -0.917236 -4.000000 -0.346517 -1.418108 -5.776625
-0.792358 -0.914429 -4.000000 -0.336311 -1.414548 -5.766894
-0.793213 -0.911377 -4.000000 -0.342957 -1.411225 -5.758112
-0.788452 -0.921875 -4.000000 -0.351264 -1.383456 -5.755739
-0.788818 -0.914429 -4.000000 -0.354586 -1.374912 -5.754315
-0.794189 -0.915771 -4.000000 -0.348890 -1.378710 -5.763097
-0.788452 -0.917969 -4.000000 -0.342007 -1.383931 -5.772828
-0.790527 -0.918335 -4.000000 -0.336786 -1.398172 -5.784220
-0.783813 -0.916626 -4.000000 -0.340583 -1.412412 -5.777575
-0.784302 -0.921143 -4.000000 -0.343194 -1.408140 -5.778286
-0.785645 -0.915771 -4.000000 -0.350552 -1.410039 -5.775913
-0.786987 -0.917358 -4.000000 -0.347704 -1.407191 -5.779473
-0.789185 -0.914307 -4.000000 -0.347466 -1.412412 -5.786119
-0.784546 -0.919678 -4.000000 -0.337023 -1.417396 -5.786593
-0.785156 -0.919800 -4.000000 -0.332514 -1.417634 -5.779473
-0.781006 -0.915161 -4.000000 -0.332751 -1.415260 -5.765945
-0.788696 -0.917603 -4.000000 -0.334412 -1.405766 -5.764758
-0.783325 -0.910645 -4.000000 -0.339634 -1.405766 -5.766657
-0.784790 -0.912231 -4.000000 -0.340583 -1.406004 -5.771641
-0.787964 -0.916626 -4.000000 -0.339159 -1.406479 -5.774014
-0.789795 -0.918945 -4.000000 -0.335124 -1.403868 -5.768793
-0.786865 -0.917236 -4.000000 -0.348653 -1.403156 -5.774964
-0.786011 -0.918945 -4.000000 -0.347466 -1.401732 -5.785407
-0.786377 -0.919067 -4.000000 -0.352213 -1.404580 -5.784220
-0.791016 -0.912231 -4.000000 -0.336549 -1.417396 -5.789442
-0.790405 -0.912476 -4.000000 -0.323732 -1.417396 -5.792290
-0.786133 -0.918823 -4.000000 -0.329428 -1.416209 -5.798460
-0.781494 -0.919556 -4.000000 -0.333463 -1.414548 -5.797511
-0.787354 -0.918945 -4.000000 -0.336074 -1.404105 -5.785882
-0.786377 -0.920044 -4.000000 -0.337973 -1.417396 -5.790865
-0.778076 -0.916382 -4.000000 -0.337261 -1.418583 -5.784457
-0.793945 -0.918823 -4.000000 -0.333938 -1.416684 -5.786356
-0.785645 -0.918335 -4.000000 -0.337735 -1.415735 -5.782321
-0.792236 -0.917358 -4.000000 -0.350789 -1.417159 -5.780897
-0.785522 -0.914673 -4.000000 -0.358384 -1.419058 -5.782796
-0.785767 -0.912964 -4.000000 -0.361944 -1.416447 -5.788730
-0.788208 -0.920776 -4.000000 -0.352688 -1.416921 -5.786356
-0.785767 -0.914429 -4.000000 -0.343431 -1.418820 -5.778761
-0.791138 -0.918579 -4.000000 -0.345093 -1.418108 -5.772353
-0.794067 -0.916138 -4.000000 -0.354824 -1.416209 -5.774489
-0.786011 -0.919678 -4.000000 -0.354112 -1.418583 -5.781372
