-0.781494 -0.918579 -4.000000 -0.309017 -1.564310 -5.612860
-0.786133 -0.921753 -4.000000 -0.258701 -1.406004 -5.618319
-0.791382 -0.914795 -4.000000 -0.228559 -1.305846 -5.660803
-0.785889 -0.925537 -4.000000 -0.232119 -1.261226 -5.687623
-0.788086 -0.915283 -4.000000 -0.249682 -1.242714 -5.726309
-0.784790 -0.909668 -4.000000 -0.281011 -1.228473 -5.743635
-0.785522 -0.917725 -4.000000 -0.317561 -1.218505 -5.753840
-0.781616 -0.918335 -4.000000 -0.332988 -1.201654 -5.761910
-0.783081 -0.919556 -4.000000 -0.363605 -1.197619 -5.785882
-0.782959 -0.918945 -4.000000 -0.375947 -1.204027 -5.794188
-0.781006 -0.919189 -4.000000 -0.381406 -1.242239 -5.802495
-0.781128 -0.917358 -4.000000 -0.362419 -1.299438 -5.791815
-0.787842 -0.914795 -4.000000 -0.333463 -1.339311 -5.799172
-0.792969 -0.911499 -4.000000 -0.313527 -1.370165 -5.810328
-0.791992 -0.911621 -4.000000 -0.287894 -1.401969 -5.799884
-0.784912 -0.916870 -4.000000 -0.276027 -1.417634 -5.798460
-0.780151 -0.916260 -4.000000 -0.273416 -1.415735 -5.789204
-0.790649 -0.915894 -4.000000 -0.286707 -1.413836 -5.791340
-0.788818 -0.917603 -4.000000 -0.304982 -1.395086 -5.791578
-0.786011 -0.913818 -4.000000 -0.313764 -1.377760 -5.794663
-0.781860 -0.916626 -4.000000 -0.310916 -1.367080 -5.799410
-0.790405 -0.913940 -4.000000 -0.317561 -1.359722 -5.792527
-0.790894 -0.917847 -4.000000 -0.324207 -1.359960 -5.790154
-0.785278 -0.921753 -4.000000 -0.323969 -1.356637 -5.794663
-0.788818 -0.915039 -4.000000 -0.326580 -1.362096 -5.807479
-0.776123 -0.920166 -4.000000 -0.337023 -1.383219 -5.811989
-0.784668 -0.913208 -4.000000 -0.341058 -1.412649 -5.820058
-0.790649 -0.913574 -4.000000 -0.347229 -1.418583 -5.829077
-0.784912 -0.916260 -4.000000 -0.347704 -1.418108 -5.828365
-0.783447 -0.915161 -4.000000 -0.342245 -1.416447 -5.825992
-0.785034 -0.918579 -4.000000 -0.330378 -1.416209 -5.822195
-0.786987 -0.919922 -4.000000 -0.331090 -1.413124 -5.812464
-0.783936 -0.912109 -4.000000 -0.332514 -1.401732 -5.816498
-0.786621 -0.913086 -4.000000 -0.328242 -1.394849 -5.823618
-0.791260 -0.911743 -4.000000 -0.331327 -1.395561 -5.819109
-0.790039 -0.916870 -4.000000 -0.345093 -1.397222 -5.824331
-0.791382 -0.917603 -4.000000 -0.360045 -1.394137 -5.814837
-0.789551 -0.918091 -4.000000 -0.365267 -1.392475 -5.814363
-0.793457 -0.918701 -4.000000 -0.358621 -1.410513 -5.822906
-0.787231 -0.917969 -4.000000 -0.347466 -1.418583 -5.828128
-0.784302 -0.917236 -4.000000 -0.335836 -1.419058 -5.826229
-0.780762 -0.916748 -4.000000 -0.320884 -1.418108 -5.826704
-0.791016 -0.920898 -4.000000 -0.310678 -1.417871 -5.816973
-0.790405 -0.917603 -4.000000 -0.309254 -1.415972 -5.807242
-0.784546 -0.914551 -4.000000 -0.315663 -1.415972 -5.790865
-0.787231 -0.923462 -4.000000 -0.313764 -1.418583 -5.762385
-0.793457 -0.912476 -4.000000 -0.305694 -1.418583 -5.741973
-0.790161 -0.916138 -4.000000 -0.296201 -1.417634 -5.723461
-0.797363 -0.912842 -4.000000 -0.302372 -1.418108 -5.729394
-0.786255 -0.918701 -4.000000 -0.316137 -1.416684 -5.735565
-0.792236 -0.915283 -4.000000 -0.338922 -1.417871 -5.755739
-0.792603 -0.916870 -4.000000 -0.338447 -1.417871 -5.760724
-0.779541 -0.916870 -4.000000 -0.341533 -1.417159 -5.773065
-0.787476 -0.918823 -4.000000 -0.334887 -1.416921 -5.775676
-0.779053 -0.914063 -4.000000 -0.329191 -1.418820 -5.792052
-0.780029 -0.909180 -4.000000 -0.324444 -1.419295 -5.800834
-0.786255 -0.911743 -4.000000 -0.319935 -1.429738 -5.798698
-0.790283 -0.913452 -4.000000 -0.332988 -1.420482 -5.785407
-0.780518 -0.922119 -4.000000 -0.351026 -1.416921 -5.763809
-0.781982 -0.920410 -4.000000 -0.363131 -1.416447 -5.755977
-0.785034 -0.911499 -4.000000 -0.359808 -1.417159 -5.762859
-0.777588 -0.918701 -4.000000 -0.353400 -1.419770 -5.773777
-0.790649 -0.919678 -4.000000 -0.345805 -1.419295 -5.776625
-0.786255 -0.917725 -4.000000 -0.334650 -1.417159 -5.774014
-0.783081 -0.921631 -4.000000 -0.326818 -1.416684 -5.768793
-0.782349 -0.916504 -4.000000 -0.322308 -1.416447 -5.773540
-0.780396 -0.916382 -4.000000 -0.315663 -1.416921 -5.780660
-0.784912 -0.916138 -4.000000 -0.326106 -1.417159 -5.786356
-0.789307 -0.918579 -4.000000 -0.338210 -1.416447 -5.791578
-0.787842 -0.919678 -4.000000 -0.348416 -1.416209 -5.785170
-0.785522 -0.917480 -4.000000 -0.356248 -1.416684 -5.781610
-0.786743 -0.914673 -4.000000 -0.365267 -1.411225 -5.778761
-0.784790 -0.918945 -4.000000 -0.362419 -1.405292 -5.776151
-0.789307 -0.919922 -4.000000 -0.359808 -1.405054 -5.783745
-0.786377 -0.919800 -4.000000 -0.351026 -1.416684 -5.799172
-0.786133 -0.911865 -4.000000 -0.335599 -1.419058 -5.820533
-0.785522 -0.918335 -4.000000 -0.332751 -1.417871 -5.836435
-0.785400 -0.921997 -4.000000 -0.326343 -1.417871 -5.822906
-0.782593 -0.922607 -4.000000 -0.337735 -1.419295 -5.818635
-0.780640 -0.915283 -4.000000 -0.338447 -1.415260 -5.815786
-0.788818 -0.913330 -4.000000 -0.333700 -1.414548 -5.798698
-0.786499 -0.921387 -4.000000 -0.327530 -1.410751 -5.770454
-0.789551 -0.914063 -4.000000 -0.344381 -1.395798 -5.775913
-0.782104 -0.920044 -4.000000 -0.360283 -1.387491 -5.773303
-0.789185 -0.914307 -4.000000 -0.374048 -1.387017 -5.774489
-0.784058 -0.924194 -4.000000 -0.363131 -1.384643 -5.766182
-0.779785 -0.916748 -4.000000 -0.343906 -1.385118 -5.756451
-0.782959 -0.917114 -4.000000 -0.334175 -1.393188 -5.745771
-0.781128 -0.914795 -4.000000 -0.335362 -1.401969 -5.745771
-0.781372 -0.920898 -4.000000 -0.337498 -1.406241 -5.754790
-0.781616 -0.920654 -4.000000 -0.341058 -1.412412 -5.762147
-0.783203 -0.913208 -4.000000 -0.352450 -1.418583 -5.763097
-0.788208 -0.907959 -4.000000 -0.355536 -1.419058 -5.761198
-0.795776 -0.924316 -4.000000 -0.361707 -1.417871 -5.771404
-0.787231 -0.912842 -4.000000 -0.364317 -1.416684 -5.783983
-0.784180 -0.915405 -4.000000 -0.363843 -1.417159 -5.777812
-0.795410 -0.917358 -4.000000 -0.366928 -1.416447 -5.780185
-0.788696 -0.917480 -4.000000 -0.372624 -1.414548 -5.775438
-0.782471 -0.924072 -4.000000 -0.368115 -1.405054 -5.769742
-0.785645 -0.919434 -4.000000 -0.360995 -1.402918 -5.760249
-0.781494 -0.917969 -4.000000 -0.351738 -1.410039 -5.754552
-0.787720 -0.917725 -4.000000 -0.341770 -1.418108 -5.753603
-0.788208 -0.913086 -4.000000 -0.332514 -1.419532 -5.766182
-0.785278 -0.919556 -4.000000 -0.324919 -1.419058 -5.769268
-0.780151 -0.920776 -4.000000 -0.335599 -1.417159 -5.764046
-0.781738 -0.915405 -4.000000 -0.355061 -1.415497 -5.772116
-0.791626 -0.914673 -4.000000 -0.369301 -1.412412 -5.764521
-0.781006 -0.913208 -4.000000 -0.371438 -1.407428 -5.785170
-0.783691 -0.914185 -4.000000 -0.358621 -1.416921 -5.777100
-0.785889 -0.918701 -4.000000 -0.345805 -1.416921 -5.763809
-0.781372 -0.916870 -4.000000 -0.335362 -1.416209 -5.761673
-0.781616 -0.914795 -4.000000 -0.336786 -1.416921 -5.757875
-0.785767 -0.918213 -4.000000 -0.339397 -1.417634 -5.757638
-0.789307 -0.918213 -4.000000 -0.338210 -1.416921 -5.772353
-0.787231 -0.919678 -4.000000 -0.346754 -1.417159 -5.767369
-0.787476 -0.922974 -4.000000 -0.342245 -1.410039 -5.769505
-0.790039 -0.919312 -4.000000 -0.344143 -1.398646 -5.770217
-0.786987 -0.911133 -4.000000 -0.339634 -1.393425 -5.774489
-0.786255 -0.909058 -4.000000 -0.334887 -1.396510 -5.758112
-0.788208 -0.919922 -4.000000 -0.337498 -1.390577 -5.755739
-0.789917 -0.919922 -4.000000 -0.340821 -1.390814 -5.756214
-0.789429 -0.918701 -4.000000 -0.341533 -1.395561 -5.762147
-0.784668 -0.921143 -4.000000 -0.345805 -1.399121 -5.766657
-0.782471 -0.919556 -4.000000 -0.351738 -1.404105 -5.767844
-0.785034 -0.906616 -4.000000 -0.356248 -1.404105 -5.782321
-0.789917 -0.914917 -4.000000 -0.340821 -1.415260 -5.778286
-0.789917 -0.922974 -4.000000 -0.324207 -1.418108 -5.778998
-0.792114 -0.914429 -4.000000 -0.330852 -1.417634 -5.777812
-0.784668 -0.914063 -4.000000 -0.358621 -1.415735 -5.783271
-0.789917 -0.918457 -4.000000 -0.373099 -1.415497 -5.773540
-0.786987 -0.913208 -4.000000 -0.364555 -1.416921 -5.774726
-0.784912 -0.916748 -4.000000 -0.362181 -1.416209 -5.772591
-0.787476 -0.917358 -4.000000 -0.359808 -1.408377 -5.783508
-0.777954 -0.915039 -4.000000 -0.353637 -1.415497 -5.774014
-0.785767 -0.918091 -4.000000 -0.346754 -1.419058 -5.777575
-0.790283 -0.912720 -4.000000 -0.347704 -1.417871 -5.772828
-0.782715 -0.920288 -4.000000 -0.344618 -1.416209 -5.779236
-0.781982 -0.911133 -4.000000 -0.349128 -1.417396 -5.775913
-0.786255 -0.920288 -4.000000 -0.355061 -1.417159 -5.774726
-0.784058 -0.916138 -4.000000 -0.358146 -1.414785 -5.773540
-0.792358 -0.917114 -4.000000 -0.362181 -1.412649 -5.769030
-0.783447 -0.911011 -4.000000 -0.355773 -1.405766 -5.767606
-0.782104 -0.913574 -4.000000 -0.341533 -1.417159 -5.764521
-0.785889 -0.918579 -4.000000 -0.339397 -1.419058 -5.756689
-0.787598 -0.918091 -4.000000 -0.338685 -1.416684 -5.750518
-0.782837 -0.912964 -4.000000 -0.328479 -1.415260 -5.755027
-0.784302 -0.923218 -4.000000 -0.336074 -1.404817 -5.764284
-0.795776 -0.918091 -4.000000 -0.349602 -1.400545 -5.766657
-0.784302 -0.922974 -4.000000 -0.353400 -1.412175 -5.769505
-0.784912 -0.919678 -4.000000 -0.346992 -1.417396 -5.773065
