-0.782349 -0.916016 -4.000000 -0.320647 -1.429738 -5.652496
-0.787109 -0.916260 -4.000000 -0.321359 -1.474595 -5.637781
-0.782715 -0.911499 -4.000000 -0.296201 -1.496193 -5.695455
-0.785156 -0.918701 -4.000000 -0.237340 -1.537490 -5.722037
-0.784668 -0.920776 -4.000000 -0.202214 -1.584721 -5.722274
-0.780884 -0.916504 -4.000000 -0.213132 -1.619610 -5.726309
-0.792358 -0.913086 -4.000000 -0.214793 -1.631714 -5.746483
-0.784912 -0.920776 -4.000000 -0.202451 -1.647616 -5.754790
-0.783325 -0.914429 -4.000000 -0.238764 -1.667078 -5.746958
-0.790649 -0.915771 -4.000000 -0.291929 -1.662331 -5.740787
-0.781250 -0.920288 -4.000000 -0.314713 -1.631952 -5.736989
-0.791870 -0.916626 -4.000000 -0.332276 -1.614389 -5.748144
-0.785156 -0.922485 -4.000000 -0.381168 -1.627442 -5.756689
-0.786987 -0.915161 -4.000000 -0.438605 -1.629341 -5.739838
-0.787476 -0.916138 -4.000000 -0.531168 -1.563835 -5.711831
-0.785645 -0.915161 -4.000000 -0.627765 -1.440418 -5.686436
-0.791016 -0.917725 -4.000000 -0.683777 -1.324121 -5.665313
-0.777832 -0.925781 -4.000000 -0.767558 -1.255530 -5.644189
-0.789063 -0.923584 -4.000000 -0.890738 -1.263362 -5.651309
-0.786133 -0.921509 -4.000000 -1.008459 -1.360672 -5.677892
-0.785645 -0.914185 -4.000000 -1.109803 -1.519215 -5.709695
-0.782227 -0.922119 -4.000000 -1.216132 -1.679657 -5.715866
-0.785400 -0.921631 -4.000000 -1.265736 -1.785748 -5.695455
-0.781128 -0.916992 -4.000000 -1.217318 -1.825147 -5.652971
-0.788818 -0.916016 -4.000000 -1.114075 -1.780290 -5.582481
-0.779053 -0.917603 -4.000000 -1.007509 -1.655923 -5.529079
-0.782104 -0.912964 -4.000000 -0.878396 -1.467950 -5.479475
-0.789185 -0.914551 -4.000000 -0.716056 -1.325546 -5.447434
-0.789307 -0.928101 -4.000000 -0.626578 -1.271195 -5.447909
-0.788940 -0.919067 -4.000000 -0.655534 -1.239628 -5.456928
-0.790283 -0.918823 -4.000000 -0.753555 -1.188600 -5.479238
-0.784424 -0.918823 -4.000000 -0.878634 -1.149202 -5.509380
-0.786011 -0.919067 -4.000000 -1.046671 -1.166528 -5.561120
-0.782715 -0.911377 -4.000000 -1.207825 -1.251495 -5.638731
-0.788086 -0.918091 -4.000000 -1.317001 -1.360197 -5.726309
-0.783569 -0.922607 -4.000000 -1.309406 -1.403630 -5.769268
-0.785522 -0.914917 -4.000000 -1.244375 -1.363757 -5.778761
-0.781982 -0.918213 -4.000000 -1.153474 -1.274280 -5.761910
-0.784790 -0.921265 -4.000000 -1.024835 -1.205214 -5.662465
-0.777832 -0.914063 -4.000000 -0.881957 -1.203078 -5.561832
-0.788574 -0.919312 -4.000000 -0.817875 -1.203553 -5.510804
-0.784424 -0.920776 -4.000000 -0.790106 -1.263362 -5.503209
-0.781738 -0.915283 -4.000000 -0.782748 -1.342634 -5.508430
-0.785156 -0.919800 -4.000000 -0.777764 -1.387966 -5.519348
-0.793213 -0.920898 -4.000000 -0.751657 -1.383931 -5.539522
-0.786621 -0.918823 -4.000000 -0.717717 -1.311305 -5.559934
-0.788086 -0.918335 -4.000000 -0.660755 -1.235594 -5.588652
-0.790527 -0.913452 -4.000000 -0.603794 -1.240815 -5.619506
-0.786255 -0.913086 -4.000000 -0.580060 -1.323409 -5.628050
-0.780518 -0.919678 -4.000000 -0.553715 -1.412412 -5.652733
-0.788452 -0.913086 -4.000000 -0.477766 -1.467238 -5.670059
-0.788696 -0.922363 -4.000000 -0.388289 -1.461779 -5.681926
-0.788574 -0.925049 -4.000000 -0.301422 -1.420719 -5.688097
-0.784302 -0.921387 -4.000000 -0.239951 -1.363045 -5.685486
-0.782837 -0.915527 -4.000000 -0.193432 -1.344533 -5.699252
-0.782104 -0.917236 -4.000000 -0.165664 -1.345719 -5.713493
-0.780396 -0.915771 -4.000000 -0.134809 -1.349517 -5.715629
-0.785767 -0.925415 -4.000000 -0.109414 -1.347143 -5.713967
-0.778809 -0.918945 -4.000000 -0.083069 -1.374438 -5.715154
-0.782104 -0.918457 -4.000000 -0.072389 -1.422855 -5.742923
-0.778442 -0.921631 -4.000000 -0.073101 -1.490022 -5.750992
-0.785278 -0.915527 -4.000000 -0.079746 -1.542000 -5.757401
-0.778320 -0.910645 -4.000000 -0.072863 -1.556952 -5.731056
-0.786865 -0.922729 -4.000000 -0.064082 -1.510434 -5.704474
-0.783936 -0.925049 -4.000000 -0.065743 -1.413361 -5.652021
-0.783447 -0.914917 -4.000000 -0.054114 -1.321748 -5.571563
-0.781006 -0.917114 -4.000000 -0.045095 -1.255055 -5.526706
-0.781006 -0.916260 -4.000000 -0.057911 -1.268584 -5.524807
-0.783447 -0.917847 -4.000000 -0.109414 -1.372064 -5.534775
-0.789551 -0.909912 -4.000000 -0.138844 -1.474595 -5.554712
-0.787720 -0.912354 -4.000000 -0.134335 -1.539152 -5.578446
-0.785034 -0.919800 -4.000000 -0.113686 -1.556478 -5.575598
-0.785278 -0.919922 -4.000000 -0.069303 -1.540813 -5.564918
-0.782104 -0.917480 -4.000000 -0.028006 -1.530133 -5.510092
-0.788208 -0.917480 -4.000000 0.022785 -1.492633 -5.421802
-0.788940 -0.921387 -4.000000 0.062183 -1.449437 -5.368400
-0.780762 -0.918823 -4.000000 0.076186 -1.450149 -5.357482
-0.782837 -0.916382 -4.000000 0.054351 -1.444928 -5.363891
-0.783813 -0.917480 -4.000000 -0.004747 -1.437807 -5.375283
-0.788696 -0.918457 -4.000000 -0.106328 -1.446352 -5.402339
-0.793335 -0.918091 -4.000000 -0.248495 -1.467475 -5.462862
-0.783325 -0.919556 -4.000000 -0.355298 -1.477443 -5.485409
-0.785400 -0.918945 -4.000000 -0.398494 -1.463203 -5.513177
-0.782593 -0.917847 -4.000000 -0.410599 -1.445640 -5.502972
-0.785522 -0.912109 -4.000000 -0.384017 -1.436858 -5.469982
-0.785278 -0.916748 -4.000000 -0.380456 -1.414073 -5.425362
-0.785156 -0.912842 -4.000000 -0.400868 -1.391526 -5.409697
-0.786865 -0.912354 -4.000000 -0.430773 -1.357112 -5.386675
-0.786987 -0.920654 -4.000000 -0.438605 -1.326020 -5.387150
-0.781738 -0.918091 -4.000000 -0.430298 -1.321036 -5.388811
-0.784302 -0.916260 -4.000000 -0.414159 -1.337887 -5.412545
-0.779907 -0.918091 -4.000000 -0.367877 -1.376336 -5.449096
-0.784546 -0.920410 -4.000000 -0.319460 -1.411700 -5.476864
-0.775635 -0.917114 -4.000000 -0.272941 -1.389153 -5.513652
-0.777832 -0.919556 -4.000000 -0.230932 -1.301811 -5.514839
-0.786865 -0.910278 -4.000000 -0.200078 -1.199755 -5.513889
-0.785889 -0.915039 -4.000000 -0.178243 -1.127841 -5.522196
-0.785400 -0.918823 -4.000000 -0.194382 -1.076576 -5.561357
-0.790405 -0.913330 -4.000000 -0.274840 -1.106243 -5.592924
-0.785889 -0.912842 -4.000000 -0.356960 -1.194534 -5.638019
-0.784302 -0.913208 -4.000000 -0.423415 -1.309644 -5.681452
-0.786011 -0.915039 -4.000000 -0.440741 -1.390102 -5.702100
-0.784180 -0.916870 -4.000000 -0.421754 -1.409327 -5.730344
-0.786987 -0.918579 -4.000000 -0.401342 -1.416684 -5.751230
-0.782837 -0.910522 -4.000000 -0.378795 -1.408615 -5.747907
-0.778931 -0.914917 -4.000000 -0.362419 -1.374912 -5.758112
-0.786865 -0.919556 -4.000000 -0.362893 -1.333140 -5.765945
-0.781860 -0.913940 -4.000000 -0.345805 -1.286859 -5.781372
-0.785522 -0.920776 -4.000000 -0.304508 -1.251021 -5.807717
-0.787964 -0.922729 -4.000000 -0.292641 -1.228711 -5.817448
-0.789551 -0.918091 -4.000000 -0.305220 -1.251021 -5.821483
-0.788208 -0.919556 -4.000000 -0.319460 -1.300150 -5.825043
-0.782959 -0.912598 -4.000000 -0.327767 -1.368504 -5.807717
-0.791382 -0.921753 -4.000000 -0.313052 -1.406004 -5.793951
-0.789429 -0.915161 -4.000000 -0.290742 -1.415023 -5.790154
-0.781982 -0.921021 -4.000000 -0.253242 -1.397697 -5.773065
-0.786499 -0.914063 -4.000000 -0.239714 -1.364232 -5.749568
-0.788818 -0.920776 -4.000000 -0.239951 -1.339311 -5.740312
-0.785034 -0.917236 -4.000000 -0.257514 -1.351653 -5.736752
-0.788086 -0.918091 -4.000000 -0.292878 -1.392950 -5.735565
-0.782837 -0.914307 -4.000000 -0.314951 -1.420482 -5.744347
-0.789063 -0.921143 -4.000000 -0.320409 -1.418583 -5.736040
-0.783081 -0.918335 -4.000000 -0.309254 -1.417159 -5.727496
-0.784912 -0.912964 -4.000000 -0.305457 -1.414073 -5.736278
-0.781128 -0.913696 -4.000000 -0.291929 -1.416447 -5.738176
-0.784546 -0.922607 -4.000000 -0.288606 -1.413124 -5.737701
-0.781494 -0.912842 -4.000000 -0.289555 -1.394137 -5.738413
-0.785522 -0.919678 -4.000000 -0.286707 -1.379896 -5.736040
-0.788940 -0.921509 -4.000000 -0.292166 -1.384643 -5.746958
-0.789063 -0.916748 -4.000000 -0.304982 -1.414785 -5.750043
-0.786743 -0.909180 -4.000000 -0.322783 -1.455371 -5.750280
-0.785645 -0.916016 -4.000000 -0.336074 -1.505449 -5.750992
-0.786743 -0.915405 -4.000000 -0.335124 -1.536066 -5.741024
-0.784424 -0.917603 -4.000000 -0.336549 -1.527047 -5.744584
-0.785278 -0.913086 -4.000000 -0.328716 -1.492158 -5.740312
-0.784058 -0.927734 -4.000000 -0.312340 -1.447064 -5.745296
-0.779053 -0.918823 -4.000000 -0.308542 -1.411463 -5.769742
-0.785034 -0.915039 -4.000000 -0.320884 -1.397460 -5.776388
-0.785156 -0.919434 -4.000000 -0.350789 -1.403393 -5.790391
-0.775513 -0.916504 -4.000000 -0.385441 -1.395324 -5.778049
-0.781372 -0.922607 -4.000000 -0.407513 -1.379422 -5.779236
-0.783081 -0.915283 -4.000000 -0.412497 -1.372302 -5.754315
-0.794189 -0.920044 -4.000000 -0.398969 -1.377760 -5.751942
-0.791870 -0.917969 -4.000000 -0.377846 -1.389153 -5.760486
-0.788696 -0.921021 -4.000000 -0.352450 -1.405292 -5.750992
-0.787354 -0.913696 -4.000000 -0.318985 -1.395324 -5.754790
-0.776855 -0.916016 -4.000000 -0.293353 -1.386305 -5.746246
-0.782715 -0.909668 -4.000000 -0.290030 -1.384406 -5.737226
-0.786255 -0.919678 -4.000000 -0.295251 -1.380134 -5.735328
-0.785400 -0.919067 -4.000000 -0.304745 -1.387017 -5.745771
