-0.785889 -0.912964 -4.000000 -0.296913 -1.277603 -5.764758
-0.786377 -0.916504 -4.000000 -0.276027 -1.284248 -5.755977
-0.783325 -0.918335 -4.000000 -0.243748 -1.284248 -5.734616
-0.782227 -0.919434 -4.000000 -0.235916 -1.254106 -5.686436
-0.786255 -0.917603 -4.000000 -0.236866 -1.247223 -5.674569
-0.786865 -0.919556 -4.000000 -0.254429 -1.263125 -5.668635
-0.782227 -0.916138 -4.000000 -0.286470 -1.284723 -5.672195
-0.782715 -0.923828 -4.000000 -0.319935 -1.315577 -5.698778
-0.787476 -0.918213 -4.000000 -0.345567 -1.348567 -5.725834
-0.786255 -0.917480 -4.000000 -0.341058 -1.374438 -5.747670
-0.788940 -0.913574 -4.000000 -0.347229 -1.390339 -5.760486
-0.779785 -0.916626 -4.000000 -0.320172 -1.401257 -5.769505
-0.781250 -0.919067 -4.000000 -0.262261 -1.415023 -5.761910
-0.787842 -0.921753 -4.000000 -0.231644 -1.433298 -5.766657
-0.785889 -0.922607 -4.000000 -0.216217 -1.485038 -5.757638
-0.781982 -0.915894 -4.000000 -0.243748 -1.534642 -5.757401
-0.786987 -0.915771 -4.000000 -0.294777 -1.562174 -5.769030
-0.779175 -0.916016 -4.000000 -0.345330 -1.583297 -5.797511
-0.787109 -0.911987 -4.000000 -0.330615 -1.580212 -5.821245
-0.785889 -0.914917 -4.000000 -0.300947 -1.598487 -5.842606
-0.777832 -0.916016 -4.000000 -0.281011 -1.633613 -5.843555
-0.786865 -0.919556 -4.000000 -0.295489 -1.669689 -5.832637
-0.784790 -0.918945 -4.000000 -0.343431 -1.680132 -5.831925
-0.780884 -0.919922 -4.000000 -0.368115 -1.654024 -5.810328
-0.783325 -0.918579 -4.000000 -0.362419 -1.612253 -5.794663
-0.781372 -0.918457 -4.000000 -0.335599 -1.583534 -5.785407
-0.779175 -0.915527 -4.000000 -0.317561 -1.593028 -5.768793
-0.786011 -0.920288 -4.000000 -0.332039 -1.665179 -5.761436
-0.786133 -0.922607 -4.000000 -0.330615 -1.742315 -5.720613
-0.786499 -0.913940 -4.000000 -0.290979 -1.776255 -5.690945
-0.781738 -0.915039 -4.000000 -0.265584 -1.767236 -5.666499
-0.784180 -0.918701 -4.000000 -0.245885 -1.733296 -5.623303
-0.785156 -0.916382 -4.000000 -0.281011 -1.663281 -5.605266
-0.783936 -0.919189 -4.000000 -0.322308 -1.574753 -5.592212
-0.780273 -0.918091 -4.000000 -0.279350 -1.448488 -5.555899
-0.786377 -0.918213 -4.000000 -0.203638 -1.323647 -5.517687
-0.791382 -0.916504 -4.000000 -0.175632 -1.264074 -5.496326
-0.784180 -0.918579 -4.000000 -0.213369 -1.270483 -5.475677
-0.778320 -0.920654 -4.000000 -0.319697 -1.283774 -5.533351
-0.784668 -0.910889 -4.000000 -0.447386 -1.299438 -5.630186
-0.790771 -0.915771 -4.000000 -0.553478 -1.308457 -5.687148
-0.781372 -0.913330 -4.000000 -0.592401 -1.315340 -5.709695
-0.787354 -0.917236 -4.000000 -0.653398 -1.392950 -5.735565
-0.781006 -0.921997 -4.000000 -0.706799 -1.478393 -5.765945
-0.779053 -0.917114 -4.000000 -0.790343 -1.550307 -5.830264
-0.783691 -0.922485 -4.000000 -0.878159 -1.617711 -5.877257
-0.789551 -0.919189 -4.000000 -0.965263 -1.666366 -5.901466
-0.781860 -0.921143 -4.000000 -1.028870 -1.635275 -5.872273
-0.783813 -0.915283 -4.000000 -1.039313 -1.544136 -5.802732
-0.780518 -0.912231 -4.000000 -1.029107 -1.430450 -5.732955
-0.784424 -0.917847 -4.000000 -1.019614 -1.351416 -5.689996
-0.783325 -0.915283 -4.000000 -1.006797 -1.332903 -5.684537
-0.778198 -0.916870 -4.000000 -1.016291 -1.378710 -5.681689
-0.779663 -0.910156 -4.000000 -1.048569 -1.427839 -5.671958
-0.788452 -0.910400 -4.000000 -1.076338 -1.457507 -5.690233
-0.787109 -0.911621 -4.000000 -1.080136 -1.467712 -5.687623
-0.783325 -0.914795 -4.000000 -1.096512 -1.458456 -5.693081
-0.785156 -0.918091 -4.000000 -1.094851 -1.437095 -5.711357
-0.780396 -0.916016 -4.000000 -1.073015 -1.442792 -5.728445
-0.787354 -0.916382 -4.000000 -1.066370 -1.492870 -5.734616
-0.783813 -0.914673 -4.000000 -1.086544 -1.548883 -5.728445
-0.784180 -0.912964 -4.000000 -1.069455 -1.563598 -5.704474
-0.786865 -0.917236 -4.000000 -0.968111 -1.534880 -5.680027
-0.784668 -0.912964 -4.000000 -0.865105 -1.502839 -5.680502
-0.789429 -0.921997 -4.000000 -0.799837 -1.476494 -5.670297
-0.786133 -0.914429 -4.000000 -0.754505 -1.456083 -5.679078
-0.786377 -0.915771 -4.000000 -0.719616 -1.433535 -5.681689
-0.793945 -0.911255 -4.000000 -0.698967 -1.417871 -5.680502
-0.783813 -0.910889 -4.000000 -0.688999 -1.410039 -5.692369
-0.777954 -0.920044 -4.000000 -0.644142 -1.410276 -5.720850
-0.786255 -0.920654 -4.000000 -0.609015 -1.430212 -5.740787
-0.784546 -0.918213 -4.000000 -0.597148 -1.457744 -5.751230
-0.778442 -0.916870 -4.000000 -0.539474 -1.479342 -5.751230
-0.781006 -0.921387 -4.000000 -0.504111 -1.510196 -5.750755
-0.781738 -0.911255 -4.000000 -0.480139 -1.519690 -5.716341
-0.781982 -0.922607 -4.000000 -0.413209 -1.496668 -5.679316
-0.780029 -0.917725 -4.000000 -0.323257 -1.450624 -5.672670
-0.786377 -0.917603 -4.000000 -0.228084 -1.404105 -5.640867
-0.781128 -0.918823 -4.000000 -0.205062 -1.403630 -5.675044
-0.775513 -0.919067 -4.000000 -0.185600 -1.389865 -5.728445
-0.785522 -0.916382 -4.000000 -0.130774 -1.357112 -5.759774
-0.787964 -0.913940 -4.000000 -0.238527 -1.521114 -5.857796
-0.786743 -0.913208 -4.000000 -0.375235 -1.684879 -5.899568
-0.791138 -0.910767 -4.000000 -0.194619 -1.494294 -5.748144
-0.782959 -0.913574 -4.000000 -0.131012 -1.317951 -5.698066
-0.783203 -0.921143 -4.000000 -0.116534 -1.240340 -5.753603
-0.791748 -0.916748 -4.000000 -0.112737 -1.250309 -5.735091
-0.786133 -0.921753 -4.000000 -0.134335 -1.313204 -5.706610
-0.787842 -0.917358 -4.000000 -0.187261 -1.382033 -5.714679
-0.782715 -0.907593 -4.000000 -0.155695 -1.414073 -5.724885
-0.784424 -0.924194 -4.000000 -0.125316 -1.422855 -5.765233
-0.787476 -0.915283 -4.000000 -0.128164 -1.410988 -5.778998
-0.783081 -0.911865 -4.000000 -0.149050 -1.399596 -5.745059
-0.782471 -0.913818 -4.000000 -0.161629 -1.407665 -5.709933
-0.787598 -0.919678 -4.000000 -0.164239 -1.404580 -5.698778
-0.784668 -0.915161 -4.000000 -0.178480 -1.389390 -5.699252
-0.785645 -0.919189 -4.000000 -0.272704 -1.371115 -5.680265
-0.783203 -0.918823 -4.000000 -0.338210 -1.347381 -5.649411
-0.784546 -0.912720 -4.000000 -0.332276 -1.321273 -5.648936
-0.787842 -0.915527 -4.000000 -0.355773 -1.328394 -5.643477
-0.785156 -0.919922 -4.000000 -0.356248 -1.348093 -5.627338
-0.783325 -0.917480 -4.000000 -0.352925 -1.375624 -5.614047
-0.788330 -0.918335 -4.000000 -0.343669 -1.381083 -5.605740
-0.788086 -0.916748 -4.000000 -0.323495 -1.359248 -5.585804
-0.785034 -0.918823 -4.000000 -0.282435 -1.342871 -5.573699
-0.784790 -0.920654 -4.000000 -0.257277 -1.326257 -5.566816
-0.782227 -0.920532 -4.000000 -0.260125 -1.319849 -5.558747
-0.778442 -0.913940 -4.000000 -0.285520 -1.295403 -5.545693
-0.782349 -0.919434 -4.000000 -0.295726 -1.256717 -5.509855
-0.782715 -0.923096 -4.000000 -0.355298 -1.266210 -5.478526
-0.783936 -0.910767 -4.000000 -0.489158 -1.349517 -5.509380
-0.781738 -0.911865 -4.000000 -0.581484 -1.461779 -5.555424
-0.776978 -0.917114 -4.000000 -0.581484 -1.533218 -5.572513
-0.781128 -0.921753 -4.000000 -0.483462 -1.535117 -5.554000
-0.789551 -0.910156 -4.000000 -0.366928 -1.486700 -5.495615
-0.791626 -0.923584 -4.000000 -0.221676 -1.401732 -5.431295
-0.791016 -0.920898 -4.000000 -0.112499 -1.351178 -5.378605
-0.769165 -0.916748 -4.000000 -0.098259 -1.365656 -5.321644
-0.776367 -0.916748 -4.000000 -0.099446 -1.390102 -5.257562
-0.779907 -0.918579 -4.000000 -0.100632 -1.389865 -5.233116
-0.776367 -0.917236 -4.000000 -0.094224 -1.363283 -5.244508
-0.781860 -0.917236 -4.000000 -0.096123 -1.365893 -5.294587
-0.777588 -0.918335 -4.000000 -0.125078 -1.364944 -5.369824
-0.782593 -0.921997 -4.000000 -0.124129 -1.359960 -5.451469
-0.784790 -0.917480 -4.000000 -0.080933 -1.363045 -5.515314
-0.778809 -0.913574 -4.000000 -0.048892 -1.373963 -5.565867
-0.782349 -0.916504 -4.000000 -0.086629 -1.404105 -5.568241
-0.788086 -0.916138 -4.000000 -0.136233 -1.435434 -5.661753
-0.781372 -0.911377 -4.000000 -0.255141 -1.528234 -5.793239
-0.784790 -0.911377 -4.000000 -0.367165 -1.606082 -5.827891
-0.784668 -0.914307 -4.000000 -0.415820 -1.573803 -5.836435
-0.782227 -0.919922 -4.000000 -0.433383 -1.470323 -5.871562
-0.797363 -0.917236 -4.000000 -0.454507 -1.374438 -5.699252
-0.788208 -0.913818 -4.000000 -0.394222 -1.274992 -5.395457
-0.789429 -0.918823 -4.000000 -0.349602 -1.212334 -5.277973
-0.788818 -0.913940 -4.000000 -0.393985 -1.227524 -5.291265
-0.785522 -0.915771 -4.000000 -0.417482 -1.299438 -5.316897
-0.780762 -0.910034 -4.000000 -0.444538 -1.357349 -5.337071
-0.787231 -0.920044 -4.000000 -0.489158 -1.357349 -5.389049
-0.787109 -0.917114 -4.000000 -0.488921 -1.312966 -5.469507
-0.783813 -0.914429 -4.000000 -0.457355 -1.257666 -5.530978
-0.779907 -0.919189 -4.000000 -0.422940 -1.222777 -5.552576
-0.780518 -0.914063 -4.000000 -0.401105 -1.180768 -5.561595
-0.787231 -0.920044 -4.000000 -0.394697 -1.118822 -5.532165
-0.781860 -0.913818 -4.000000 -0.331090 -1.059250 -5.450520
-0.786255 -0.916260 -4.000000 -0.290505 -1.055690 -5.417767
-0.789063 -0.921631 -4.000000 -0.298337 -1.134249 -5.433194
-0.781738 -0.914673 -4.000000 -0.332514 -1.245562 -5.489918
-0.785522 -0.923340 -4.000000 -0.404428 -1.348330 -5.576785
-0.789795 -0.922485 -4.000000 -0.441928 -1.407191 -5.662227
