-0.783203 -0.915649 -4.000000 -0.149762 -1.272381 -5.600519
-0.789795 -0.918823 -4.000000 -0.188923 -1.261464 -5.640154
-0.788696 -0.916504 -4.000000 -0.291691 -1.318425 -5.689521
-0.780273 -0.915283 -4.000000 -0.368589 -1.386779 -5.721562
-0.780884 -0.921021 -4.000000 -0.404665 -1.437333 -5.734379
-0.791260 -0.925781 -4.000000 -0.402054 -1.500940 -5.741973
-0.782959 -0.916138 -4.000000 -0.396833 -1.554342 -5.734379
-0.785645 -0.918091 -4.000000 -0.378795 -1.593977 -5.722037
-0.788208 -0.918945 -4.000000 -0.315900 -1.632427 -5.716104
-0.786011 -0.917114 -4.000000 -0.259413 -1.664705 -5.681926
-0.787720 -0.922729 -4.000000 -0.253242 -1.659483 -5.649886
-0.783813 -0.916382 -4.000000 -0.297625 -1.598961 -5.618319
-0.788696 -0.922974 -4.000000 -0.309966 -1.501652 -5.588414
-0.783447 -0.917725 -4.000000 -0.304270 -1.423567 -5.589127
-0.780884 -0.921753 -4.000000 -0.318511 -1.420244 -5.619506
-0.780151 -0.914185 -4.000000 -0.354586 -1.455133 -5.679553
-0.788330 -0.913086 -4.000000 -0.430298 -1.556240 -5.709933
-0.786133 -0.915161 -4.000000 -0.532117 -1.645005 -5.732480
-0.790039 -0.912231 -4.000000 -0.622306 -1.674198 -5.733904
-0.789063 -0.919312 -4.000000 -0.666689 -1.664467 -5.744110
-0.778198 -0.920288 -4.000000 -0.710122 -1.669926 -5.750280
-0.791260 -0.915527 -4.000000 -0.781799 -1.670164 -5.743398
-0.780518 -0.915161 -4.000000 -0.809568 -1.637411 -5.751942
-0.780518 -0.912231 -4.000000 -0.784410 -1.597300 -5.755265
-0.784058 -0.921265 -4.000000 -0.733144 -1.575702 -5.781372
-0.783203 -0.909302 -4.000000 -0.738366 -1.542237 -5.816973
-0.788452 -0.913818 -4.000000 -0.763524 -1.531319 -5.825755
-0.789429 -0.917847 -4.000000 -0.824995 -1.536541 -5.841656
-0.780396 -0.912842 -4.000000 -0.897858 -1.556478 -5.848302
-0.780518 -0.914429 -4.000000 -0.969060 -1.593503 -5.858982
-0.788696 -0.912231 -4.000000 -1.059962 -1.652363 -5.867764
-0.785522 -0.921265 -4.000000 -1.142319 -1.758692 -5.869425
-0.790894 -0.921143 -4.000000 -1.301811 -1.856950 -5.865153
-0.783691 -0.919312 -4.000000 -1.471035 -1.884245 -5.833824
-0.788452 -0.917236 -4.000000 -1.578313 -1.840337 -5.769268
-0.785400 -0.914063 -4.000000 -1.601098 -1.691999 -5.687148
-0.788086 -0.926147 -4.000000 -1.528471 -1.481241 -5.625914
-0.788940 -0.924561 -4.000000 -1.423092 -1.311542 -5.605503
-0.783813 -0.922119 -4.000000 -1.336463 -1.226337 -5.610724
-0.785278 -0.921265 -4.000000 -1.239154 -1.201891 -5.639917
-0.786865 -0.919067 -4.000000 -1.111465 -1.228473 -5.664363
-0.786621 -0.917969 -4.000000 -0.960991 -1.249359 -5.635170
-0.782104 -0.920044 -4.000000 -0.892874 -1.215894 -5.588414
-0.782471 -0.917358 -4.000000 -0.871276 -1.143505 -5.579158
-0.781860 -0.913086 -4.000000 -0.850628 -1.078712 -5.605978
-0.780151 -0.921265 -4.000000 -0.819061 -1.115025 -5.647987
-0.788940 -0.921021 -4.000000 -0.790581 -1.217793 -5.701863
-0.789185 -0.926147 -4.000000 -0.755929 -1.281400 -5.732480
-0.786011 -0.921631 -4.000000 -0.686625 -1.304422 -5.745059
-0.787476 -0.916992 -4.000000 -0.595012 -1.331004 -5.765945
-0.779663 -0.915161 -4.000000 -0.509807 -1.375624 -5.780185
-0.791260 -0.916260 -4.000000 -0.430298 -1.411463 -5.797037
-0.782471 -0.917236 -4.000000 -0.339634 -1.433773 -5.792764
-0.776245 -0.918701 -4.000000 -0.248258 -1.414311 -5.782321
-0.785400 -0.911011 -4.000000 -0.178243 -1.403868 -5.784695
-0.786255 -0.913208 -4.000000 -0.137657 -1.414311 -5.795375
-0.787231 -0.911621 -4.000000 -0.134097 -1.433773 -5.802732
-0.788208 -0.927246 -4.000000 -0.145252 -1.469374 -5.818635
-0.781494 -0.918457 -4.000000 -0.141455 -1.476969 -5.835248
-0.783447 -0.919189 -4.000000 -0.116059 -1.473408 -5.831451
-0.793091 -0.913574 -4.000000 -0.082357 -1.448488 -5.809378
-0.784668 -0.912964 -4.000000 -0.055538 -1.420482 -5.789204
-0.783325 -0.918701 -4.000000 -0.052927 -1.424042 -5.747195
-0.791138 -0.916260 -4.000000 -0.074525 -1.426652 -5.701863
-0.783569 -0.917847 -4.000000 -0.093987 -1.377286 -5.626152
-0.784790 -0.915649 -4.000000 -0.086392 -1.254106 -5.514602
-0.786255 -0.920654 -4.000000 -0.030380 -1.102208 -5.441026
-0.792480 -0.921631 -4.000000 0.033940 -0.990421 -5.367213
-0.789307 -0.922852 -4.000000 0.065506 -0.947225 -5.308827
-0.786499 -0.922485 -4.000000 0.067879 -0.954583 -5.261359
-0.791016 -0.917114 -4.000000 0.051740 -1.006560 -5.231929
-0.790405 -0.917114 -4.000000 0.008307 -1.075389 -5.180189
-0.785156 -0.922119 -4.000000 -0.046281 -1.101022 -5.130822
-0.783203 -0.914917 -4.000000 -0.074762 -1.088680 -5.095459
-0.787354 -0.914429 -4.000000 -0.127689 -1.035753 -5.094272
-0.786255 -0.917358 -4.000000 -0.167562 -0.931561 -5.150047
-0.785034 -0.925293 -4.000000 -0.174208 -0.825469 -5.231217
-0.784180 -0.920166 -4.000000 -0.121993 -0.765422 -5.337071
-0.788818 -0.921875 -4.000000 0.003560 -0.816688 -5.456216
-0.777954 -0.916138 -4.000000 0.087104 -1.040500 -5.507719
-0.775879 -0.918091 -4.000000 0.089477 -1.275467 -5.515076
-0.790771 -0.921509 -4.000000 0.094461 -1.380846 -5.465709
-0.790894 -0.910767 -4.000000 0.059098 -1.395324 -5.522908
-0.785400 -0.920776 -4.000000 -0.058860 -1.166290 -5.497038
-0.785522 -0.921143 -4.000000 -0.289555 -0.914947 -5.468320
-0.790894 -0.915039 -4.000000 -0.402292 -0.817400 -5.527893
-0.786865 -0.920288 -4.000000 -0.475155 -0.893586 -5.607639
-0.792480 -0.919067 -4.000000 -0.564395 -1.110278 -5.677654
-0.789185 -0.916504 -4.000000 -0.629426 -1.389627 -5.701151
-0.784180 -0.915527 -4.000000 -0.639632 -1.629578 -5.713967
-0.785767 -0.917847 -4.000000 -0.648888 -1.745875 -5.691895
-0.786377 -0.914185 -4.000000 -0.544221 -1.668265 -5.672670
-0.783813 -0.916016 -4.000000 -0.442402 -1.418820 -5.664838
-0.786743 -0.915039 -4.000000 -0.352688 -1.250783 -5.664838
-0.788452 -0.919189 -4.000000 -0.334887 -1.229660 -5.679316
-0.783325 -0.922974 -4.000000 -0.374048 -1.311542 -5.737939
-0.785278 -0.921143 -4.000000 -0.407039 -1.439469 -5.802970
-0.788330 -0.918457 -4.000000 -0.443114 -1.580686 -5.854473
-0.777100 -0.913696 -4.000000 -0.470408 -1.681556 -5.868476
-0.783691 -0.917847 -4.000000 -0.521911 -1.706714 -5.849726
-0.789429 -0.915649 -4.000000 -0.544696 -1.631477 -5.816736
-0.787231 -0.926147 -4.000000 -0.495567 -1.505212 -5.804394
-0.784302 -0.915039 -4.000000 -0.408225 -1.395086 -5.804631
-0.787476 -0.921753 -4.000000 -0.358146 -1.341922 -5.835248
-0.786255 -0.912476 -4.000000 -0.349602 -1.358536 -5.885564
-0.790283 -0.918213 -4.000000 -0.369064 -1.425940 -5.926387
-0.786621 -0.918701 -4.000000 -0.395172 -1.490972 -5.938966
-0.783569 -0.912476 -4.000000 -0.395646 -1.528471 -5.953207
-0.777710 -0.924683 -4.000000 -0.370726 -1.526810 -5.952969
-0.785767 -0.918579 -4.000000 -0.344381 -1.480766 -5.947985
-0.781250 -0.912109 -4.000000 -0.290505 -1.395324 -5.927336
-0.785522 -0.920532 -4.000000 -0.223575 -1.309881 -5.919979
-0.783691 -0.911133 -4.000000 -0.186787 -1.279501 -5.916656
-0.783203 -0.919067 -4.000000 -0.191771 -1.289944 -5.896719
-0.785889 -0.912476 -4.000000 -0.209097 -1.308220 -5.869188
-0.780273 -0.917847 -4.000000 -0.234018 -1.338599 -5.856609
-0.786377 -0.919922 -4.000000 -0.263685 -1.373251 -5.829552
-0.784302 -0.917969 -4.000000 -0.281723 -1.414785 -5.823381
-0.785645 -0.914307 -4.000000 -0.310441 -1.452760 -5.831451
-0.788086 -0.917114 -4.000000 -0.348416 -1.468187 -5.827653
-0.786621 -0.915283 -4.000000 -0.347941 -1.473171 -5.848539
-0.786011 -0.909058 -4.000000 -0.329428 -1.445640 -5.832400
-0.790161 -0.917480 -4.000000 -0.294302 -1.403156 -5.811989
-0.784424 -0.914551 -4.000000 -0.257277 -1.360672 -5.810565
-0.783813 -0.922119 -4.000000 -0.253479 -1.340973 -5.808904
-0.790649 -0.922729 -4.000000 -0.271280 -1.346431 -5.823381
-0.781616 -0.917114 -4.000000 -0.297150 -1.366131 -5.836197
-0.782959 -0.919434 -4.000000 -0.311628 -1.395561 -5.839046
-0.784180 -0.917847 -4.000000 -0.319935 -1.415497 -5.844030
-0.780884 -0.921021 -4.000000 -0.333938 -1.412412 -5.833587
-0.785645 -0.916748 -4.000000 -0.321833 -1.385593 -5.820533
-0.786743 -0.927368 -4.000000 -0.302609 -1.352128 -5.806767
-0.778687 -0.921509 -4.000000 -0.282198 -1.344058 -5.799647
-0.782715 -0.923584 -4.000000 -0.282198 -1.352128 -5.819109
-0.783569 -0.924561 -4.000000 -0.299523 -1.368504 -5.817448
-0.783569 -0.915527 -4.000000 -0.315900 -1.372539 -5.824331
-0.791016 -0.914917 -4.000000 -0.308305 -1.369691 -5.820770
-0.789551 -0.915039 -4.000000 -0.304270 -1.354026 -5.818397
-0.785767 -0.920654 -4.000000 -0.304270 -1.345482 -5.814363
-0.784058 -0.912231 -4.000000 -0.318748 -1.366131 -5.810090
-0.780884 -0.922241 -4.000000 -0.338210 -1.409327 -5.808191
-0.783203 -0.922852 -4.000000 -0.353400 -1.411225 -5.801071
-0.790405 -0.919434 -4.000000 -0.337261 -1.383694 -5.791340
-0.784790 -0.917603 -4.000000 -0.314951 -1.369691 -5.781372
-0.784424 -0.913452 -4.000000 -0.308068 -1.365419 -5.773540
-0.782837 -0.919556 -4.000000 -0.325868 -1.367317 -5.778524
-0.781860 -0.916870 -4.000000 -0.339397 -1.368029 -5.774489
-0.785767 -0.923828 -4.000000 -0.337973 -1.341685 -5.769742
-0.788818 -0.913330 -4.000000 -0.321833 -1.309406 -5.762859
-0.779663 -0.915771 -4.000000 -0.318273 -1.308694 -5.764996
