-0.791870 -0.911499 -4.000000 -0.342007 -1.409801 -5.587702
-0.788452 -0.923096 -4.000000 -0.399444 -1.424991 -5.626152
-0.786743 -0.922607 -4.000000 -0.391849 -1.456795 -5.741499
-0.780273 -0.921509 -4.000000 -0.383067 -1.485038 -5.801309
-0.786377 -0.921265 -4.000000 -0.372862 -1.531794 -5.849726
-0.787842 -0.916382 -4.000000 -0.362181 -1.563123 -5.880817
-0.782227 -0.911377 -4.000000 -0.332514 -1.562886 -5.891023
-0.784302 -0.918335 -4.000000 -0.280299 -1.541050 -5.874884
-0.790649 -0.917725 -4.000000 -0.234967 -1.513519 -5.851862
-0.783691 -0.924316 -4.000000 -0.213606 -1.467950 -5.813888
-0.783203 -0.917236 -4.000000 -0.193670 -1.394137 -5.765945
-0.795288 -0.918823 -4.000000 -0.170885 -1.321036 -5.740787
-0.784302 -0.921753 -4.000000 -0.189635 -1.305846 -5.738176
-0.788330 -0.919312 -4.000000 -0.246359 -1.327444 -5.775438
-0.784058 -0.916260 -4.000000 -0.296675 -1.352128 -5.818635
-0.785889 -0.918701 -4.000000 -0.323969 -1.363520 -5.849726
-0.781616 -0.912842 -4.000000 -0.353162 -1.391526 -5.882716
-0.783447 -0.917358 -4.000000 -0.426738 -1.420719 -5.924488
-0.787354 -0.916992 -4.000000 -0.523098 -1.424991 -5.947748
-0.787720 -0.917725 -4.000000 -0.623256 -1.425703 -5.954630
-0.784302 -0.912598 -4.000000 -0.716293 -1.405292 -5.952257
-0.782959 -0.924072 -4.000000 -0.809568 -1.384643 -5.926387
-0.785034 -0.925537 -4.000000 -0.879108 -1.377998 -5.889836
-0.795044 -0.919312 -4.000000 -0.921592 -1.381083 -5.896482
-0.783325 -0.916626 -4.000000 -0.913997 -1.414548 -5.923776
-0.790161 -0.919312 -4.000000 -0.923728 -1.503788 -5.973380
-0.789429 -0.917603 -4.000000 -0.948174 -1.584484 -6.031291
-0.787231 -0.913940 -4.000000 -0.933222 -1.672774 -6.015864
-0.782959 -0.911255 -4.000000 -0.897621 -1.701967 -5.959852
-0.779053 -0.920898 -4.000000 -0.906877 -1.647142 -5.886276
-0.785278 -0.914307 -4.000000 -0.936545 -1.548171 -5.783983
-0.778809 -0.915527 -4.000000 -0.957193 -1.475070 -5.716815
-0.781738 -0.915527 -4.000000 -1.024835 -1.404580 -5.694980
-0.782349 -0.912109 -4.000000 -1.077288 -1.397460 -5.657718
-0.786377 -0.915283 -4.000000 -1.087968 -1.453947 -5.675993
-0.785767 -0.921387 -4.000000 -0.999440 -1.533930 -5.741736
-0.781372 -0.924561 -4.000000 -0.845881 -1.600623 -5.782084
-0.784668 -0.916626 -4.000000 -0.723413 -1.615338 -5.784457
-0.785889 -0.916016 -4.000000 -0.663841 -1.594927 -5.776151
-0.783081 -0.920166 -4.000000 -0.643667 -1.491446 -5.735803
-0.778564 -0.915405 -4.000000 -0.646752 -1.348093 -5.644664
-0.783936 -0.919800 -4.000000 -0.638445 -1.230609 -5.675756
-0.786377 -0.915894 -4.000000 -0.628477 -1.178632 -5.715154
-0.785400 -0.919434 -4.000000 -0.652923 -1.210910 -5.796324
-0.794434 -0.915161 -4.000000 -0.713920 -1.286622 -5.854710
-0.782349 -0.918213 -4.000000 -0.763286 -1.364944 -5.900280
-0.786377 -0.919922 -4.000000 -0.760201 -1.388203 -5.911909
-0.778320 -0.922119 -4.000000 -0.682353 -1.368979 -5.894583
-0.782349 -0.914185 -4.000000 -0.562971 -1.343346 -5.887938
-0.784546 -0.917603 -4.000000 -0.445488 -1.324359 -5.876545
-0.790527 -0.915771 -4.000000 -0.352925 -1.327207 -5.850913
-0.779907 -0.914551 -4.000000 -0.319223 -1.374675 -5.849726
-0.785034 -0.922852 -4.000000 -0.326818 -1.416921 -5.843555
-0.788940 -0.913574 -4.000000 -0.333463 -1.441605 -5.849014
-0.788330 -0.917603 -4.000000 -0.358146 -1.442080 -5.825755
-0.784546 -0.915161 -4.000000 -0.340109 -1.420007 -5.802258
-0.787842 -0.916992 -4.000000 -0.307118 -1.416209 -5.797274
-0.780273 -0.920288 -4.000000 -0.291929 -1.406716 -5.770217
-0.779785 -0.920532 -4.000000 -0.270568 -1.386067 -5.749094
-0.787964 -0.917725 -4.000000 -0.264160 -1.383931 -5.731768
-0.775024 -0.926270 -4.000000 -0.299761 -1.404105 -5.727496
-0.785278 -0.920776 -4.000000 -0.360283 -1.424516 -5.740787
-0.788086 -0.922607 -4.000000 -0.418431 -1.428789 -5.744110
-0.786255 -0.915771 -4.000000 -0.480139 -1.439944 -5.758350
-0.784302 -0.926392 -4.000000 -0.549205 -1.470560 -5.754315
-0.784180 -0.921875 -4.000000 -0.563920 -1.461304 -5.743635
-0.793701 -0.913086 -4.000000 -0.581009 -1.424754 -5.763097
-0.781738 -0.914307 -4.000000 -0.662891 -1.380846 -5.780660
-0.783691 -0.916626 -4.000000 -0.659094 -1.344533 -5.769505
-0.787842 -0.914185 -4.000000 -0.644616 -1.379896 -5.757875
-0.791992 -0.915039 -4.000000 -0.720090 -1.446826 -5.675518
-0.788940 -0.918335 -4.000000 -0.878396 -1.482427 -4.981061
-0.789795 -0.915894 -4.000000 -0.851814 -1.493345 -4.943086
-0.782593 -0.913818 -4.000000 -0.861071 -1.472459 -5.352973
-0.794556 -0.921265 -4.000000 -0.729347 -1.426890 -5.541658
-0.785767 -0.913086 -4.000000 -0.510519 -1.457269 -5.616183
-0.787964 -0.917480 -4.000000 -0.373811 -1.397934 -5.554237
-0.790039 -0.920532 -4.000000 -0.331090 -1.284723 -5.430109
-0.779907 -0.911133 -4.000000 -0.373811 -1.165341 -5.311438
-0.783813 -0.924683 -4.000000 -0.456880 -1.021038 -5.264207
-0.785034 -0.916382 -4.000000 -0.561547 -0.937257 -5.278685
-0.789063 -0.921631 -4.000000 -0.605455 -0.968111 -5.422039
-0.786499 -0.916504 -4.000000 -0.637496 -1.051892 -5.556374
-0.789307 -0.923218 -4.000000 -0.657907 -1.150626 -5.629000
-0.790771 -0.915283 -4.000000 -0.663603 -1.228711 -5.690708
-0.789185 -0.916504 -4.000000 -0.651736 -1.253394 -5.711831
-0.791992 -0.921753 -4.000000 -0.548019 -1.326020 -5.649173
-0.790527 -0.920166 -4.000000 -0.380931 -1.334327 -5.537386
-0.794678 -0.915039 -4.000000 -0.397308 -1.299201 -5.506532
-0.789429 -0.918823 -4.000000 -0.387102 -1.248647 -5.483510
-0.784546 -0.918945 -4.000000 -0.393036 -1.188363 -5.418953
-0.786133 -0.921875 -4.000000 -0.368115 -1.132825 -5.356058
-0.781738 -0.908936 -4.000000 -0.284096 -1.086544 -5.323305
-0.781860 -0.916992 -4.000000 -0.207910 -1.085120 -5.350599
-0.787109 -0.916382 -4.000000 -0.196992 -1.148015 -5.392371
-0.780029 -0.917358 -4.000000 -0.256090 -1.238204 -5.439839
-0.784180 -0.918457 -4.000000 -0.315425 -1.348093 -5.490630
-0.782837 -0.917236 -4.000000 -0.377846 -1.451573 -5.547829
-0.786377 -0.917480 -4.000000 -0.443352 -1.525386 -5.611674
-0.791260 -0.921509 -4.000000 -0.453557 -1.536304 -5.663888
-0.781006 -0.923218 -4.000000 -0.431485 -1.544848 -5.698066
-0.783447 -0.920044 -4.000000 -0.403716 -1.552917 -5.705423
-0.783325 -0.915283 -4.000000 -0.387102 -1.527759 -5.694031
-0.785767 -0.917725 -4.000000 -0.350314 -1.475545 -5.666974
-0.779785 -0.916138 -4.000000 -0.299761 -1.416921 -5.626389
-0.778687 -0.915771 -4.000000 -0.266533 -1.373488 -5.614996
-0.785522 -0.916504 -4.000000 -0.262261 -1.362571 -5.620455
-0.787842 -0.915283 -4.000000 -0.250157 -1.382270 -5.616420
-0.784790 -0.915649 -4.000000 -0.285283 -1.395561 -5.629949
-0.788086 -0.909546 -4.000000 -0.300710 -1.425228 -5.646800
-0.787598 -0.913330 -4.000000 -0.339634 -1.443978 -5.687623
-0.783325 -0.918823 -4.000000 -0.380219 -1.494294 -5.725597
-0.789185 -0.925781 -4.000000 -0.391849 -1.531557 -5.742211
-0.787476 -0.919556 -4.000000 -0.412972 -1.560512 -5.777812
-0.787109 -0.921631 -4.000000 -0.390425 -1.572617 -5.786593
-0.792480 -0.915771 -4.000000 -0.366216 -1.553392 -5.776625
-0.789429 -0.916748 -4.000000 -0.344381 -1.519215 -5.752891
-0.785034 -0.920044 -4.000000 -0.322308 -1.477681 -5.717765
-0.786621 -0.913818 -4.000000 -0.298574 -1.439232 -5.684774
-0.784790 -0.916016 -4.000000 -0.273179 -1.424042 -5.699015
-0.786621 -0.918823 -4.000000 -0.267957 -1.435909 -5.706610
-0.784302 -0.921021 -4.000000 -0.263922 -1.457507 -5.698303
-0.791382 -0.910889 -4.000000 -0.264397 -1.461779 -5.692132
-0.789307 -0.916992 -4.000000 -0.258226 -1.462965 -5.696404
-0.785767 -0.917358 -4.000000 -0.239239 -1.450624 -5.708746
-0.783691 -0.917480 -4.000000 -0.259176 -1.467950 -5.718477
-0.784912 -0.914429 -4.000000 -0.278163 -1.472934 -5.716341
-0.792847 -0.912598 -4.000000 -0.294777 -1.457981 -5.698303
-0.781860 -0.915527 -4.000000 -0.292878 -1.428314 -5.684062
-0.782349 -0.917114 -4.000000 -0.294065 -1.414548 -5.685486
-0.787964 -0.914917 -4.000000 -0.293115 -1.402444 -5.687860
-0.785278 -0.919067 -4.000000 -0.289792 -1.405529 -5.707797
-0.786255 -0.918823 -4.000000 -0.307356 -1.418346 -5.738651
-0.783691 -0.914917 -4.000000 -0.317324 -1.432823 -5.765707
-0.786987 -0.918823 -4.000000 -0.327767 -1.442080 -5.775676
-0.789673 -0.916992 -4.000000 -0.338922 -1.443029 -5.752891
-0.792358 -0.920898 -4.000000 -0.334412 -1.426415 -5.758825
-0.789307 -0.916992 -4.000000 -0.329428 -1.430925 -5.768318
-0.779175 -0.909302 -4.000000 -0.316849 -1.417159 -5.757875
-0.788208 -0.915771 -4.000000 -0.311628 -1.410988 -5.738888
-0.786621 -0.923096 -4.000000 -0.290030 -1.392713 -5.734141
-0.785645 -0.921753 -4.000000 -0.269856 -1.396748 -5.725597
-0.782104 -0.922241 -4.000000 -0.271992 -1.419295 -5.715391
-0.785156 -0.917114 -4.000000 -0.278163 -1.421668 -5.711119
-0.790283 -0.912109 -4.000000 -0.281723 -1.418820 -5.729394
-0.785278 -0.907471 -4.000000 -0.272467 -1.417634 -5.739600
-0.789673 -0.921997 -4.000000 -0.281486 -1.436858 -5.747432
-0.784058 -0.915527 -4.000000 -0.286944 -1.444216 -5.764284
-0.783813 -0.922852 -4.000000 -0.256565 -1.436383 -5.774726
-0.790161 -0.924927 -4.000000 -0.230457 -1.423567 -5.780660
