-0.794067 -0.912720 -4.000000 -0.436231 -1.588993 -5.905263
-0.784546 -0.919189 -4.000000 -0.423178 -1.530370 -5.859931
-0.782104 -0.920166 -4.000000 -0.387102 -1.431874 -5.835723
-0.787109 -0.922119 -4.000000 -0.348416 -1.368267 -5.798460
-0.789307 -0.917603 -4.000000 -0.325631 -1.347855 -5.788018
-0.788086 -0.917358 -4.000000 -0.332276 -1.369216 -5.788255
-0.782104 -0.914307 -4.000000 -0.376422 -1.391289 -5.827653
-0.787720 -0.912598 -4.000000 -0.420092 -1.403156 -5.834299
-0.785278 -0.912720 -4.000000 -0.449997 -1.429501 -5.847590
-0.781128 -0.918091 -4.000000 -0.475155 -1.480291 -5.853049
-0.786499 -0.914429 -4.000000 -0.529743 -1.517079 -5.847590
-0.787842 -0.916504 -4.000000 -0.551341 -1.495481 -5.833112
-0.779907 -0.920898 -4.000000 -0.535202 -1.458219 -5.795375
-0.784180 -0.912231 -4.000000 -0.511231 -1.427602 -5.780660
-0.785645 -0.917114 -4.000000 -0.493668 -1.405766 -5.781610
-0.787109 -0.909180 -4.000000 -0.521199 -1.370640 -5.780185
-0.782104 -0.913574 -4.000000 -0.569379 -1.312966 -5.775438
-0.786377 -0.916504 -4.000000 -0.592876 -1.275704 -5.795138
-0.783081 -0.921997 -4.000000 -0.652686 -1.311780 -5.828365
-0.780396 -0.921631 -4.000000 -0.746198 -1.396748 -5.863492
-0.785156 -0.920044 -4.000000 -0.829742 -1.470798 -5.947985
-0.787842 -0.912476 -4.000000 -0.902842 -1.599674 -6.026545
-0.788574 -0.915283 -4.000000 -0.998965 -1.743502 -6.079472
-0.786011 -0.921631 -4.000000 -1.080610 -1.840099 -6.098459
-0.786865 -0.919922 -4.000000 -1.071591 -1.872140 -6.015389
-0.781860 -0.920654 -4.000000 -0.932035 -1.823485 -5.912384
-0.785400 -0.916016 -4.000000 -0.744774 -1.776255 -5.811989
-0.788818 -0.923340 -4.000000 -0.576025 -1.747537 -5.705898
-0.788086 -0.917114 -4.000000 -0.513130 -1.728787 -5.638968
-0.789917 -0.920166 -4.000000 -0.642480 -1.647379 -5.546405
-0.785889 -0.917114 -4.000000 -0.824283 -1.551493 -5.424887
-0.788818 -0.914307 -4.000000 -0.898333 -1.428551 -5.452181
-0.783691 -0.921387 -4.000000 -1.009883 -1.382033 -5.581532
-0.785522 -0.922241 -4.000000 -1.191448 -1.457744 -5.634221
-0.786133 -0.915161 -4.000000 -1.326495 -1.482665 -5.693081
-0.778320 -0.915039 -4.000000 -1.312492 -1.438282 -5.739363
-0.788330 -0.918091 -4.000000 -1.220404 -1.416684 -5.771166
-0.786377 -0.918945 -4.000000 -1.090816 -1.401257 -5.782559
-0.788696 -0.915161 -4.000000 -0.962652 -1.359485 -5.774014
-0.777100 -0.919800 -4.000000 -0.820723 -1.316289 -5.763809
-0.784180 -0.920654 -4.000000 -0.703002 -1.293267 -5.758825
-0.789063 -0.917603 -4.000000 -0.633699 -1.283299 -5.757401
-0.786621 -0.921387 -4.000000 -0.570803 -1.264312 -5.762385
-0.782227 -0.922607 -4.000000 -0.505297 -1.277603 -5.796799
-0.790039 -0.918579 -4.000000 -0.518351 -1.349517 -5.842369
-0.787354 -0.906738 -4.000000 -0.530930 -1.451336 -5.853286
-0.790283 -0.920776 -4.000000 -0.520013 -1.493820 -5.909061
-0.785522 -0.916748 -4.000000 -0.506484 -1.532506 -5.936830
-0.784790 -0.916016 -4.000000 -0.434570 -1.556003 -5.910485
-0.785645 -0.917725 -4.000000 -0.368115 -1.543187 -5.891973
-0.787720 -0.917603 -4.000000 -0.348890 -1.513044 -5.872748
-0.791016 -0.917236 -4.000000 -0.287419 -1.465576 -5.863255
-0.788208 -0.918945 -4.000000 -0.270093 -1.434722 -5.830027
-0.789429 -0.911987 -4.000000 -0.294065 -1.413124 -5.815549
-0.787354 -0.911499 -4.000000 -0.328242 -1.376336 -5.800122
-0.788818 -0.918457 -4.000000 -0.346279 -1.365656 -5.787780
-0.785400 -0.918579 -4.000000 -0.376422 -1.384406 -5.770454
-0.779053 -0.915771 -4.000000 -0.400393 -1.386542 -5.734141
-0.786987 -0.921875 -4.000000 -0.382118 -1.351653 -5.693556
-0.781982 -0.914551 -4.000000 -0.331564 -1.326732 -5.663177
-0.789551 -0.911011 -4.000000 -0.286707 -1.337650 -5.644901
-0.782959 -0.917358 -4.000000 -0.264397 -1.354501 -5.617133
-0.781006 -0.917725 -4.000000 -0.244460 -1.346906 -5.565867
-0.781738 -0.914307 -4.000000 -0.232831 -1.365656 -5.525044
-0.785889 -0.915161 -4.000000 -0.275789 -1.414073 -5.488731
-0.789673 -0.923584 -4.000000 -0.303321 -1.443029 -5.469270
-0.782104 -0.913574 -4.000000 -0.323495 -1.476969 -5.457640
-0.781250 -0.912964 -4.000000 -0.336786 -1.476731 -5.457877
-0.781738 -0.921753 -4.000000 -0.357672 -1.461541 -5.414918
-0.789673 -0.925537 -4.000000 -0.313527 -1.418820 -5.371485
-0.790649 -0.910645 -4.000000 -0.270805 -1.357586 -5.379318
-0.782471 -0.915405 -4.000000 -0.230695 -1.315103 -5.376232
-0.788940 -0.915161 -4.000000 -0.243748 -1.296353 -5.372197
-0.789673 -0.918579 -4.000000 -0.315188 -1.327682 -5.353685
-0.789307 -0.919189 -4.000000 -0.381168 -1.396985 -5.425599
-0.786377 -0.918335 -4.000000 -0.464238 -1.487886 -5.505820
-0.783813 -0.916748 -4.000000 -0.478953 -1.545085 -5.548067
-0.783691 -0.920166 -4.000000 -0.462339 -1.540101 -5.568241
-0.788086 -0.916260 -4.000000 -0.433621 -1.503551 -5.556848
-0.785034 -0.919189 -4.000000 -0.390187 -1.447776 -5.540472
-0.781860 -0.911865 -4.000000 -0.384966 -1.420244 -5.525994
-0.783569 -0.922485 -4.000000 -0.387339 -1.419058 -5.546405
-0.785034 -0.926025 -4.000000 -0.405615 -1.420719 -5.567291
-0.786987 -0.919312 -4.000000 -0.438605 -1.415735 -5.585092
-0.791504 -0.913086 -4.000000 -0.445725 -1.394611 -5.584380
-0.783691 -0.919556 -4.000000 -0.424364 -1.329106 -5.572987
-0.793945 -0.924805 -4.000000 -0.395409 -1.252682 -5.554237
-0.783325 -0.914063 -4.000000 -0.405615 -1.192635 -5.534538
-0.782104 -0.909302 -4.000000 -0.407276 -1.158695 -5.516975
-0.783569 -0.921997 -4.000000 -0.405852 -1.156085 -5.519823
-0.782349 -0.912109 -4.000000 -0.429349 -1.182667 -5.546642
-0.786621 -0.922729 -4.000000 -0.457592 -1.220641 -5.573699
-0.780884 -0.916626 -4.000000 -0.469696 -1.251733 -5.588414
-0.783569 -0.917603 -4.000000 -0.463763 -1.272381 -5.614522
-0.780884 -0.910400 -4.000000 -0.453083 -1.297539 -5.645139
-0.775757 -0.915161 -4.000000 -0.443352 -1.321036 -5.650360
-0.785645 -0.916016 -4.000000 -0.428399 -1.344770 -5.680265
-0.781250 -0.924072 -4.000000 -0.420330 -1.354738 -5.700913
-0.780762 -0.915283 -4.000000 -0.410836 -1.331954 -5.680740
-0.780273 -0.913208 -4.000000 -0.369539 -1.287096 -5.689521
-0.784058 -0.916016 -4.000000 -0.359333 -1.265024 -5.688334
-0.790894 -0.916626 -4.000000 -0.364555 -1.271907 -5.695218
-0.789917 -0.920288 -4.000000 -0.364555 -1.302998 -5.711119
-0.785278 -0.918457 -4.000000 -0.371438 -1.350704 -5.741973
-0.780640 -0.915039 -4.000000 -0.366453 -1.382507 -5.762147
-0.787231 -0.915283 -4.000000 -0.336549 -1.363757 -5.749331
-0.780151 -0.913818 -4.000000 -0.266296 -1.315340 -5.737939
-0.787720 -0.918579 -4.000000 -0.214081 -1.260989 -5.728920
-0.787476 -0.917114 -4.000000 -0.195806 -1.255293 -5.724648
-0.789063 -0.916870 -4.000000 -0.230457 -1.293742 -5.762147
-0.784912 -0.919067 -4.000000 -0.280774 -1.342871 -5.775438
-0.783691 -0.920532 -4.000000 -0.324919 -1.391289 -5.797274
-0.787354 -0.915771 -4.000000 -0.334650 -1.421431 -5.824568
-0.777222 -0.921997 -4.000000 -0.342007 -1.449674 -5.847590
-0.784302 -0.917969 -4.000000 -0.353874 -1.488836 -5.865153
-0.786865 -0.915649 -4.000000 -0.374286 -1.523250 -5.879156
-0.784424 -0.918213 -4.000000 -0.371438 -1.517554 -5.872748
-0.787720 -0.919800 -4.000000 -0.346754 -1.471035 -5.849489
-0.783813 -0.918213 -4.000000 -0.298574 -1.424042 -5.828365
-0.783203 -0.918213 -4.000000 -0.263685 -1.393662 -5.814600
-0.787598 -0.915405 -4.000000 -0.240663 -1.366368 -5.805343
-0.778687 -0.921265 -4.000000 -0.239714 -1.364707 -5.797511
-0.787354 -0.919556 -4.000000 -0.250631 -1.387729 -5.807717
-0.785278 -0.913330 -4.000000 -0.267482 -1.404342 -5.824805
-0.789795 -0.921021 -4.000000 -0.281486 -1.419295 -5.838809
-0.780762 -0.917236 -4.000000 -0.302372 -1.422618 -5.835960
-0.785400 -0.912231 -4.000000 -0.321596 -1.444216 -5.846641
-0.784668 -0.919556 -4.000000 -0.323495 -1.450861 -5.861118
-0.789185 -0.921143 -4.000000 -0.318273 -1.426652 -5.837622
-0.788208 -0.919312 -4.000000 -0.307830 -1.404817 -5.809853
-0.785278 -0.920654 -4.000000 -0.276976 -1.368741 -5.799410
-0.786865 -0.916748 -4.000000 -0.259176 -1.361147 -5.790865
-0.795044 -0.916138 -4.000000 -0.273179 -1.378947 -5.799647
-0.789673 -0.910034 -4.000000 -0.287894 -1.415972 -5.813650
-0.789429 -0.914917 -4.000000 -0.305220 -1.421668 -5.823144
-0.781128 -0.913330 -4.000000 -0.313052 -1.431162 -5.827891
-0.788208 -0.915039 -4.000000 -0.331327 -1.418108 -5.826467
-0.783081 -0.912354 -4.000000 -0.330140 -1.405529 -5.813888
-0.786743 -0.920654 -4.000000 -0.332514 -1.380846 -5.804869
-0.788086 -0.913940 -4.000000 -0.334887 -1.368979 -5.796087
-0.779785 -0.918823 -4.000000 -0.342245 -1.355450 -5.788967
-0.780762 -0.914063 -4.000000 -0.328242 -1.349280 -5.782796
-0.781982 -0.920410 -4.000000 -0.314951 -1.347143 -5.781610
-0.780762 -0.920654 -4.000000 -0.324919 -1.348805 -5.788492
-0.784058 -0.913086 -4.000000 -0.322308 -1.363045 -5.784457
-0.781128 -0.921021 -4.000000 -0.346042 -1.373251 -5.799884
-0.788574 -0.912842 -4.000000 -0.367165 -1.389865 -5.797037
-0.786377 -0.915894 -4.000000 -0.381168 -1.401494 -5.796562
-0.782471 -0.916016 -4.000000 -0.384491 -1.402918 -5.807717
-0.786987 -0.911987 -4.000000 -0.376659 -1.396985 -5.801309
