-0.781860 -0.911865 -4.000000 -0.288368 -1.225151 -5.594585
-0.786499 -0.910400 -4.000000 -0.478715 -1.325071 -5.613098
-0.778564 -0.911743 -4.000000 -0.544221 -1.362808 -5.649411
-0.782593 -0.918213 -4.000000 -0.539474 -1.372539 -5.675993
-0.782104 -0.914795 -4.000000 -0.527845 -1.401732 -5.706610
-0.785522 -0.918457 -4.000000 -0.508858 -1.469611 -5.760011
-0.783691 -0.921387 -4.000000 -0.502449 -1.541288 -5.798935
-0.783203 -0.921265 -4.000000 -0.505535 -1.589943 -5.835248
-0.779541 -0.915405 -4.000000 -0.507908 -1.606556 -5.842606
-0.779785 -0.918213 -4.000000 -0.516690 -1.586857 -5.834536
-0.778198 -0.923706 -4.000000 -0.539000 -1.567633 -5.796799
-0.783569 -0.917114 -4.000000 -0.585044 -1.549120 -5.730819
-0.779785 -0.918335 -4.000000 -0.624442 -1.529421 -5.679553
-0.782837 -0.918701 -4.000000 -0.636072 -1.511146 -5.663888
-0.783569 -0.917725 -4.000000 -0.618746 -1.496905 -5.650123
-0.785034 -0.915649 -4.000000 -0.628714 -1.501889 -5.629237
-0.784790 -0.920166 -4.000000 -0.671910 -1.504025 -5.617607
-0.785889 -0.921753 -4.000000 -0.701815 -1.485513 -5.583430
-0.787109 -0.919434 -4.000000 -0.730771 -1.492158 -5.564680
-0.787964 -0.919800 -4.000000 -0.759252 -1.510908 -5.557797
-0.790161 -0.920410 -4.000000 -0.741688 -1.517791 -5.549253
-0.791260 -0.912476 -4.000000 -0.748334 -1.538202 -5.568715
-0.780884 -0.919800 -4.000000 -0.791767 -1.578788 -5.598620
-0.785156 -0.917725 -4.000000 -0.801973 -1.599436 -5.611911
-0.779541 -0.919800 -4.000000 -0.819773 -1.583297 -5.606689
-0.784668 -0.913330 -4.000000 -0.866292 -1.542237 -5.577497
-0.774658 -0.917969 -4.000000 -1.004899 -1.498329 -5.602655
-0.787109 -0.918213 -4.000000 -1.131401 -1.470323 -5.592924
-0.784058 -0.918213 -4.000000 -1.149439 -1.423092 -5.575361
-0.781616 -0.913818 -4.000000 -1.193347 -1.420482 -5.566579
-0.783081 -0.915405 -4.000000 -1.218030 -1.433535 -5.578446
-0.779541 -0.916260 -4.000000 -1.281163 -1.471510 -5.618319
-0.778320 -0.919067 -4.000000 -1.301337 -1.480529 -5.629474
-0.784058 -0.918823 -4.000000 -1.249359 -1.484326 -5.623066
-0.786865 -0.917114 -4.000000 -1.208774 -1.540813 -5.630186
-0.785767 -0.915649 -4.000000 -1.212809 -1.588993 -5.618319
-0.777222 -0.922852 -4.000000 -1.181955 -1.571430 -5.594585
-0.783081 -0.914673 -4.000000 -1.108616 -1.501415 -5.573225
-0.780151 -0.918701 -4.000000 -1.066370 -1.443978 -5.530029
-0.790161 -0.915039 -4.000000 -1.048095 -1.401732 -5.483273
-0.775635 -0.919312 -4.000000 -1.074440 -1.345719 -5.436042
-0.783936 -0.919800 -4.000000 -1.102208 -1.271195 -5.434855
-0.789673 -0.920898 -4.000000 -1.114313 -1.221353 -5.466184
-0.781860 -0.913330 -4.000000 -1.122145 -1.230372 -5.571801
-0.784546 -0.913940 -4.000000 -1.094376 -1.295166 -5.677417
-0.781128 -0.915039 -4.000000 -1.042873 -1.387254 -5.767369
-0.785767 -0.915405 -4.000000 -0.935833 -1.440893 -5.809378
-0.776733 -0.916504 -4.000000 -0.756641 -1.435434 -5.807479
-0.782227 -0.911743 -4.000000 -0.609965 -1.442080 -5.792052
-0.780273 -0.911743 -4.000000 -0.522386 -1.481241 -5.796324
-0.783081 -0.916138 -4.000000 -0.510756 -1.511620 -5.805581
-0.784790 -0.910034 -4.000000 -0.548256 -1.525623 -5.835011
-0.777954 -0.919067 -4.000000 -0.581484 -1.534168 -5.835723
-0.781494 -0.916748 -4.000000 -0.536864 -1.542475 -5.856609
-0.776001 -0.916626 -4.000000 -0.463288 -1.565497 -5.846878
-0.784790 -0.912476 -4.000000 -0.371912 -1.579737 -5.851150
-0.782593 -0.910400 -4.000000 -0.267008 -1.578076 -5.834062
-0.781372 -0.911255 -4.000000 -0.175869 -1.528471 -5.828603
-0.782471 -0.913940 -4.000000 -0.128876 -1.469848 -5.797274
-0.786865 -0.917114 -4.000000 -0.113449 -1.431874 -5.787068
-0.793457 -0.914795 -4.000000 -0.107990 -1.415972 -5.795850
-0.787109 -0.918457 -4.000000 -0.089952 -1.407191 -5.821957
-0.786499 -0.920410 -4.000000 -0.052215 -1.433773 -5.864916
-0.782349 -0.919678 -4.000000 -0.015664 -1.480529 -5.907400
-0.785400 -0.921753 -4.000000 0.055775 -1.505924 -5.918317
-0.785034 -0.916382 -4.000000 0.150948 -1.484326 -5.934931
-0.786499 -0.913452 -4.000000 0.147388 -1.463203 -5.993792
-0.777466 -0.921997 -4.000000 0.146202 -1.401732 -5.979551
-0.786133 -0.919189 -4.000000 0.119145 -1.338599 -5.913096
-0.784668 -0.917114 -4.000000 0.087579 -1.288995 -5.844030
-0.779663 -0.916870 -4.000000 0.027769 -1.287096 -5.792290
-0.787476 -0.916626 -4.000000 -0.026819 -1.316052 -5.773777
-0.780762 -0.912964 -4.000000 -0.043433 -1.346669 -5.731056
-0.779541 -0.914063 -4.000000 -0.072389 -1.379422 -5.666974
-0.787842 -0.921997 -4.000000 -0.081882 -1.381558 -5.618556
-0.786011 -0.918823 -4.000000 -0.143354 -1.373488 -5.624015
-0.775635 -0.913696 -4.000000 -0.176106 -1.338837 -5.607876
-0.788452 -0.918213 -4.000000 -0.162578 -1.285910 -5.583905
-0.786987 -0.919312 -4.000000 -0.159967 -1.237255 -5.557323
-0.783569 -0.912476 -4.000000 -0.195568 -1.216844 -5.521010
-0.781616 -0.918579 -4.000000 -0.231407 -1.225388 -5.505583
-0.779419 -0.921143 -4.000000 -0.269619 -1.222302 -5.487545
-0.780640 -0.920898 -4.000000 -0.305220 -1.220404 -5.475677
-0.792969 -0.913330 -4.000000 -0.306644 -1.215420 -5.467134
-0.781128 -0.918701 -4.000000 -0.296438 -1.210198 -5.448621
-0.784058 -0.916138 -4.000000 -0.278163 -1.212334 -5.417292
-0.790039 -0.924072 -4.000000 -0.239239 -1.261464 -5.393558
-0.783325 -0.915527 -4.000000 -0.149762 -1.333615 -5.349412
-0.782837 -0.911865 -4.000000 -0.039873 -1.399833 -5.309539
-0.779419 -0.919556 -4.000000 0.072151 -1.423330 -5.296248
-0.789307 -0.921021 -4.000000 0.176581 -1.411700 -5.262309
-0.780518 -0.911621 -4.000000 0.246122 -1.372539 -5.230268
-0.781494 -0.921143 -4.000000 0.240188 -1.339311 -5.214128
-0.783936 -0.922607 -4.000000 0.213606 -1.352365 -5.236439
-0.786621 -0.920288 -4.000000 0.202926 -1.389865 -5.312625
-0.786499 -0.914673 -4.000000 0.177056 -1.444453 -5.392609
-0.788818 -0.918823 -4.000000 0.185363 -1.494294 -5.421090
-0.787842 -0.916748 -4.000000 0.195568 -1.495481 -5.416817
-0.790527 -0.920410 -4.000000 0.107278 -1.482190 -5.408036
-0.782837 -0.919922 -4.000000 -0.069541 -1.498567 -5.451231
-0.778442 -0.922119 -4.000000 -0.243036 -1.512332 -5.534063
-0.780640 -0.922241 -4.000000 -0.361232 -1.528946 -5.649411
-0.786499 -0.920776 -4.000000 -0.433146 -1.529658 -5.744822
-0.780273 -0.916260 -4.000000 -0.391611 -1.497143 -5.764996
-0.781738 -0.917603 -4.000000 -0.266296 -1.442080 -5.749094
-0.780762 -0.918579 -4.000000 -0.136945 -1.357824 -5.634696
-0.788574 -0.915649 -4.000000 -0.016376 -1.288283 -5.482086
-0.784668 -0.917236 -4.000000 -0.040111 -1.297302 -5.434855
-0.787231 -0.921143 -4.000000 -0.233543 -1.317713 -5.463811
-0.784180 -0.917236 -4.000000 -0.417244 -1.294454 -5.533351
-0.780884 -0.917603 -4.000000 -0.559648 -1.300387 -5.636357
-0.785400 -0.916870 -4.000000 -0.725312 -1.414548 -5.629712
-0.784668 -0.914307 -4.000000 -0.736230 -1.419532 -5.568953
-0.776123 -0.919678 -4.000000 -0.567955 -1.310593 -5.514839
-0.782349 -0.924561 -4.000000 -0.386627 -1.190499 -5.482086
-0.786011 -0.916138 -4.000000 -0.253717 -1.115737 -5.436042
-0.786499 -0.913330 -4.000000 -0.162815 -1.075389 -5.410172
-0.787720 -0.918945 -4.000000 -0.202451 -1.073965 -5.523858
-0.784668 -0.923218 -4.000000 -0.341770 -1.114550 -5.611199
-0.789551 -0.919434 -4.000000 -0.472070 -1.185040 -5.619743
-0.785278 -0.917114 -4.000000 -0.495329 -1.228711 -5.605503
-0.788818 -0.921143 -4.000000 -0.491769 -1.255767 -5.592212
-0.782837 -0.918823 -4.000000 -0.508383 -1.312492 -5.634221
-0.782837 -0.919067 -4.000000 -0.518114 -1.354501 -5.668398
-0.787109 -0.912842 -4.000000 -0.491769 -1.351890 -5.678604
-0.783936 -0.917358 -4.000000 -0.415820 -1.316289 -5.670534
-0.786255 -0.914795 -4.000000 -0.362419 -1.305609 -5.668873
-0.778076 -0.921387 -4.000000 -0.355536 -1.328631 -5.673619
-0.786499 -0.924316 -4.000000 -0.355061 -1.368267 -5.675281
-0.789917 -0.921875 -4.000000 -0.375710 -1.410039 -5.669585
-0.788696 -0.918701 -4.000000 -0.414159 -1.453709 -5.688334
-0.786133 -0.917114 -4.000000 -0.453320 -1.467712 -5.731768
-0.790527 -0.921509 -4.000000 -0.439792 -1.444690 -5.739838
-0.786865 -0.911743 -4.000000 -0.414871 -1.394611 -5.722274
-0.780518 -0.917969 -4.000000 -0.384966 -1.354026 -5.709933
-0.782959 -0.919067 -4.000000 -0.362419 -1.341685 -5.703287
-0.782959 -0.917725 -4.000000 -0.380694 -1.355450 -5.690471
-0.789673 -0.911621 -4.000000 -0.414396 -1.367317 -5.690233
-0.791382 -0.920410 -4.000000 -0.453320 -1.366605 -5.701388
-0.787598 -0.913696 -4.000000 -0.480377 -1.373726 -5.698778
-0.787720 -0.919678 -4.000000 -0.483225 -1.397934 -5.697828
-0.780151 -0.922363 -4.000000 -0.467323 -1.432586 -5.727258
-0.782715 -0.914307 -4.000000 -0.443114 -1.439944 -5.745059
-0.789673 -0.915039 -4.000000 -0.400156 -1.417871 -5.725360
-0.786499 -0.916748 -4.000000 -0.345330 -1.380608 -5.704948
-0.781006 -0.919434 -4.000000 -0.324682 -1.377048 -5.697116
-0.781860 -0.918457 -4.000000 -0.322071 -1.379422 -5.699490
-0.781982 -0.917603 -4.000000 -0.330140 -1.382745 -5.694031
-0.783325 -0.914429 -4.000000 -0.353874 -1.389390 -5.703762
-0.785767 -0.913696 -4.000000 -0.371675 -1.403156 -5.703050
