-0.793457 -0.917725 -4.000000 -0.390425 -1.379659 -5.727971
-0.789551 -0.921753 -4.000000 -0.418194 -1.371352 -5.705186
-0.783447 -0.916870 -4.000000 -0.424839 -1.356637 -5.691420
-0.783569 -0.915771 -4.000000 -0.450709 -1.336938 -5.679790
-0.781372 -0.918213 -4.000000 -0.463763 -1.345482 -5.698540
-0.785034 -0.919556 -4.000000 -0.449760 -1.362333 -5.742923
-0.779053 -0.920776 -4.000000 -0.440741 -1.389153 -5.802970
-0.783203 -0.919800 -4.000000 -0.443589 -1.406241 -5.830739
-0.784424 -0.912964 -4.000000 -0.449997 -1.407428 -5.840944
-0.788086 -0.916382 -4.000000 -0.457829 -1.388441 -5.817685
-0.787231 -0.916748 -4.000000 -0.407276 -1.358298 -5.735803
-0.782349 -0.916260 -4.000000 -0.382118 -1.360672 -5.704474
-0.779785 -0.916382 -4.000000 -0.381406 -1.368267 -5.683588
-0.786377 -0.915405 -4.000000 -0.398257 -1.377760 -5.678841
-0.783447 -0.921021 -4.000000 -0.438368 -1.390102 -5.669822
-0.783447 -0.920654 -4.000000 -0.457829 -1.375387 -5.654870
-0.787964 -0.917358 -4.000000 -0.457117 -1.357112 -5.607401
-0.787964 -0.913574 -4.000000 -0.479190 -1.375862 -5.574174
-0.786621 -0.915894 -4.000000 -0.495329 -1.418820 -5.555899
-0.785034 -0.921021 -4.000000 -0.492244 -1.455845 -5.559934
-0.785889 -0.920288 -4.000000 -0.501500 -1.473171 -5.582481
-0.786865 -0.913940 -4.000000 -0.536626 -1.513994 -5.601468
-0.792969 -0.916138 -4.000000 -0.570566 -1.573566 -5.599569
-0.788208 -0.913818 -4.000000 -0.592164 -1.593740 -5.586753
-0.782349 -0.918945 -4.000000 -0.610202 -1.567870 -5.578209
-0.781616 -0.918823 -4.000000 -0.628714 -1.517316 -5.578683
-0.786133 -0.914429 -4.000000 -0.656958 -1.469848 -5.569427
-0.784424 -0.912964 -4.000000 -0.717480 -1.448962 -5.571088
-0.784790 -0.913696 -4.000000 -0.789394 -1.455845 -5.587702
-0.779175 -0.911743 -4.000000 -0.857273 -1.475545 -5.595060
-0.781982 -0.915649 -4.000000 -0.915421 -1.483614 -5.589601
-0.791260 -0.920044 -4.000000 -1.005373 -1.523013 -5.585804
-0.787964 -0.917847 -4.000000 -1.113363 -1.583534 -5.614759
-0.784546 -0.916260 -4.000000 -1.199281 -1.625306 -5.605740
-0.778809 -0.915039 -4.000000 -1.242239 -1.626493 -5.600993
-0.783447 -0.914795 -4.000000 -1.259090 -1.590655 -5.589127
-0.782349 -0.924316 -4.000000 -1.236543 -1.522301 -5.568953
-0.783691 -0.919067 -4.000000 -1.227049 -1.463203 -5.550915
-0.784546 -0.914185 -4.000000 -1.264312 -1.444928 -5.549253
-0.783325 -0.919678 -4.000000 -1.310356 -1.490734 -5.554237
-0.787720 -0.917725 -4.000000 -1.325071 -1.581873 -5.619743
-0.787720 -0.922485 -4.000000 -1.290419 -1.694610 -5.680977
-0.782104 -0.920532 -4.000000 -1.223727 -1.766286 -5.759062
-0.778442 -0.910400 -4.000000 -1.217793 -1.694847 -5.748619
-0.779175 -0.913330 -4.000000 -1.187888 -1.525386 -5.675993
-0.774658 -0.917236 -4.000000 -1.125942 -1.411463 -5.649648
-0.783325 -0.917725 -4.000000 -1.090104 -1.403630 -5.635645
-0.787964 -0.917725 -4.000000 -1.018664 -1.452760 -5.647512
-0.782715 -0.921265 -4.000000 -0.944377 -1.520402 -5.648461
-0.786499 -0.916992 -4.000000 -0.863444 -1.562648 -5.628050
-0.784302 -0.916870 -4.000000 -0.810992 -1.537016 -5.601231
-0.785889 -0.916992 -4.000000 -0.759489 -1.452997 -5.562782
-0.782104 -0.924072 -4.000000 -0.718666 -1.404580 -5.560408
-0.787354 -0.918091 -4.000000 -0.692322 -1.390339 -5.569902
-0.790649 -0.912964 -4.000000 -0.684964 -1.391526 -5.591737
-0.784302 -0.915039 -4.000000 -0.678319 -1.410039 -5.649648
-0.775757 -0.917480 -4.000000 -0.644616 -1.457032 -5.678604
-0.779419 -0.916748 -4.000000 -0.572939 -1.490734 -5.691895
-0.784912 -0.918945 -4.000000 -0.496516 -1.492396 -5.687860
-0.785278 -0.917725 -4.000000 -0.410836 -1.474833 -5.698540
-0.787476 -0.918579 -4.000000 -0.358384 -1.467000 -5.701863
-0.789063 -0.922607 -4.000000 -0.327530 -1.447776 -5.689521
-0.788452 -0.914917 -4.000000 -0.304982 -1.421906 -5.688809
-0.786133 -0.915894 -4.000000 -0.244460 -1.341210 -5.681452
-0.783691 -0.918823 -4.000000 -0.206249 -1.258378 -5.634933
-0.778076 -0.921509 -4.000000 -0.372150 -1.367555 -5.713967
-0.791138 -0.921143 -4.000000 -0.590028 -1.561224 -5.832400
-0.783936 -0.916260 -4.000000 -0.330378 -1.459880 -5.716341
-0.777466 -0.918213 -4.000000 -0.254191 -1.276179 -5.670534
-0.777100 -0.921143 -4.000000 -0.246122 -1.211385 -5.660803
-0.778198 -0.913696 -4.000000 -0.236154 -1.301099 -5.661515
-0.785645 -0.914307 -4.000000 -0.245647 -1.411700 -5.671246
-0.787109 -0.916260 -4.000000 -0.202214 -1.421431 -5.675756
-0.775269 -0.908813 -4.000000 -0.161391 -1.350941 -5.664126
-0.786621 -0.916626 -4.000000 -0.172546 -1.291368 -5.664363
-0.782104 -0.914795 -4.000000 -0.187736 -1.272144 -5.648936
-0.783447 -0.915527 -4.000000 -0.220252 -1.297065 -5.644427
-0.790283 -0.916870 -4.000000 -0.262498 -1.336700 -5.634459
-0.782959 -0.911499 -4.000000 -0.290505 -1.351416 -5.644427
-0.786499 -0.913818 -4.000000 -0.295014 -1.340261 -5.646800
-0.775879 -0.913330 -4.000000 -0.303558 -1.333615 -5.648936
-0.785889 -0.916016 -4.000000 -0.308068 -1.331242 -5.655581
-0.783325 -0.911865 -4.000000 -0.307118 -1.334090 -5.642053
-0.785645 -0.912842 -4.000000 -0.304508 -1.334090 -5.606215
-0.782959 -0.913696 -4.000000 -0.315900 -1.326732 -5.582718
-0.779785 -0.919434 -4.000000 -0.319697 -1.326257 -5.553762
-0.783081 -0.918213 -4.000000 -0.311390 -1.341922 -5.545218
-0.790161 -0.921143 -4.000000 -0.298574 -1.388678 -5.552101
-0.792480 -0.919312 -4.000000 -0.273416 -1.414073 -5.544981
-0.779907 -0.918945 -4.000000 -0.230220 -1.367555 -5.532165
-0.780884 -0.912598 -4.000000 -0.162103 -1.261938 -5.507244
-0.786133 -0.921509 -4.000000 -0.112025 -1.164154 -5.486121
-0.786865 -0.921387 -4.000000 -0.103243 -1.111465 -5.471880
-0.782837 -0.918823 -4.000000 -0.122942 -1.106955 -5.463573
-0.781372 -0.912720 -4.000000 -0.136471 -1.142556 -5.437229
-0.785156 -0.915283 -4.000000 -0.165664 -1.212809 -5.445061
-0.777710 -0.916382 -4.000000 -0.163765 -1.300862 -5.477102
-0.781372 -0.917725 -4.000000 -0.113211 -1.407903 -5.505345
-0.783569 -0.918945 -4.000000 -0.034414 -1.466526 -5.537623
-0.782593 -0.912476 -4.000000 0.110601 -1.453947 -5.531928
-0.783081 -0.913208 -4.000000 0.247071 -1.418108 -5.543082
-0.781616 -0.918823 -4.000000 0.294065 -1.390102 -5.547592
-0.787842 -0.918457 -4.000000 0.196043 -1.336938 -5.531928
-0.792603 -0.917358 -4.000000 0.055538 -1.203790 -5.450520
-0.779175 -0.920532 -4.000000 -0.056250 -1.044060 -5.391659
-0.783569 -0.921143 -4.000000 -0.193195 -0.973570 -5.402339
-0.780518 -0.917114 -4.000000 -0.317561 -0.998253 -5.440077
-0.785645 -0.917114 -4.000000 -0.410361 -1.063997 -5.477576
-0.780762 -0.920044 -4.000000 -0.487022 -1.130452 -5.490868
-0.784912 -0.913696 -4.000000 -0.524997 -1.158933 -5.462387
-0.783936 -0.907837 -4.000000 -0.527370 -1.132113 -5.432719
-0.782471 -0.916992 -4.000000 -0.482275 -1.049044 -5.389523
-0.783691 -0.916260 -4.000000 -0.491294 -0.988048 -5.368875
-0.789063 -0.917114 -4.000000 -0.545171 -0.965738 -5.360805
-0.781860 -0.916138 -4.000000 -0.613999 -0.952684 -5.338732
-0.787964 -0.916870 -4.000000 -0.726499 -0.989946 -5.329713
-0.784790 -0.915894 -4.000000 -0.740976 -1.085357 -5.329713
-0.783569 -0.911987 -4.000000 -0.727685 -1.210436 -5.336359
-0.782593 -0.913086 -4.000000 -0.680692 -1.300625 -5.377656
-0.785156 -0.920166 -4.000000 -0.535677 -1.293030 -5.426785
-0.779541 -0.916260 -4.000000 -0.393510 -1.260752 -5.463811
-0.783203 -0.919067 -4.000000 -0.305220 -1.248647 -5.519823
-0.786743 -0.913208 -4.000000 -0.239714 -1.233695 -5.548304
-0.786377 -0.919312 -4.000000 -0.182277 -1.218742 -5.545930
-0.780029 -0.914917 -4.000000 -0.151423 -1.220878 -5.527655
-0.791138 -0.916260 -4.000000 -0.187024 -1.258141 -5.520061
-0.787720 -0.917847 -4.000000 -0.270331 -1.305609 -5.536200
-0.783203 -0.915405 -4.000000 -0.354112 -1.325783 -5.554949
-0.780396 -0.917603 -4.000000 -0.399681 -1.318188 -5.580107
-0.780151 -0.918701 -4.000000 -0.422703 -1.335276 -5.608114
-0.786987 -0.914185 -4.000000 -0.431959 -1.382982 -5.632560
-0.785889 -0.914795 -4.000000 -0.436231 -1.431162 -5.673145
-0.791748 -0.913574 -4.000000 -0.427925 -1.461304 -5.685961
-0.784790 -0.920776 -4.000000 -0.393036 -1.460829 -5.685724
-0.779175 -0.913452 -4.000000 -0.332514 -1.432586 -5.675044
-0.788940 -0.916260 -4.000000 -0.265346 -1.409801 -5.652021
-0.784180 -0.912598 -4.000000 -0.230932 -1.386779 -5.647275
-0.782104 -0.912354 -4.000000 -0.231169 -1.369928 -5.651784
-0.789307 -0.919434 -4.000000 -0.261549 -1.374438 -5.659142
-0.787964 -0.910156 -4.000000 -0.308305 -1.395086 -5.666737
-0.781616 -0.916504 -4.000000 -0.347466 -1.416921 -5.683588
-0.787720 -0.923340 -4.000000 -0.372624 -1.425703 -5.701863
-0.776245 -0.916870 -4.000000 -0.376422 -1.420956 -5.709458
-0.786987 -0.921265 -4.000000 -0.362419 -1.417159 -5.695930
-0.780396 -0.919678 -4.000000 -0.336311 -1.404342 -5.693793
-0.781616 -0.919800 -4.000000 -0.301659 -1.377048 -5.677654
-0.792114 -0.913696 -4.000000 -0.281248 -1.365893 -5.676230
-0.789185 -0.916992 -4.000000 -0.274365 -1.376811 -5.675518
-0.786133 -0.915771 -4.000000 -0.295014 -1.416209 -5.680502
-0.783203 -0.914795 -4.000000 -0.324682 -1.428314 -5.693556
