-0.784180 -0.911987 -4.000000 -0.422466 -1.368741 -5.775676
-0.794556 -0.920898 -4.000000 -0.447149 -1.348567 -5.743398
-0.784668 -0.917725 -4.000000 -0.447624 -1.350941 -5.792052
-0.783447 -0.916260 -4.000000 -0.438130 -1.371827 -5.829315
-0.782104 -0.919678 -4.000000 -0.403716 -1.396273 -5.851150
-0.784790 -0.912598 -4.000000 -0.354349 -1.415735 -5.868238
-0.785156 -0.918823 -4.000000 -0.303558 -1.419532 -5.866103
-0.788086 -0.912720 -4.000000 -0.273653 -1.412887 -5.869663
-0.782104 -0.911377 -4.000000 -0.260837 -1.411937 -5.855659
-0.786377 -0.916382 -4.000000 -0.274603 -1.380608 -5.820296
-0.782837 -0.916016 -4.000000 -0.272941 -1.339311 -5.778998
-0.785767 -0.918091 -4.000000 -0.290742 -1.307270 -5.740312
-0.778931 -0.915649 -4.000000 -0.318273 -1.289232 -5.728683
-0.787109 -0.924194 -4.000000 -0.327767 -1.287334 -5.738888
-0.780151 -0.920898 -4.000000 -0.349365 -1.320324 -5.769030
-0.784058 -0.916138 -4.000000 -0.414159 -1.392001 -5.811514
-0.788208 -0.920166 -4.000000 -0.498889 -1.437807 -5.837384
-0.794800 -0.916626 -4.000000 -0.583857 -1.430450 -5.796562
-0.785034 -0.920288 -4.000000 -0.626578 -1.394374 -5.774489
-0.780762 -0.924927 -4.000000 -0.679268 -1.369216 -5.769268
-0.786621 -0.916016 -4.000000 -0.752369 -1.379184 -5.784932
-0.780029 -0.917358 -4.000000 -0.842083 -1.408852 -5.830739
-0.782593 -0.920288 -4.000000 -0.927763 -1.456557 -5.858982
-0.787231 -0.919556 -4.000000 -1.014155 -1.509009 -5.862542
-0.787842 -0.916016 -4.000000 -1.091291 -1.549357 -5.827653
-0.784790 -0.918701 -4.000000 -1.161306 -1.578313 -5.831688
-0.779053 -0.912598 -4.000000 -1.231321 -1.587569 -5.837859
-0.785400 -0.918701 -4.000000 -1.252445 -1.590892 -5.870849
-0.782349 -0.922363 -4.000000 -1.254818 -1.577126 -5.899805
-0.784912 -0.920654 -4.000000 -1.219217 -1.546509 -5.893159
-0.783691 -0.921875 -4.000000 -1.127604 -1.535354 -5.824568
-0.785645 -0.911865 -4.000000 -1.030769 -1.576651 -5.778049
-0.785278 -0.914063 -4.000000 -0.974045 -1.635512 -5.763809
-0.781372 -0.919434 -4.000000 -0.917320 -1.610116 -5.749094
-0.782837 -0.920654 -4.000000 -0.873412 -1.551968 -5.732480
-0.781128 -0.918945 -4.000000 -0.925627 -1.473646 -5.725360
-0.786133 -0.923584 -4.000000 -1.013918 -1.366605 -5.717527
-0.785522 -0.921143 -4.000000 -1.049756 -1.290182 -5.736989
-0.784668 -0.913086 -4.000000 -1.056164 -1.281638 -5.786593
-0.779297 -0.911865 -4.000000 -1.055452 -1.345007 -5.829552
-0.785156 -0.909912 -4.000000 -1.033142 -1.433773 -5.876783
-0.790039 -0.920288 -4.000000 -1.015579 -1.497143 -5.891973
-0.792969 -0.916992 -4.000000 -0.950311 -1.515892 -5.874647
-0.785400 -0.918335 -4.000000 -0.853238 -1.474595 -5.854473
-0.787964 -0.925415 -4.000000 -0.711071 -1.401020 -5.830027
-0.788696 -0.916626 -4.000000 -0.588604 -1.340973 -5.802495
-0.786255 -0.910522 -4.000000 -0.524522 -1.312017 -5.727496
-0.781738 -0.920288 -4.000000 -0.439317 -1.295166 -5.763571
-0.785400 -0.916016 -4.000000 -0.445250 -1.345482 -5.744822
-0.780640 -0.921753 -4.000000 -0.501263 -1.424042 -5.776151
-0.783081 -0.918335 -4.000000 -0.540186 -1.467950 -5.820533
-0.781738 -0.919678 -4.000000 -0.563920 -1.502364 -5.842131
-0.782959 -0.912476 -4.000000 -0.555376 -1.504975 -5.863017
-0.782715 -0.922485 -4.000000 -0.525471 -1.480291 -5.790865
-0.784058 -0.919800 -4.000000 -0.462339 -1.440181 -5.705898
-0.789551 -0.913696 -4.000000 -0.360995 -1.415735 -5.668161
-0.786987 -0.916992 -4.000000 -0.287419 -1.404817 -5.635408
-0.780518 -0.918457 -4.000000 -0.234492 -1.392001 -5.619031
-0.785156 -0.922363 -4.000000 -0.189398 -1.361859 -5.613810
-0.787231 -0.918457 -4.000000 -0.143116 -1.331716 -5.583430
-0.783325 -0.911377 -4.000000 -0.140743 -1.312254 -5.560408
-0.783081 -0.915771 -4.000000 -0.155695 -1.285435 -5.556136
-0.784302 -0.916504 -4.000000 -0.196992 -1.280688 -5.560883
-0.783569 -0.911133 -4.000000 -0.272941 -1.306084 -5.562307
-0.782837 -0.918335 -4.000000 -0.334887 -1.331242 -5.574174
-0.779175 -0.921509 -4.000000 -0.363605 -1.331479 -5.586041
-0.786621 -0.921631 -4.000000 -0.374998 -1.311542 -5.578209
-0.790405 -0.911987 -4.000000 -0.338447 -1.280213 -5.559696
-0.778076 -0.912476 -4.000000 -0.264160 -1.260752 -5.516737
-0.782715 -0.915039 -4.000000 -0.198654 -1.248173 -5.497750
-0.791626 -0.918823 -4.000000 -0.132911 -1.261938 -5.511516
-0.791138 -0.917480 -4.000000 -0.099446 -1.352128 -5.554000
-0.784668 -0.918457 -4.000000 -0.151898 -1.473408 -5.629000
-0.792236 -0.915771 -4.000000 -0.223575 -1.532981 -5.705186
-0.784546 -0.912476 -4.000000 -0.333938 -1.541525 -5.737701
-0.789551 -0.915161 -4.000000 -0.427450 -1.523013 -5.797274
-0.784424 -0.917236 -4.000000 -0.497703 -1.437333 -5.814125
-0.781982 -0.914551 -4.000000 -0.560360 -1.291131 -5.745771
-0.785645 -0.921875 -4.000000 -0.544933 -1.115499 -5.672195
-0.788574 -0.914551 -4.000000 -0.481801 -0.963364 -5.606927
-0.792236 -0.920532 -4.000000 -0.348653 -0.864868 -5.529079
-0.789307 -0.915527 -4.000000 -0.252767 -0.871276 -5.448146
-0.779785 -0.914551 -4.000000 -0.236628 -0.984725 -5.479950
-0.787964 -0.913940 -4.000000 -0.263685 -1.132825 -5.553525
-0.779053 -0.917969 -4.000000 -0.338685 -1.245562 -5.643240
-0.779419 -0.917236 -4.000000 -0.416770 -1.268109 -5.710882
-0.779297 -0.914673 -4.000000 -0.429586 -1.199518 -5.731531
-0.787598 -0.919434 -4.000000 -0.402766 -1.126417 -5.738176
-0.786621 -0.912354 -4.000000 -0.388289 -1.104819 -5.759774
-0.781616 -0.912476 -4.000000 -0.375235 -1.134249 -5.794663
-0.789063 -0.916382 -4.000000 -0.369064 -1.205451 -5.825517
-0.781006 -0.919800 -4.000000 -0.372624 -1.298489 -5.849726
-0.787476 -0.915283 -4.000000 -0.360757 -1.376336 -5.879394
-0.782715 -0.916626 -4.000000 -0.329903 -1.418583 -5.905976
-0.782104 -0.916748 -4.000000 -0.304270 -1.435197 -5.915944
-0.785156 -0.912231 -4.000000 -0.311153 -1.432823 -5.906450
-0.788818 -0.914673 -4.000000 -0.317799 -1.412175 -5.882954
-0.786621 -0.914429 -4.000000 -0.313289 -1.388203 -5.866103
-0.783325 -0.921143 -4.000000 -0.311390 -1.367792 -5.864678
-0.783081 -0.914429 -4.000000 -0.324919 -1.369691 -5.861356
-0.784180 -0.914185 -4.000000 -0.324919 -1.368504 -5.870137
-0.786133 -0.914063 -4.000000 -0.309254 -1.399358 -5.878919
-0.786865 -0.916016 -4.000000 -0.306406 -1.450149 -5.904552
-0.780762 -0.916382 -4.000000 -0.313527 -1.519927 -5.935643
-0.782471 -0.916504 -4.000000 -0.333463 -1.550069 -5.948934
-0.779175 -0.919312 -4.000000 -0.352450 -1.550781 -5.945611
-0.777222 -0.917603 -4.000000 -0.378558 -1.503076 -5.906213
-0.788940 -0.911743 -4.000000 -0.389001 -1.443029 -5.872510
-0.788330 -0.917603 -4.000000 -0.375472 -1.398646 -5.857321
-0.784424 -0.913818 -4.000000 -0.367640 -1.395086 -5.852337
-0.792358 -0.916504 -4.000000 -0.361944 -1.417396 -5.865390
-0.784912 -0.915283 -4.000000 -0.351976 -1.457981 -5.883428
-0.786865 -0.921875 -4.000000 -0.323969 -1.475545 -5.880817
-0.784302 -0.924072 -4.000000 -0.303796 -1.466051 -5.882479
-0.788696 -0.913452 -4.000000 -0.296913 -1.427602 -5.874172
-0.783936 -0.918091 -4.000000 -0.295489 -1.383456 -5.849726
-0.783081 -0.915405 -4.000000 -0.282198 -1.352602 -5.835011
-0.784790 -0.916138 -4.000000 -0.284808 -1.351890 -5.811277
-0.785156 -0.911865 -4.000000 -0.308068 -1.362333 -5.818160
-0.781860 -0.919312 -4.000000 -0.315425 -1.353077 -5.818397
-0.783447 -0.911865 -4.000000 -0.323020 -1.339786 -5.820533
-0.777222 -0.908691 -4.000000 -0.320647 -1.332903 -5.803919
-0.781616 -0.912842 -4.000000 -0.311865 -1.341447 -5.812701
-0.781616 -0.906616 -4.000000 -0.308068 -1.359960 -5.829315
-0.783691 -0.913940 -4.000000 -0.328954 -1.364944 -5.830976
-0.780029 -0.918823 -4.000000 -0.334650 -1.367555 -5.812701
-0.782349 -0.920044 -4.000000 -0.332751 -1.379896 -5.805581
-0.792480 -0.917114 -4.000000 -0.344381 -1.400070 -5.802732
-0.788574 -0.910278 -4.000000 -0.338447 -1.397460 -5.807479
-0.786621 -0.917603 -4.000000 -0.346279 -1.384169 -5.794188
-0.781860 -0.917358 -4.000000 -0.342245 -1.382982 -5.798460
-0.785400 -0.914551 -4.000000 -0.351264 -1.389390 -5.817448
-0.785767 -0.921875 -4.000000 -0.361707 -1.390339 -5.827178
-0.784790 -0.918335 -4.000000 -0.377608 -1.387017 -5.838809
-0.791870 -0.920776 -4.000000 -0.387577 -1.375387 -5.849726
-0.793335 -0.916382 -4.000000 -0.391849 -1.363520 -5.854236
-0.782471 -0.915283 -4.000000 -0.379982 -1.370403 -5.857796
-0.784790 -0.920532 -4.000000 -0.367640 -1.377048 -5.860169
-0.780273 -0.912354 -4.000000 -0.343194 -1.374675 -5.836672
-0.789917 -0.920166 -4.000000 -0.328242 -1.360197 -5.831451
-0.785400 -0.915405 -4.000000 -0.326580 -1.343821 -5.822906
-0.784424 -0.916626 -4.000000 -0.330852 -1.341922 -5.835723
-0.784790 -0.913330 -4.000000 -0.339871 -1.364944 -5.848539
-0.787842 -0.925171 -4.000000 -0.351976 -1.389627 -5.881530
-0.776978 -0.915527 -4.000000 -0.358858 -1.401732 -5.887463
-0.788330 -0.921021 -4.000000 -0.359571 -1.393425 -5.887701
-0.784546 -0.915649 -4.000000 -0.342007 -1.372776 -5.871562
-0.782593 -0.917725 -4.000000 -0.315663 -1.357112 -5.860881
-0.781250 -0.917603 -4.000000 -0.295251 -1.352840 -5.859457
-0.785522 -0.918701 -4.000000 -0.299761 -1.356400 -5.861830
