-0.786255 -0.919556 -4.000000 -0.078085 -1.463440 -5.676230
-0.783203 -0.916138 -4.000000 -0.062658 -1.445640 -5.635882
-0.782837 -0.919067 -4.000000 -0.126028 -1.481953 -5.657006
-0.786865 -0.917236 -4.000000 -0.186075 -1.573566 -5.650835
-0.788574 -0.917114 -4.000000 -0.252530 -1.626968 -5.685961
-0.786987 -0.921387 -4.000000 -0.263210 -1.687727 -5.710882
-0.782471 -0.916748 -4.000000 -0.275552 -1.678470 -5.746958
-0.783936 -0.910767 -4.000000 -0.312815 -1.659483 -5.747670
-0.791748 -0.925415 -4.000000 -0.331564 -1.614863 -5.758112
-0.787109 -0.922363 -4.000000 -0.367640 -1.563598 -5.744822
-0.785400 -0.913940 -4.000000 -0.434095 -1.535354 -5.721562
-0.786377 -0.916260 -4.000000 -0.501737 -1.530370 -5.701151
-0.791748 -0.913940 -4.000000 -0.552766 -1.508772 -5.690233
-0.782104 -0.922119 -4.000000 -0.618509 -1.494532 -5.699964
-0.782471 -0.917725 -4.000000 -0.663366 -1.467712 -5.714917
-0.780884 -0.915283 -4.000000 -0.702765 -1.438045 -5.704948
-0.786865 -0.915649 -4.000000 -0.748097 -1.396748 -5.657243
-0.784546 -0.920410 -4.000000 -0.810517 -1.342871 -5.632797
-0.788086 -0.918457 -4.000000 -0.876735 -1.281400 -5.616895
-0.784058 -0.917358 -4.000000 -0.941766 -1.246037 -5.599095
-0.782715 -0.910400 -4.000000 -0.994693 -1.230609 -5.567054
-0.784546 -0.915161 -4.000000 -1.026971 -1.219454 -5.553525
-0.787842 -0.921143 -4.000000 -1.020326 -1.206875 -5.535962
-0.785034 -0.912964 -4.000000 -1.007035 -1.208537 -5.548779
-0.784790 -0.916748 -4.000000 -0.985437 -1.237730 -5.541896
-0.792969 -0.918213 -4.000000 -0.971434 -1.263837 -5.539048
-0.786377 -0.911011 -4.000000 -1.007272 -1.290894 -5.549490
-0.788940 -0.918823 -4.000000 -1.038364 -1.280926 -5.554712
-0.781372 -0.913696 -4.000000 -1.075626 -1.255293 -5.556374
-0.779785 -0.912842 -4.000000 -1.138996 -1.248885 -5.572038
-0.784790 -0.916016 -4.000000 -1.223964 -1.275704 -5.582243
-0.783936 -0.917236 -4.000000 -1.298251 -1.318663 -5.587228
-0.784180 -0.920410 -4.000000 -1.335514 -1.357824 -5.585329
-0.791626 -0.913696 -4.000000 -1.333615 -1.338599 -5.575835
-0.782104 -0.916138 -4.000000 -1.300150 -1.280688 -5.565867
-0.780029 -0.922119 -4.000000 -1.274043 -1.225388 -5.588414
-0.790283 -0.920532 -4.000000 -1.246986 -1.202366 -5.593636
-0.783203 -0.915649 -4.000000 -1.224439 -1.201416 -5.612623
-0.783691 -0.919556 -4.000000 -1.206875 -1.190024 -5.631373
-0.785034 -0.916504 -4.000000 -1.184803 -1.145167 -5.633984
-0.787354 -0.909180 -4.000000 -1.143268 -1.085357 -5.662465
-0.784424 -0.915527 -4.000000 -1.078949 -1.097224 -5.702812
-0.782593 -0.906494 -4.000000 -1.011782 -1.202603 -5.751705
-0.791260 -0.918335 -4.000000 -0.938206 -1.315577 -5.801309
-0.790161 -0.921509 -4.000000 -0.834963 -1.389865 -5.820533
-0.789429 -0.920166 -4.000000 -0.728160 -1.415972 -5.820770
-0.789551 -0.919434 -4.000000 -0.611863 -1.413124 -5.815074
-0.782837 -0.917969 -4.000000 -0.506484 -1.392713 -5.832163
-0.780762 -0.921631 -4.000000 -0.433858 -1.379896 -5.853286
-0.781738 -0.913086 -4.000000 -0.375710 -1.382270 -5.862780
-0.787354 -0.918335 -4.000000 -0.321833 -1.420956 -5.870612
-0.786011 -0.918213 -4.000000 -0.274603 -1.471035 -5.874884
-0.782959 -0.921753 -4.000000 -0.233068 -1.518266 -5.859694
-0.793335 -0.919067 -4.000000 -0.190584 -1.529184 -5.858745
-0.784180 -0.920044 -4.000000 -0.164002 -1.495481 -5.863966
-0.788696 -0.917480 -4.000000 -0.152135 -1.452997 -5.863966
-0.787598 -0.915649 -4.000000 -0.145964 -1.419295 -5.858033
-0.790161 -0.919678 -4.000000 -0.149050 -1.390814 -5.863017
-0.782837 -0.913452 -4.000000 -0.154271 -1.381320 -5.856846
-0.787109 -0.916626 -4.000000 -0.171597 -1.361859 -5.851624
-0.783325 -0.917969 -4.000000 -0.178243 -1.344770 -5.840232
-0.786011 -0.917114 -4.000000 -0.196755 -1.334802 -5.831925
-0.786743 -0.909546 -4.000000 -0.223100 -1.329343 -5.818635
-0.792358 -0.914429 -4.000000 -0.241375 -1.326257 -5.803207
-0.781250 -0.923218 -4.000000 -0.255378 -1.348093 -5.784932
-0.776733 -0.916382 -4.000000 -0.245885 -1.383931 -5.758112
-0.782471 -0.919800 -4.000000 -0.228321 -1.419532 -5.726546
-0.790405 -0.918945 -4.000000 -0.211945 -1.447538 -5.688572
-0.786865 -0.921875 -4.000000 -0.157119 -1.457981 -5.638968
-0.788818 -0.921997 -4.000000 -0.080696 -1.432586 -5.576785
-0.781982 -0.915649 -4.000000 0.014478 -1.385593 -5.524570
-0.786255 -0.918335 -4.000000 0.109651 -1.305846 -5.487545
-0.783203 -0.916870 -4.000000 0.167800 -1.248647 -5.475915
-0.781860 -0.916626 -4.000000 0.170885 -1.236306 -5.459064
-0.789673 -0.918213 -4.000000 0.177768 -1.253394 -5.424650
-0.782593 -0.922363 -4.000000 0.196518 -1.307033 -5.353685
-0.784790 -0.917358 -4.000000 0.185363 -1.379422 -5.287941
-0.779297 -0.916748 -4.000000 0.155933 -1.472934 -5.257799
-0.783447 -0.923340 -4.000000 0.119382 -1.591841 -5.257325
-0.788208 -0.921387 -4.000000 0.070015 -1.690812 -5.272989
-0.790283 -0.916504 -4.000000 0.030617 -1.756318 -5.328764
-0.787720 -0.916626 -4.000000 -0.102768 -1.639547 -5.311438
-0.783447 -0.906006 -4.000000 -0.283859 -1.504975 -5.274413
-0.785278 -0.916138 -4.000000 -0.410361 -1.311780 -5.252340
-0.785645 -0.920654 -4.000000 -0.456880 -1.196432 -5.263258
-0.788940 -0.904175 -4.000000 -0.500788 -1.293030 -5.250205
-0.784546 -0.916382 -4.000000 -0.597860 -1.542712 -5.257562
-0.786743 -0.916504 -4.000000 -0.662891 -1.741366 -5.264445
-0.788574 -0.921631 -4.000000 -0.690898 -1.894925 -5.286280
-0.793579 -0.913086 -4.000000 -0.682591 -2.003864 -5.333985
-0.793457 -0.914185 -4.000000 -0.703239 -2.006238 -5.400916
-0.787598 -0.917358 -4.000000 -0.753793 -1.885669 -5.464523
-0.782837 -0.921509 -4.000000 -0.742875 -1.631477 -5.486121
-0.782104 -0.924683 -4.000000 -0.656958 -1.460592 -5.547829
-0.782349 -0.918457 -4.000000 -0.572227 -1.323409 -5.598145
-0.791626 -0.920898 -4.000000 -0.474443 -1.234644 -5.616895
-0.784790 -0.916260 -4.000000 -0.371675 -1.203553 -5.627338
-0.789185 -0.916260 -4.000000 -0.278637 -1.114787 -5.619743
-0.785034 -0.918335 -4.000000 -0.191771 -1.018427 -5.623066
-0.788696 -0.920166 -4.000000 -0.130300 -0.971671 -5.657006
-0.783325 -0.919434 -4.000000 -0.149524 -1.025547 -5.704711
-0.784668 -0.921021 -4.000000 -0.257277 -1.155610 -5.742211
-0.787964 -0.916870 -4.000000 -0.378795 -1.270008 -5.759774
-0.786499 -0.914917 -4.000000 -0.410124 -1.315814 -5.781135
-0.790649 -0.918945 -4.000000 -0.390662 -1.319137 -5.797037
-0.785645 -0.914307 -4.000000 -0.378083 -1.315340 -5.819821
-0.788330 -0.922119 -4.000000 -0.391849 -1.308220 -5.829315
-0.794067 -0.920410 -4.000000 -0.406564 -1.303473 -5.845454
-0.784424 -0.918213 -4.000000 -0.403478 -1.310118 -5.852099
-0.783203 -0.912231 -4.000000 -0.408937 -1.356400 -5.834774
-0.786987 -0.917725 -4.000000 -0.426026 -1.418583 -5.834774
-0.778931 -0.914307 -4.000000 -0.435994 -1.497380 -5.831451
-0.787964 -0.920166 -4.000000 -0.439317 -1.563598 -5.830027
-0.784668 -0.916626 -4.000000 -0.446437 -1.619610 -5.823381
-0.779541 -0.910156 -4.000000 -0.466848 -1.656398 -5.820770
-0.786987 -0.919312 -4.000000 -0.480614 -1.665179 -5.815786
-0.785156 -0.915771 -4.000000 -0.495092 -1.628392 -5.796324
-0.787842 -0.914917 -4.000000 -0.465187 -1.552680 -5.787543
-0.788208 -0.915771 -4.000000 -0.414871 -1.445165 -5.775201
-0.783569 -0.912231 -4.000000 -0.356248 -1.346194 -5.754790
-0.780884 -0.919312 -4.000000 -0.289318 -1.280451 -5.753129
-0.783813 -0.914917 -4.000000 -0.249445 -1.273568 -5.764521
-0.781128 -0.921387 -4.000000 -0.246359 -1.298489 -5.771404
-0.788330 -0.919922 -4.000000 -0.252293 -1.315103 -5.770692
-0.789185 -0.919678 -4.000000 -0.249919 -1.328156 -5.783508
-0.781006 -0.910767 -4.000000 -0.267720 -1.360197 -5.785407
-0.777222 -0.921997 -4.000000 -0.298099 -1.407665 -5.781610
-0.789673 -0.921875 -4.000000 -0.329191 -1.430212 -5.783271
-0.778687 -0.914673 -4.000000 -0.334175 -1.419770 -5.783983
-0.780273 -0.917969 -4.000000 -0.318273 -1.406004 -5.781372
-0.779053 -0.920776 -4.000000 -0.314951 -1.387017 -5.783271
-0.779175 -0.926392 -4.000000 -0.323732 -1.378235 -5.775913
-0.784668 -0.915283 -4.000000 -0.321121 -1.361621 -5.782321
-0.782837 -0.915161 -4.000000 -0.316137 -1.335276 -5.780660
-0.789673 -0.915283 -4.000000 -0.301897 -1.303236 -5.772828
-0.777344 -0.911011 -4.000000 -0.293115 -1.281163 -5.764758
-0.788696 -0.916504 -4.000000 -0.293115 -1.281875 -5.771166
-0.787720 -0.918945 -4.000000 -0.300473 -1.310830 -5.784457
-0.778076 -0.924194 -4.000000 -0.308780 -1.355925 -5.786593
-0.777222 -0.923828 -4.000000 -0.317087 -1.401257 -5.790628
-0.787842 -0.911743 -4.000000 -0.323495 -1.416921 -5.783033
-0.785889 -0.914307 -4.000000 -0.313052 -1.414548 -5.786356
-0.779175 -0.909912 -4.000000 -0.304745 -1.398409 -5.791578
-0.780640 -0.920166 -4.000000 -0.298337 -1.381795 -5.791578
-0.784424 -0.922852 -4.000000 -0.298099 -1.364232 -5.791578
-0.781494 -0.918823 -4.000000 -0.299761 -1.354264 -5.791340
-0.787354 -0.913086 -4.000000 -0.304982 -1.354738 -5.789679
-0.791748 -0.918213 -4.000000 -0.321121 -1.355688 -5.799884
-0.788818 -0.918335 -4.000000 -0.339159 -1.376099 -5.795138
-0.780518 -0.916748 -4.000000 -0.359808 -1.395086 -5.779948
