-0.785522 -0.918579 -4.000000 -0.285995 -1.449200 -5.751942
-0.784302 -0.914307 -4.000000 -0.287894 -1.404105 -5.748144
-0.783691 -0.915527 -4.000000 -0.310204 -1.393188 -5.761436
-0.785156 -0.914917 -4.000000 -0.364317 -1.417159 -5.786119
-0.783691 -0.916992 -4.000000 -0.405140 -1.419770 -5.810565
-0.787964 -0.918335 -4.000000 -0.404428 -1.416921 -5.819584
-0.790039 -0.917114 -4.000000 -0.384017 -1.421668 -5.824568
-0.787476 -0.918945 -4.000000 -0.367165 -1.439706 -5.836197
-0.784302 -0.923462 -4.000000 -0.359096 -1.446826 -5.843318
-0.790771 -0.913818 -4.000000 -0.364555 -1.456557 -5.831688
-0.787598 -0.915161 -4.000000 -0.370251 -1.449674 -5.824568
-0.782349 -0.917847 -4.000000 -0.373336 -1.433061 -5.828128
-0.790039 -0.920532 -4.000000 -0.362419 -1.417396 -5.837384
-0.794312 -0.912842 -4.000000 -0.374523 -1.416684 -5.849726
-0.783569 -0.915527 -4.000000 -0.376896 -1.418108 -5.853998
-0.781372 -0.913086 -4.000000 -0.402054 -1.419295 -5.852574
-0.781494 -0.915771 -4.000000 -0.437893 -1.417871 -5.850201
-0.787598 -0.915894 -4.000000 -0.460203 -1.414073 -5.824568
-0.784058 -0.914917 -4.000000 -0.463051 -1.392713 -5.798460
-0.787231 -0.915527 -4.000000 -0.457355 -1.362096 -5.793239
-0.789429 -0.914185 -4.000000 -0.490108 -1.340973 -5.803919
-0.782593 -0.910889 -4.000000 -0.532592 -1.335514 -5.836672
-0.790771 -0.919434 -4.000000 -0.595724 -1.354501 -5.888412
-0.786255 -0.919800 -4.000000 -0.673334 -1.385355 -5.932321
-0.789185 -0.920532 -4.000000 -0.734568 -1.430212 -5.962700
-0.785767 -0.918579 -4.000000 -0.806245 -1.465576 -6.000437
-0.785156 -0.921387 -4.000000 -0.867716 -1.478630 -6.017526
-0.787598 -0.919189 -4.000000 -0.919931 -1.509247 -6.058111
-0.788330 -0.916748 -4.000000 -0.992557 -1.536778 -6.078522
-0.786499 -0.911987 -4.000000 -1.039313 -1.514231 -6.078997
-0.781128 -0.917847 -4.000000 -1.049993 -1.481478 -6.019424
-0.789185 -0.914917 -4.000000 -1.023649 -1.486937 -5.951545
-0.792603 -0.913086 -4.000000 -1.029582 -1.506873 -5.882479
-0.788452 -0.916504 -4.000000 -1.064946 -1.496668 -5.812226
-0.787842 -0.914551 -4.000000 -1.146828 -1.435197 -5.707322
-0.787842 -0.918457 -4.000000 -1.187176 -1.327444 -5.624253
-0.787964 -0.915039 -4.000000 -1.119771 -1.240578 -5.624490
-0.783203 -0.910645 -4.000000 -1.087256 -1.216606 -5.633746
-0.785156 -0.918091 -4.000000 -1.089155 -1.227999 -5.639917
-0.783325 -0.911133 -4.000000 -1.108379 -1.222777 -5.633272
-0.788208 -0.912231 -4.000000 -1.107667 -1.225625 -5.636357
-0.784180 -0.917236 -4.000000 -1.098886 -1.280213 -5.652971
-0.783203 -0.918579 -4.000000 -1.059724 -1.341922 -5.679553
-0.785278 -0.919312 -4.000000 -0.995405 -1.390814 -5.711357
-0.781494 -0.914063 -4.000000 -0.898808 -1.407191 -5.720850
-0.785400 -0.915405 -4.000000 -0.792005 -1.393899 -5.705660
-0.780396 -0.912842 -4.000000 -0.716768 -1.397460 -5.672195
-0.782471 -0.909302 -4.000000 -0.589316 -1.388203 -5.666499
-0.788330 -0.919067 -4.000000 -0.490345 -1.409801 -5.692132
-0.791626 -0.918823 -4.000000 -0.449997 -1.443029 -5.726784
-0.785278 -0.922974 -4.000000 -0.435519 -1.471747 -5.758112
-0.784668 -0.919067 -4.000000 -0.405377 -1.478393 -5.782796
-0.786133 -0.918213 -4.000000 -0.370014 -1.489310 -5.804869
-0.785645 -0.915649 -4.000000 -0.361469 -1.509009 -5.837384
-0.790527 -0.912476 -4.000000 -0.360757 -1.501415 -5.860406
-0.789795 -0.918579 -4.000000 -0.354349 -1.468899 -5.882242
-0.781860 -0.913208 -4.000000 -0.345805 -1.424042 -5.883903
-0.791382 -0.910645 -4.000000 -0.307118 -1.395086 -5.873460
-0.784912 -0.913574 -4.000000 -0.263685 -1.366843 -5.870612
-0.790527 -0.914551 -4.000000 -0.253479 -1.377048 -5.860881
-0.787598 -0.912964 -4.000000 -0.262498 -1.411225 -5.886039
-0.781128 -0.914551 -4.000000 -0.296201 -1.442080 -5.854236
-0.783325 -0.925781 -4.000000 -0.324682 -1.488598 -5.822906
-0.789551 -0.917358 -4.000000 -0.331090 -1.493108 -5.758587
-0.782104 -0.908813 -4.000000 -0.305694 -1.454896 -5.671009
-0.785278 -0.913940 -4.000000 -0.281486 -1.423804 -5.619506
-0.777710 -0.912964 -4.000000 -0.255615 -1.416921 -5.554475
-0.783936 -0.917725 -4.000000 -0.224761 -1.416921 -5.521959
-0.784912 -0.920044 -4.000000 -0.197704 -1.416209 -5.499649
-0.784180 -0.918091 -4.000000 -0.169698 -1.417634 -5.487070
-0.793457 -0.920044 -4.000000 -0.169936 -1.437095 -5.495140
-0.785522 -0.915161 -4.000000 -0.217404 -1.518741 -5.533351
-0.787964 -0.918213 -4.000000 -0.286944 -1.663518 -5.567766
-0.787720 -0.919189 -4.000000 -0.336549 -1.836064 -5.650360
-0.783691 -0.918335 -4.000000 -0.420092 -2.028073 -5.748144
-0.792114 -0.917969 -4.000000 -0.516927 -2.170714 -5.837622
-0.785889 -0.917725 -4.000000 -0.613287 -2.177122 -5.874647
-0.782959 -0.921509 -4.000000 -0.703239 -1.992234 -5.874884
-0.787598 -0.922974 -4.000000 -0.662654 -1.636936 -5.619743
-0.783691 -0.916260 -4.000000 -0.554664 -1.259090 -5.448384
-0.784424 -0.916138 -4.000000 -0.393985 -0.932273 -5.323305
-0.784546 -0.918701 -4.000000 -0.220252 -0.740264 -5.240236
-0.786377 -0.915894 -4.000000 -0.153322 -0.728160 -5.262546
-0.783691 -0.921021 -4.000000 -0.134572 -0.825232 -5.327340
-0.781738 -0.919434 -4.000000 -0.166613 -1.003000 -5.461437
-0.784302 -0.910767 -4.000000 -0.300473 -1.253869 -5.601231
-0.788330 -0.915161 -4.000000 -0.455219 -1.476731 -5.757401
-0.786011 -0.916992 -4.000000 -0.563446 -1.587094 -5.860406
-0.785645 -0.921265 -4.000000 -0.585993 -1.557664 -5.883666
-0.782593 -0.915527 -4.000000 -0.561547 -1.434959 -5.843081
-0.786865 -0.920654 -4.000000 -0.523810 -1.273331 -5.786356
-0.781250 -0.921143 -4.000000 -0.484412 -1.108854 -5.728920
-0.780029 -0.924561 -4.000000 -0.452845 -0.988760 -5.700202
-0.783813 -0.921143 -4.000000 -0.446437 -0.954345 -5.711357
-0.784058 -0.920532 -4.000000 -0.445488 -1.007509 -5.736278
-0.781372 -0.913574 -4.000000 -0.433383 -1.111227 -5.770454
-0.787109 -0.919434 -4.000000 -0.398969 -1.237018 -5.812701
-0.781616 -0.917725 -4.000000 -0.384729 -1.328394 -5.857558
-0.785156 -0.916748 -4.000000 -0.376184 -1.391289 -5.860881
-0.782349 -0.915894 -4.000000 -0.364555 -1.415023 -5.832163
-0.790039 -0.914917 -4.000000 -0.343194 -1.398646 -5.801546
-0.784546 -0.918457 -4.000000 -0.302372 -1.346906 -5.762859
-0.777954 -0.919434 -4.000000 -0.290030 -1.324834 -5.734853
-0.779175 -0.916016 -4.000000 -0.297387 -1.335989 -5.731531
-0.786621 -0.916870 -4.000000 -0.308305 -1.370878 -5.756214
-0.786011 -0.921875 -4.000000 -0.324207 -1.423092 -5.797986
-0.782349 -0.919189 -4.000000 -0.339634 -1.463440 -5.838096
-0.786621 -0.911377 -4.000000 -0.365267 -1.494294 -5.861356
-0.791382 -0.919434 -4.000000 -0.372624 -1.490734 -5.870849
-0.780396 -0.914307 -4.000000 -0.360283 -1.473171 -5.869425
-0.784668 -0.918091 -4.000000 -0.337735 -1.440893 -5.862542
-0.785889 -0.915161 -4.000000 -0.313527 -1.410988 -5.825280
-0.785034 -0.919067 -4.000000 -0.303321 -1.388678 -5.800597
-0.782227 -0.913696 -4.000000 -0.292403 -1.374200 -5.788730
-0.782715 -0.918823 -4.000000 -0.291217 -1.391526 -5.797986
-0.786621 -0.910278 -4.000000 -0.316849 -1.415023 -5.817685
-0.788818 -0.918823 -4.000000 -0.320884 -1.416684 -5.834299
-0.785889 -0.916626 -4.000000 -0.342719 -1.431399 -5.853286
-0.785522 -0.918335 -4.000000 -0.359808 -1.468662 -5.887701
-0.786621 -0.919312 -4.000000 -0.368589 -1.509247 -5.920928
-0.783447 -0.923462 -4.000000 -0.375710 -1.530370 -5.931846
-0.786377 -0.921021 -4.000000 -0.363368 -1.504025 -5.903128
-0.789063 -0.920776 -4.000000 -0.338210 -1.461067 -5.871799
-0.781372 -0.917236 -4.000000 -0.302609 -1.409564 -5.842606
-0.790771 -0.920410 -4.000000 -0.286707 -1.360197 -5.812938
-0.783813 -0.915527 -4.000000 -0.289080 -1.345719 -5.813888
-0.787109 -0.916016 -4.000000 -0.308068 -1.366131 -5.829790
-0.783203 -0.918945 -4.000000 -0.317324 -1.386067 -5.843555
-0.785278 -0.917969 -4.000000 -0.327530 -1.399833 -5.849489
-0.777954 -0.912842 -4.000000 -0.338210 -1.403868 -5.844504
-0.778564 -0.917358 -4.000000 -0.341058 -1.415497 -5.841419
-0.784546 -0.910522 -4.000000 -0.331327 -1.419058 -5.840470
-0.792236 -0.916016 -4.000000 -0.316849 -1.417871 -5.836910
-0.785767 -0.919556 -4.000000 -0.303084 -1.406004 -5.819346
-0.790771 -0.920776 -4.000000 -0.292166 -1.384643 -5.816498
-0.783325 -0.919189 -4.000000 -0.317324 -1.386305 -5.810328
-0.779907 -0.910889 -4.000000 -0.360520 -1.392713 -5.814600
-0.785034 -0.914917 -4.000000 -0.399681 -1.394849 -5.821720
-0.785889 -0.920044 -4.000000 -0.430061 -1.386067 -5.829315
-0.786377 -0.915405 -4.000000 -0.438368 -1.388678 -5.841656
-0.792236 -0.914551 -4.000000 -0.430061 -1.410276 -5.857321
-0.794556 -0.912231 -4.000000 -0.392561 -1.415735 -5.871324
-0.780273 -0.925903 -4.000000 -0.371438 -1.414311 -5.859220
-0.793945 -0.920044 -4.000000 -0.364080 -1.396510 -5.838096
-0.788330 -0.913086 -4.000000 -0.342007 -1.380134 -5.827891
-0.792725 -0.922485 -4.000000 -0.327292 -1.366605 -5.809616
-0.792725 -0.921753 -4.000000 -0.320647 -1.364469 -5.798223
-0.784546 -0.915894 -4.000000 -0.329903 -1.376336 -5.802970
-0.781494 -0.910522 -4.000000 -0.335362 -1.401257 -5.811751
-0.781494 -0.920898 -4.000000 -0.340821 -1.422143 -5.835011
