-0.792236 -0.912964 -4.000000 -0.144778 -1.515655 -5.707559
-0.786621 -0.918823 -4.000000 -0.061471 -1.400545 -5.703050
-0.780762 -0.913696 -4.000000 -0.018038 -1.298251 -5.714205
-0.790161 -0.913208 -4.000000 0.066218 -1.224676 -5.714442
-0.786865 -0.919434 -4.000000 0.100870 -1.252682 -5.721799
-0.791382 -0.917725 -4.000000 0.051978 -1.364469 -5.732480
-0.784790 -0.925293 -4.000000 -0.069541 -1.447538 -5.744822
-0.784424 -0.914795 -4.000000 -0.145252 -1.502127 -5.775676
-0.779785 -0.926758 -4.000000 -0.143354 -1.531794 -5.805818
-0.782593 -0.925659 -4.000000 -0.152847 -1.516130 -5.801071
-0.782227 -0.917725 -4.000000 -0.166850 -1.506399 -5.798223
-0.785156 -0.920898 -4.000000 -0.182752 -1.515655 -5.785644
-0.788086 -0.913574 -4.000000 -0.198654 -1.528709 -5.784457
-0.790894 -0.915649 -4.000000 -0.200315 -1.537016 -5.779473
-0.783691 -0.925659 -4.000000 -0.234730 -1.535354 -5.760486
-0.793213 -0.917969 -4.000000 -0.304033 -1.509959 -5.755977
-0.789795 -0.917114 -4.000000 -0.359333 -1.423804 -5.737939
-0.789673 -0.912231 -4.000000 -0.413921 -1.345957 -5.736989
-0.782837 -0.914063 -4.000000 -0.497228 -1.305846 -5.737701
-0.780762 -0.915771 -4.000000 -0.623730 -1.292793 -5.757875
-0.788208 -0.913574 -4.000000 -0.748571 -1.317476 -5.758112
-0.791138 -0.914795 -4.000000 -0.860359 -1.378710 -5.755265
-0.791870 -0.920654 -4.000000 -0.920880 -1.431874 -5.728445
-0.784546 -0.918335 -4.000000 -0.955295 -1.494294 -5.710645
-0.784180 -0.919922 -4.000000 -0.953159 -1.533693 -5.688097
-0.784424 -0.916138 -4.000000 -0.925152 -1.532269 -5.659142
-0.784058 -0.918091 -4.000000 -0.947937 -1.507111 -5.606215
-0.783203 -0.920776 -4.000000 -1.006323 -1.401494 -5.554475
-0.786255 -0.916992 -4.000000 -0.995405 -1.280451 -5.518162
-0.783447 -0.917480 -4.000000 -0.982351 -1.242239 -5.514127
-0.788696 -0.919556 -4.000000 -1.092715 -1.341922 -5.536911
-0.784424 -0.919189 -4.000000 -1.225388 -1.469611 -5.547592
-0.784668 -0.913940 -4.000000 -1.291606 -1.544136 -5.554000
-0.785645 -0.912842 -4.000000 -1.303948 -1.550307 -5.570139
-0.781616 -0.919678 -4.000000 -1.319375 -1.499991 -5.598620
-0.794312 -0.922241 -4.000000 -1.298251 -1.384406 -5.610961
-0.783936 -0.916992 -4.000000 -1.228948 -1.251970 -5.628287
-0.789795 -0.919678 -4.000000 -1.174360 -1.157983 -5.630424
-0.785767 -0.911011 -4.000000 -1.114313 -1.113363 -5.639205
-0.783569 -0.918213 -4.000000 -1.092715 -1.112651 -5.680977
-0.784912 -0.916504 -4.000000 -1.093427 -1.119297 -5.719189
-0.779053 -0.921021 -4.000000 -1.073253 -1.153948 -5.752891
-0.780762 -0.918701 -4.000000 -1.040974 -1.230372 -5.762385
-0.786011 -0.915039 -4.000000 -0.974757 -1.302998 -5.780897
-0.782104 -0.919067 -4.000000 -0.854900 -1.349754 -5.784220
-0.781738 -0.914307 -4.000000 -0.717005 -1.372539 -5.768081
-0.789795 -0.919678 -4.000000 -0.580772 -1.365181 -5.758587
-0.782471 -0.913818 -4.000000 -0.478715 -1.354501 -5.755502
-0.787720 -0.916016 -4.000000 -0.429111 -1.362808 -5.767606
-0.785034 -0.920776 -4.000000 -0.403478 -1.373251 -5.786831
-0.791748 -0.916748 -4.000000 -0.395409 -1.380371 -5.799647
-0.785400 -0.916138 -4.000000 -0.379982 -1.417159 -5.813176
-0.787476 -0.914917 -4.000000 -0.376896 -1.458456 -5.820770
-0.789307 -0.923096 -4.000000 -0.366928 -1.489785 -5.832875
-0.780396 -0.907959 -4.000000 -0.335836 -1.499753 -5.839758
-0.788696 -0.921509 -4.000000 -0.294065 -1.488361 -5.844979
-0.783325 -0.920654 -4.000000 -0.261312 -1.462253 -5.844504
-0.784912 -0.919189 -4.000000 -0.232356 -1.420482 -5.837384
-0.783813 -0.917847 -4.000000 -0.205299 -1.403393 -5.839758
-0.783203 -0.919312 -4.000000 -0.194144 -1.393662 -5.843318
-0.788330 -0.917480 -4.000000 -0.196755 -1.393188 -5.848539
-0.782593 -0.921753 -4.000000 -0.206249 -1.400782 -5.841656
-0.781128 -0.917969 -4.000000 -0.198416 -1.409089 -5.859220
-0.784790 -0.924194 -4.000000 -0.192958 -1.420956 -5.857796
-0.784424 -0.916748 -4.000000 -0.189398 -1.432349 -5.854948
-0.782959 -0.923462 -4.000000 -0.193195 -1.438282 -5.834299
-0.788818 -0.919312 -4.000000 -0.172784 -1.410751 -5.812701
-0.788086 -0.914917 -4.000000 -0.127689 -1.370878 -5.793951
-0.788696 -0.915527 -4.000000 -0.099920 -1.344058 -5.784457
-0.783813 -0.914185 -4.000000 -0.104192 -1.340735 -5.775913
-0.783447 -0.922607 -4.000000 -0.124366 -1.353552 -5.770454
-0.786133 -0.921631 -4.000000 -0.145964 -1.366131 -5.759299
-0.790039 -0.915649 -4.000000 -0.177768 -1.373013 -5.752179
-0.788696 -0.914307 -4.000000 -0.214318 -1.383219 -5.730344
-0.785034 -0.915405 -4.000000 -0.235204 -1.373963 -5.709695
-0.787476 -0.914307 -4.000000 -0.235442 -1.332903 -5.684537
-0.784668 -0.924194 -4.000000 -0.200790 -1.268109 -5.671958
-0.790649 -0.913574 -4.000000 -0.171597 -1.210910 -5.657955
-0.788330 -0.916504 -4.000000 -0.159018 -1.155135 -5.625677
-0.786499 -0.916138 -4.000000 -0.183701 -1.127366 -5.611911
-0.794678 -0.922852 -4.000000 -0.236154 -1.168189 -5.581294
-0.789185 -0.915039 -4.000000 -0.293115 -1.220404 -5.563968
-0.786621 -0.919312 -4.000000 -0.323020 -1.218505 -5.572038
-0.793335 -0.922852 -4.000000 -0.320172 -1.170325 -5.573699
-0.785889 -0.920654 -4.000000 -0.276264 -1.111702 -5.588414
-0.788574 -0.923584 -4.000000 -0.224761 -1.058300 -5.571563
-0.789551 -0.921875 -4.000000 -0.167562 -1.069693 -5.492766
-0.784668 -0.920044 -4.000000 -0.135521 -1.194771 -5.382165
-0.784668 -0.916138 -4.000000 -0.167088 -1.354738 -5.300046
-0.782471 -0.916748 -4.000000 -0.213844 -1.471272 -5.282245
-0.790283 -0.915039 -4.000000 -0.253242 -1.657347 -5.334698
-0.789795 -0.919067 -4.000000 -0.364317 -1.828944 -5.374808
-0.784302 -0.915283 -4.000000 -0.504348 -1.948089 -5.391184
-0.779419 -0.912842 -4.000000 -0.618983 -1.936459 -5.402814
-0.790283 -0.914795 -4.000000 -0.660043 -1.791682 -5.391184
-0.781738 -0.910522 -4.000000 -0.586943 -1.565734 -5.388811
-0.783691 -0.910522 -4.000000 -0.440266 -1.358061 -5.383590
-0.787964 -0.918457 -4.000000 -0.363131 -1.276416 -5.385963
-0.791260 -0.912476 -4.000000 -0.389950 -1.283299 -5.417767
-0.786255 -0.917969 -4.000000 -0.432909 -1.311542 -5.457640
-0.786377 -0.920044 -4.000000 -0.474206 -1.331479 -5.511991
-0.777344 -0.924194 -4.000000 -0.542560 -1.322223 -5.604316
-0.790649 -0.917480 -4.000000 -0.598335 -1.322223 -5.651784
-0.785522 -0.912842 -4.000000 -0.595249 -1.362808 -5.705423
-0.785645 -0.916382 -4.000000 -0.576737 -1.443266 -5.750280
-0.784180 -0.912231 -4.000000 -0.524759 -1.513994 -5.770929
-0.786499 -0.917847 -4.000000 -0.454507 -1.520402 -5.773777
-0.776245 -0.921265 -4.000000 -0.355298 -1.480529 -5.755977
-0.779785 -0.921021 -4.000000 -0.261786 -1.399596 -5.749331
-0.784912 -0.914307 -4.000000 -0.212182 -1.326020 -5.742211
-0.782593 -0.914551 -4.000000 -0.201739 -1.286622 -5.755739
-0.783447 -0.918823 -4.000000 -0.231407 -1.305846 -5.772353
-0.779053 -0.916870 -4.000000 -0.271280 -1.382033 -5.789916
-0.788330 -0.913696 -4.000000 -0.309492 -1.471747 -5.818160
-0.791016 -0.921753 -4.000000 -0.337498 -1.520164 -5.818160
-0.790894 -0.919434 -4.000000 -0.327767 -1.516130 -5.807479
-0.789795 -0.917603 -4.000000 -0.306169 -1.448962 -5.782796
-0.785400 -0.918579 -4.000000 -0.279112 -1.347855 -5.761436
-0.787842 -0.920776 -4.000000 -0.258938 -1.300387 -5.747432
-0.788940 -0.920288 -4.000000 -0.289080 -1.326970 -5.766419
-0.781982 -0.920776 -4.000000 -0.307356 -1.389627 -5.794663
-0.789307 -0.918945 -4.000000 -0.328242 -1.447776 -5.812938
-0.785400 -0.909790 -4.000000 -0.338922 -1.476494 -5.814837
-0.786743 -0.918091 -4.000000 -0.340821 -1.473646 -5.805343
-0.791992 -0.916992 -4.000000 -0.333226 -1.461067 -5.784457
-0.783081 -0.916992 -4.000000 -0.339634 -1.440893 -5.774252
-0.786621 -0.918091 -4.000000 -0.342482 -1.417396 -5.764046
-0.782593 -0.916748 -4.000000 -0.346279 -1.413361 -5.766182
-0.780762 -0.919312 -4.000000 -0.350552 -1.372064 -5.761673
-0.776855 -0.916260 -4.000000 -0.343906 -1.325071 -5.758112
-0.784912 -0.915039 -4.000000 -0.347229 -1.289944 -5.756214
-0.790283 -0.915039 -4.000000 -0.350552 -1.287571 -5.748619
-0.788574 -0.914307 -4.000000 -0.359571 -1.308694 -5.757401
-0.797852 -0.914795 -4.000000 -0.383542 -1.342397 -5.753129
-0.786621 -0.914917 -4.000000 -0.398732 -1.367792 -5.750755
-0.784912 -0.918335 -4.000000 -0.391137 -1.375387 -5.759774
-0.784668 -0.920044 -4.000000 -0.383305 -1.367555 -5.763809
-0.781860 -0.918579 -4.000000 -0.373099 -1.347143 -5.757638
-0.782837 -0.916138 -4.000000 -0.355298 -1.335039 -5.749094
-0.787231 -0.912964 -4.000000 -0.359096 -1.340498 -5.739600
-0.783081 -0.913208 -4.000000 -0.354586 -1.345482 -5.743160
-0.787109 -0.913818 -4.000000 -0.351026 -1.359485 -5.749094
-0.787354 -0.920776 -4.000000 -0.342007 -1.364469 -5.752179
-0.786743 -0.921509 -4.000000 -0.347466 -1.373726 -5.754078
-0.790405 -0.921021 -4.000000 -0.354586 -1.385830 -5.758587
-0.783936 -0.919678 -4.000000 -0.360520 -1.394611 -5.762385
-0.779663 -0.918457 -4.000000 -0.362419 -1.390339 -5.762147
-0.785156 -0.910278 -4.000000 -0.354349 -1.373251 -5.750518
-0.787476 -0.914673 -4.000000 -0.343194 -1.355213 -5.748619
-0.786865 -0.917603 -4.000000 -0.325631 -1.345719 -5.763809
