-0.786499 -0.927124 -4.000000 -0.056012 -1.557664 -5.649648
-0.784180 -0.914063 -4.000000 -0.067879 -1.573566 -5.646800
-0.786377 -0.916748 -4.000000 -0.118433 -1.536304 -5.683351
-0.788696 -0.913696 -4.000000 -0.148575 -1.465576 -5.699252
-0.780640 -0.915039 -4.000000 -0.146439 -1.359485 -5.720613
-0.783081 -0.917480 -4.000000 -0.124604 -1.268584 -5.757401
-0.781250 -0.922363 -4.000000 -0.116534 -1.247698 -5.796087
-0.784058 -0.918945 -4.000000 -0.114161 -1.299438 -5.810565
-0.783203 -0.918823 -4.000000 -0.163053 -1.360435 -5.825280
-0.784912 -0.915771 -4.000000 -0.199128 -1.408140 -5.842369
-0.784180 -0.917603 -4.000000 -0.191059 -1.444928 -5.840232
-0.784912 -0.915527 -4.000000 -0.195806 -1.487649 -5.851150
-0.787109 -0.922729 -4.000000 -0.231881 -1.512807 -5.831213
-0.790039 -0.916992 -4.000000 -0.278400 -1.501177 -5.803682
-0.796021 -0.913208 -4.000000 -0.308780 -1.458219 -5.788018
-0.785034 -0.925903 -4.000000 -0.362419 -1.410751 -5.777812
-0.782227 -0.910522 -4.000000 -0.421516 -1.384169 -5.767844
-0.781250 -0.913574 -4.000000 -0.483700 -1.405766 -5.758350
-0.785400 -0.913818 -4.000000 -0.547544 -1.420482 -5.751230
-0.785645 -0.911133 -4.000000 -0.608066 -1.425940 -5.748144
-0.784302 -0.913208 -4.000000 -0.673097 -1.511383 -5.740550
-0.790039 -0.915649 -4.000000 -0.803397 -1.677284 -5.728208
-0.788208 -0.915283 -4.000000 -0.956956 -1.840099 -5.701388
-0.790283 -0.916626 -4.000000 -1.013918 -1.864783 -5.681926
-0.782349 -0.915527 -4.000000 -0.934409 -1.762726 -5.648936
-0.781982 -0.917847 -4.000000 -0.829030 -1.631477 -5.625202
-0.785522 -0.919189 -4.000000 -0.800311 -1.533218 -5.575835
-0.778076 -0.917358 -4.000000 -0.831166 -1.455845 -5.525044
-0.784180 -0.918945 -4.000000 -0.890738 -1.349042 -5.507481
-0.783203 -0.917603 -4.000000 -0.953159 -1.215420 -5.522671
-0.785522 -0.916992 -4.000000 -1.046433 -1.169138 -5.562782
-0.782959 -0.916382 -4.000000 -1.217556 -1.246274 -5.615708
-0.784180 -0.918457 -4.000000 -1.376574 -1.393662 -5.658192
-0.786377 -0.919189 -4.000000 -1.463678 -1.517316 -5.673145
-0.787231 -0.922852 -4.000000 -1.459643 -1.543661 -5.657718
-0.786377 -0.919556 -4.000000 -1.392475 -1.493108 -5.647038
-0.797485 -0.920166 -4.000000 -1.280688 -1.407428 -5.629712
-0.792603 -0.916260 -4.000000 -1.165103 -1.309406 -5.611674
-0.786987 -0.920532 -4.000000 -1.072066 -1.230847 -5.600993
-0.787964 -0.916138 -4.000000 -1.012968 -1.217793 -5.608114
-0.781494 -0.913452 -4.000000 -0.976893 -1.270245 -5.646326
-0.788086 -0.911865 -4.000000 -0.960516 -1.347143 -5.699964
-0.790283 -0.918091 -4.000000 -0.930374 -1.442792 -5.766894
-0.785278 -0.921143 -4.000000 -0.866767 -1.521589 -5.798935
-0.784912 -0.917480 -4.000000 -0.786308 -1.527759 -5.807479
-0.784302 -0.912109 -4.000000 -0.695407 -1.473883 -5.803682
-0.784302 -0.919678 -4.000000 -0.587180 -1.402918 -5.784457
-0.784302 -0.918945 -4.000000 -0.500788 -1.315340 -5.777575
-0.787598 -0.914307 -4.000000 -0.445013 -1.231796 -5.788730
-0.785889 -0.913818 -4.000000 -0.410836 -1.200467 -5.796087
-0.783691 -0.922974 -4.000000 -0.399918 -1.229185 -5.821245
-0.783813 -0.923950 -4.000000 -0.420092 -1.278552 -5.852337
-0.786987 -0.916870 -4.000000 -0.426738 -1.325308 -5.873460
-0.785767 -0.912354 -4.000000 -0.400868 -1.356162 -5.890786
-0.782959 -0.913940 -4.000000 -0.354824 -1.332428 -5.909298
-0.781982 -0.915405 -4.000000 -0.302134 -1.266210 -5.913333
-0.786621 -0.910522 -4.000000 -0.259413 -1.193110 -5.909298
-0.784424 -0.919067 -4.000000 -0.234018 -1.133062 -5.917130
-0.784180 -0.916382 -4.000000 -0.248733 -1.111939 -5.922589
-0.787598 -0.914673 -4.000000 -0.288368 -1.154898 -5.919029
-0.782593 -0.909058 -4.000000 -0.332751 -1.237492 -5.893871
-0.793823 -0.913330 -4.000000 -0.370014 -1.329343 -5.882716
-0.784302 -0.916260 -4.000000 -0.399444 -1.398409 -5.852811
-0.785522 -0.920410 -4.000000 -0.400156 -1.421431 -5.803919
-0.783203 -0.921509 -4.000000 -0.365504 -1.436146 -5.711831
-0.788330 -0.922974 -4.000000 -0.290267 -1.431162 -5.613810
-0.787964 -0.916382 -4.000000 -0.185125 -1.419770 -5.528605
-0.790283 -0.916382 -4.000000 -0.081882 -1.414785 -5.464997
-0.787476 -0.920166 -4.000000 0.029193 -1.404342 -5.404001
-0.785400 -0.917358 -4.000000 0.126740 -1.389627 -5.324729
-0.787109 -0.915649 -4.000000 0.186312 -1.375624 -5.228844
-0.784668 -0.919067 -4.000000 0.176581 -1.366605 -5.162863
-0.792725 -0.918213 -4.000000 0.126265 -1.382270 -5.146249
-0.784546 -0.909424 -4.000000 0.073575 -1.415972 -5.167135
-0.780518 -0.918823 -4.000000 0.002373 -1.410039 -5.200838
-0.781738 -0.922852 -4.000000 -0.059810 -1.421194 -5.231692
-0.789795 -0.913574 -4.000000 -0.080696 -1.373013 -5.278448
-0.787842 -0.919922 -4.000000 -0.145964 -1.285672 -5.264445
-0.782837 -0.916748 -4.000000 -0.183701 -1.246274 -5.209382
-0.778076 -0.915039 -4.000000 -0.209571 -1.239866 -5.206296
-0.790771 -0.924683 -4.000000 -0.259176 -1.272381 -5.282483
-0.786621 -0.925537 -4.000000 -0.415345 -1.361384 -5.335884
-0.786987 -0.919434 -4.000000 -0.538525 -1.497617 -5.403051
-0.785645 -0.916626 -4.000000 -0.581484 -1.621746 -5.483510
-0.782837 -0.916504 -4.000000 -0.555614 -1.684879 -5.558984
-0.781128 -0.918335 -4.000000 -0.473969 -1.706239 -5.602180
-0.783081 -0.916016 -4.000000 -0.321359 -1.632189 -5.601468
-0.786011 -0.919312 -4.000000 -0.226660 -1.534642 -5.554712
-0.786865 -0.920288 -4.000000 -0.238764 -1.478393 -5.529079
-0.788086 -0.920410 -4.000000 -0.290979 -1.433535 -5.547592
-0.786743 -0.916260 -4.000000 -0.304508 -1.401494 -5.576073
-0.791260 -0.914795 -4.000000 -0.249919 -1.350466 -5.623541
-0.784912 -0.915649 -4.000000 -0.193432 -1.302998 -5.657480
-0.786011 -0.913574 -4.000000 -0.178955 -1.255767 -5.671958
-0.783447 -0.915405 -4.000000 -0.224999 -1.224913 -5.689284
-0.782837 -0.919067 -4.000000 -0.316612 -1.228236 -5.707322
-0.783691 -0.912354 -4.000000 -0.424364 -1.293267 -5.742448
-0.781372 -0.916260 -4.000000 -0.521199 -1.393899 -5.770692
-0.784180 -0.922974 -4.000000 -0.564633 -1.456557 -5.786356
-0.784668 -0.918457 -4.000000 -0.523098 -1.456795 -5.793477
-0.784790 -0.921387 -4.000000 -0.431485 -1.393188 -5.788018
-0.786987 -0.919312 -4.000000 -0.322783 -1.301811 -5.788492
-0.783203 -0.919312 -4.000000 -0.253479 -1.232983 -5.782796
-0.787231 -0.919800 -4.000000 -0.213844 -1.240103 -5.769742
-0.786133 -0.919189 -4.000000 -0.218590 -1.309406 -5.751467
-0.784912 -0.921509 -4.000000 -0.277925 -1.360909 -5.745296
-0.784302 -0.916260 -4.000000 -0.321359 -1.378472 -5.762385
-0.785156 -0.921387 -4.000000 -0.337973 -1.390339 -5.781610
-0.790649 -0.916138 -4.000000 -0.350552 -1.391763 -5.794663
-0.783203 -0.915527 -4.000000 -0.367165 -1.392713 -5.803682
-0.789429 -0.918213 -4.000000 -0.377371 -1.398646 -5.816973
-0.781616 -0.927490 -4.000000 -0.377134 -1.375150 -5.830264
-0.793457 -0.921875 -4.000000 -0.347229 -1.341210 -5.837622
-0.779663 -0.921753 -4.000000 -0.314476 -1.339786 -5.838571
-0.785767 -0.914917 -4.000000 -0.309492 -1.366368 -5.839046
-0.783325 -0.919678 -4.000000 -0.310204 -1.398409 -5.826229
-0.784546 -0.916138 -4.000000 -0.328004 -1.425703 -5.843081
-0.784668 -0.916504 -4.000000 -0.353637 -1.434722 -5.839758
-0.791748 -0.921753 -4.000000 -0.362181 -1.403868 -5.823618
-0.780640 -0.915527 -4.000000 -0.341533 -1.335514 -5.804394
-0.793457 -0.921997 -4.000000 -0.306406 -1.283536 -5.789679
-0.783691 -0.915405 -4.000000 -0.284571 -1.274517 -5.817448
-0.788818 -0.919434 -4.000000 -0.275789 -1.289470 -5.817685
-0.781616 -0.921509 -4.000000 -0.274603 -1.326257 -5.821008
-0.791504 -0.912964 -4.000000 -0.296675 -1.370403 -5.817923
-0.786865 -0.913452 -4.000000 -0.314713 -1.382745 -5.815786
-0.780640 -0.914673 -4.000000 -0.297387 -1.343821 -5.806056
-0.782349 -0.912476 -4.000000 -0.264872 -1.302761 -5.790628
-0.779175 -0.927979 -4.000000 -0.239239 -1.293979 -5.789204
-0.783081 -0.920166 -4.000000 -0.237578 -1.323409 -5.807242
-0.779907 -0.906372 -4.000000 -0.269856 -1.363045 -5.811514
-0.793823 -0.911133 -4.000000 -0.305457 -1.404105 -5.803445
-0.782471 -0.918213 -4.000000 -0.337498 -1.424516 -5.801071
-0.783203 -0.917847 -4.000000 -0.367640 -1.421906 -5.802258
-0.792969 -0.919922 -4.000000 -0.389950 -1.436383 -5.802970
-0.786499 -0.921265 -4.000000 -0.384491 -1.430450 -5.797511
-0.787231 -0.920044 -4.000000 -0.357909 -1.414311 -5.787543
-0.789673 -0.918701 -4.000000 -0.333226 -1.400782 -5.776388
-0.782349 -0.920288 -4.000000 -0.320409 -1.383219 -5.756926
-0.787720 -0.915283 -4.000000 -0.315663 -1.359248 -5.752654
-0.783447 -0.919800 -4.000000 -0.311865 -1.345007 -5.752417
-0.790649 -0.917236 -4.000000 -0.317799 -1.356874 -5.755502
-0.784302 -0.925171 -4.000000 -0.337973 -1.373726 -5.764046
-0.783325 -0.921875 -4.000000 -0.352925 -1.393662 -5.760724
-0.784302 -0.916016 -4.000000 -0.350314 -1.411700 -5.756451
-0.793213 -0.917114 -4.000000 -0.337023 -1.401020 -5.758350
-0.792969 -0.913330 -4.000000 -0.311153 -1.382033 -5.770217
-0.786133 -0.918945 -4.000000 -0.316375 -1.380134 -5.769979
-0.785767 -0.918945 -4.000000 -0.325868 -1.384643 -5.772353
-0.784058 -0.921143 -4.000000 -0.341533 -1.391526 -5.776863
