-0.790283 -0.918823 -4.000000 -0.307830 -1.495006 -5.803682
-0.794312 -0.915649 -4.000000 -0.406801 -1.502601 -5.835485
-0.793579 -0.911377 -4.000000 -0.464238 -1.497617 -5.877020
-0.783081 -0.914551 -4.000000 -0.510282 -1.525386 -5.901703
-0.784668 -0.911987 -4.000000 -0.548256 -1.572379 -5.925675
-0.782959 -0.924805 -4.000000 -0.524522 -1.588519 -5.914995
-0.783691 -0.916382 -4.000000 -0.476342 -1.572142 -5.881530
-0.791504 -0.910156 -4.000000 -0.422466 -1.531082 -5.825280
-0.787476 -0.914917 -4.000000 -0.391849 -1.482902 -5.768081
-0.783569 -0.920288 -4.000000 -0.368827 -1.431637 -5.753840
-0.789673 -0.921997 -4.000000 -0.354586 -1.388678 -5.766182
-0.778198 -0.912109 -4.000000 -0.389950 -1.360197 -5.784932
-0.779785 -0.916626 -4.000000 -0.428874 -1.335039 -5.791103
-0.779053 -0.919800 -4.000000 -0.468984 -1.322935 -5.808191
-0.784424 -0.910034 -4.000000 -0.531168 -1.313916 -5.808191
-0.789551 -0.914551 -4.000000 -0.559648 -1.296115 -5.821245
-0.788452 -0.919556 -4.000000 -0.608778 -1.294929 -5.826467
-0.795776 -0.916870 -4.000000 -0.649600 -1.319375 -5.858033
-0.791382 -0.917847 -4.000000 -0.690423 -1.365893 -5.878682
-0.784546 -0.917847 -4.000000 -0.712733 -1.411700 -5.893634
-0.782593 -0.915039 -4.000000 -0.739790 -1.417396 -5.864916
-0.784180 -0.916870 -4.000000 -0.740264 -1.407903 -5.810802
-0.788452 -0.918091 -4.000000 -0.747147 -1.387017 -5.750280
-0.787720 -0.915039 -4.000000 -0.817400 -1.386542 -5.683825
-0.787842 -0.914185 -4.000000 -0.895485 -1.380371 -5.654632
-0.786499 -0.917969 -4.000000 -0.964314 -1.387017 -5.665787
-0.786621 -0.913818 -4.000000 -1.031006 -1.418583 -5.680740
-0.790405 -0.910400 -4.000000 -1.033854 -1.447064 -5.685012
-0.790527 -0.920776 -4.000000 -0.999203 -1.504263 -5.705898
-0.783813 -0.920410 -4.000000 -0.948649 -1.561936 -5.703762
-0.784180 -0.912476 -4.000000 -0.927526 -1.616525 -5.689284
-0.781738 -0.909424 -4.000000 -0.945801 -1.661382 -5.716815
-0.789917 -0.912842 -4.000000 -1.009883 -1.655923 -5.756926
-0.782471 -0.912720 -4.000000 -1.104107 -1.553867 -5.764284
-0.785522 -0.916138 -4.000000 -1.151575 -1.421668 -5.702100
-0.791504 -0.916870 -4.000000 -1.151575 -1.345719 -5.723224
-0.784546 -0.910767 -4.000000 -1.126180 -1.343821 -5.771404
-0.788330 -0.918945 -4.000000 -1.044060 -1.396748 -5.846641
-0.787720 -0.904785 -4.000000 -0.973570 -1.499753 -5.890311
-0.791870 -0.915649 -4.000000 -0.985912 -1.561462 -5.887701
-0.787598 -0.923218 -4.000000 -0.993032 -1.561224 -5.885564
-0.784912 -0.911987 -4.000000 -0.928950 -1.493582 -5.821720
-0.788208 -0.916504 -4.000000 -0.853950 -1.382507 -5.732005
-0.794678 -0.917725 -4.000000 -0.745011 -1.263600 -5.658905
-0.787109 -0.915649 -4.000000 -0.651736 -1.171986 -5.636594
-0.787476 -0.913696 -4.000000 -0.598098 -1.163917 -5.656056
-0.790283 -0.919800 -4.000000 -0.642243 -1.231796 -5.706372
-0.786499 -0.924072 -4.000000 -0.724600 -1.306558 -5.751942
-0.786011 -0.924072 -4.000000 -0.800074 -1.356874 -5.779236
-0.791748 -0.913574 -4.000000 -0.827368 -1.406241 -5.742685
-0.783691 -0.913574 -4.000000 -0.709173 -1.408377 -5.775201
-0.786621 -0.906738 -4.000000 -0.603319 -1.455371 -5.784220
-0.785156 -0.920654 -4.000000 -0.539474 -1.511383 -5.771166
-0.789795 -0.919556 -4.000000 -0.466848 -1.527285 -5.734379
-0.788086 -0.918701 -4.000000 -0.414159 -1.509959 -5.731768
-0.791748 -0.912964 -4.000000 -0.374048 -1.478630 -5.729869
-0.791992 -0.916992 -4.000000 -0.349365 -1.447301 -5.747907
-0.782349 -0.909058 -4.000000 -0.328242 -1.418583 -5.762147
-0.789551 -0.906494 -4.000000 -0.318511 -1.418108 -5.792290
-0.784790 -0.922119 -4.000000 -0.276739 -1.415735 -5.808191
-0.784668 -0.924072 -4.000000 -0.220489 -1.414785 -5.806056
-0.783813 -0.918701 -4.000000 -0.177293 -1.414785 -5.793477
-0.783325 -0.914551 -4.000000 -0.148338 -1.408377 -5.805818
-0.784912 -0.913086 -4.000000 -0.140505 -1.416447 -5.814125
-0.793701 -0.916260 -4.000000 -0.136471 -1.418820 -5.833350
-0.784058 -0.919067 -4.000000 -0.126740 -1.415023 -5.850201
-0.782959 -0.917969 -4.000000 -0.126265 -1.408615 -5.840232
-0.782227 -0.914795 -4.000000 -0.147151 -1.386305 -5.820533
-0.786865 -0.917480 -4.000000 -0.181565 -1.363995 -5.778524
-0.777344 -0.916748 -4.000000 -0.200553 -1.347143 -5.776151
-0.788330 -0.912476 -4.000000 -0.220726 -1.361859 -5.772828
-0.785156 -0.912964 -4.000000 -0.253005 -1.391289 -5.781135
-0.786133 -0.916382 -4.000000 -0.278400 -1.406716 -5.783271
-0.782593 -0.923340 -4.000000 -0.290030 -1.409089 -5.758112
-0.790894 -0.916992 -4.000000 -0.287419 -1.402444 -5.725597
-0.790283 -0.912720 -4.000000 -0.269381 -1.384881 -5.693793
-0.786499 -0.918945 -4.000000 -0.243274 -1.360435 -5.666974
-0.782593 -0.923950 -4.000000 -0.221201 -1.353552 -5.633746
-0.788696 -0.915527 -4.000000 -0.217166 -1.364707 -5.616183
-0.788696 -0.917603 -4.000000 -0.235916 -1.374438 -5.592924
-0.782104 -0.911133 -4.000000 -0.245173 -1.377760 -5.581532
-0.783447 -0.914673 -4.000000 -0.276739 -1.410988 -5.602180
-0.782104 -0.920532 -4.000000 -0.333938 -1.451810 -5.624490
-0.789795 -0.916504 -4.000000 -0.339159 -1.478867 -5.560171
-0.784790 -0.925171 -4.000000 -0.296675 -1.459880 -5.473304
-0.781616 -0.918823 -4.000000 -0.262498 -1.405292 -5.432007
-0.775879 -0.921021 -4.000000 -0.255615 -1.354976 -5.431770
-0.785522 -0.922241 -4.000000 -0.292641 -1.325783 -5.470219
-0.780884 -0.915894 -4.000000 -0.407513 -1.295641 -5.518162
-0.783081 -0.925293 -4.000000 -0.524759 -1.211622 -5.503447
-0.786987 -0.924561 -4.000000 -0.512892 -1.132113 -5.500836
-0.790283 -0.920776 -4.000000 -0.453795 -1.125705 -5.540234
-0.786011 -0.914063 -4.000000 -0.374286 -1.174360 -5.576073
-0.787842 -0.914307 -4.000000 -0.345567 -1.256717 -5.637069
-0.789063 -0.916260 -4.000000 -0.388763 -1.313679 -5.665550
-0.780884 -0.917725 -4.000000 -0.407751 -1.308694 -5.658430
-0.786743 -0.914185 -4.000000 -0.425788 -1.256242 -5.640629
-0.778442 -0.914063 -4.000000 -0.404665 -1.181480 -5.614759
-0.786377 -0.918823 -4.000000 -0.381406 -1.120246 -5.591737
-0.781982 -0.913940 -4.000000 -0.405377 -1.108854 -5.614996
-0.777344 -0.919312 -4.000000 -0.448098 -1.118347 -5.652259
-0.789063 -0.914551 -4.000000 -0.449285 -1.130214 -5.693081
-0.785767 -0.922485 -4.000000 -0.440978 -1.157034 -5.718952
-0.782837 -0.914551 -4.000000 -0.425788 -1.198331 -5.745296
-0.784180 -0.913940 -4.000000 -0.414159 -1.253394 -5.773303
-0.780151 -0.918701 -4.000000 -0.436706 -1.319375 -5.807005
-0.781982 -0.913086 -4.000000 -0.498889 -1.353789 -5.823856
-0.791626 -0.919434 -4.000000 -0.502687 -1.336463 -5.812226
-0.778076 -0.914795 -4.000000 -0.469696 -1.298251 -5.801071
-0.786133 -0.918579 -4.000000 -0.421042 -1.287096 -5.803919
-0.775391 -0.911255 -4.000000 -0.379032 -1.282824 -5.814363
-0.792969 -0.913696 -4.000000 -0.344618 -1.287808 -5.816973
-0.782715 -0.914185 -4.000000 -0.324207 -1.306084 -5.826467
-0.790161 -0.914673 -4.000000 -0.300710 -1.322223 -5.829315
-0.784668 -0.919067 -4.000000 -0.277213 -1.333615 -5.820296
-0.784546 -0.921021 -4.000000 -0.286232 -1.348567 -5.822432
-0.786133 -0.920410 -4.000000 -0.326106 -1.349042 -5.811514
-0.788330 -0.921753 -4.000000 -0.337498 -1.345719 -5.803682
-0.783813 -0.915649 -4.000000 -0.354112 -1.359485 -5.806530
-0.789917 -0.916870 -4.000000 -0.352213 -1.389865 -5.825517
-0.790283 -0.908569 -4.000000 -0.339397 -1.431874 -5.850201
-0.789307 -0.918701 -4.000000 -0.334175 -1.483851 -5.849963
-0.782715 -0.916504 -4.000000 -0.338685 -1.504500 -5.848777
-0.789429 -0.920166 -4.000000 -0.322783 -1.489548 -5.826467
-0.785278 -0.920166 -4.000000 -0.268432 -1.442080 -5.804394
-0.789551 -0.923828 -4.000000 -0.243036 -1.414548 -5.789442
-0.784790 -0.907837 -4.000000 -0.232119 -1.401020 -5.788730
-0.787354 -0.918945 -4.000000 -0.228559 -1.401969 -5.795138
-0.791016 -0.923096 -4.000000 -0.251106 -1.419058 -5.805106
-0.788330 -0.914063 -4.000000 -0.263685 -1.419532 -5.806293
-0.783447 -0.918701 -4.000000 -0.259650 -1.425466 -5.808429
-0.788452 -0.921997 -4.000000 -0.269381 -1.447064 -5.812226
-0.787354 -0.920044 -4.000000 -0.269381 -1.469136 -5.830027
-0.785889 -0.915894 -4.000000 -0.278400 -1.462728 -5.834536
-0.789185 -0.917725 -4.000000 -0.282672 -1.424516 -5.816736
-0.786987 -0.915283 -4.000000 -0.258464 -1.397222 -5.800359
-0.781982 -0.913818 -4.000000 -0.221676 -1.361859 -5.795138
-0.789551 -0.909302 -4.000000 -0.214793 -1.358061 -5.789916
-0.791992 -0.921021 -4.000000 -0.225236 -1.370403 -5.795850
-0.787964 -0.914917 -4.000000 -0.258701 -1.397934 -5.801546
-0.781738 -0.912964 -4.000000 -0.281248 -1.413361 -5.816024
-0.787964 -0.913208 -4.000000 -0.306644 -1.430450 -5.830502
-0.780151 -0.916504 -4.000000 -0.318036 -1.443504 -5.838096
-0.781494 -0.922119 -4.000000 -0.313289 -1.445402 -5.839758
-0.787964 -0.913330 -4.000000 -0.321833 -1.434247 -5.841419
-0.787964 -0.921387 -4.000000 -0.320884 -1.410039 -5.826941
-0.786987 -0.913208 -4.000000 -0.320647 -1.377998 -5.800834
-0.779541 -0.911377 -4.000000 -0.331090 -1.348805 -5.772591
-0.787231 -0.920288 -4.000000 -0.338685 -1.345482 -5.756926
-0.788086 -0.908936 -4.000000 -0.362893 -1.391289 -5.767844
