-0.789917 -0.921021 -4.000000 -0.327530 -1.533693 -5.845691
-0.783569 -0.914063 -4.000000 -0.322545 -1.587094 -5.831688
-0.777100 -0.921021 -4.000000 -0.363131 -1.637648 -5.824568
-0.781128 -0.925415 -4.000000 -0.412023 -1.632901 -5.826941
-0.784546 -0.921143 -4.000000 -0.460203 -1.560512 -5.804869
-0.782349 -0.914917 -4.000000 -0.463051 -1.443741 -5.850438
-0.786743 -0.917114 -4.000000 -0.451421 -1.390102 -5.900754
-0.786499 -0.915771 -4.000000 -0.447149 -1.356162 -5.855659
-0.786987 -0.913452 -4.000000 -0.389713 -1.295641 -5.855185
-0.782715 -0.918091 -4.000000 -0.345805 -1.256717 -5.869663
-0.789551 -0.915405 -4.000000 -0.365979 -1.251970 -5.866815
-0.789551 -0.917114 -4.000000 -0.404428 -1.267397 -5.862542
-0.784790 -0.914185 -4.000000 -0.414633 -1.274755 -5.842843
-0.786377 -0.919434 -4.000000 -0.401105 -1.282350 -5.812464
-0.786987 -0.917969 -4.000000 -0.399206 -1.305609 -5.778286
-0.781006 -0.912964 -4.000000 -0.417719 -1.333140 -5.754315
-0.783081 -0.917969 -4.000000 -0.426738 -1.353077 -5.689521
-0.786377 -0.913940 -4.000000 -0.434095 -1.380134 -5.632085
-0.785278 -0.914185 -4.000000 -0.478715 -1.417159 -5.591025
-0.782715 -0.916504 -4.000000 -0.507671 -1.452285 -5.572038
-0.783325 -0.918457 -4.000000 -0.521199 -1.449912 -5.550202
-0.784302 -0.911743 -4.000000 -0.539474 -1.429501 -5.548541
-0.785767 -0.913818 -4.000000 -0.566057 -1.396748 -5.539048
-0.783813 -0.917969 -4.000000 -0.610677 -1.368979 -5.501785
-0.788452 -0.921387 -4.000000 -0.682828 -1.353314 -5.497988
-0.783447 -0.909912 -4.000000 -0.739078 -1.344295 -5.491817
-0.780396 -0.917725 -4.000000 -0.800311 -1.339074 -5.497038
-0.783325 -0.910278 -4.000000 -0.871514 -1.349992 -5.505108
-0.783081 -0.915039 -4.000000 -0.919931 -1.350704 -5.474966
-0.786133 -0.914673 -4.000000 -0.946038 -1.332191 -5.450994
-0.784180 -0.912720 -4.000000 -0.982114 -1.309644 -5.432007
-0.783447 -0.917236 -4.000000 -1.003949 -1.288520 -5.400204
-0.783813 -0.914917 -4.000000 -1.031481 -1.266685 -5.384302
-0.779175 -0.909180 -4.000000 -1.036465 -1.230609 -5.346327
-0.786621 -0.913330 -4.000000 -1.006560 -1.178157 -5.365314
-0.791138 -0.919067 -4.000000 -0.996117 -1.193822 -5.463811
-0.776367 -0.919312 -4.000000 -1.015579 -1.212097 -5.499887
-0.789063 -0.915039 -4.000000 -1.048332 -1.193347 -5.502497
-0.783325 -0.918579 -4.000000 -1.119771 -1.181480 -5.522908
-0.781250 -0.919800 -4.000000 -1.227049 -1.195483 -5.542370
-0.785400 -0.913574 -4.000000 -1.312017 -1.240340 -5.600993
-0.782715 -0.919189 -4.000000 -1.355450 -1.336226 -5.691658
-0.782104 -0.911987 -4.000000 -1.336938 -1.431399 -5.764758
-0.780884 -0.921021 -4.000000 -1.222540 -1.451810 -5.763097
-0.783691 -0.917847 -4.000000 -1.058775 -1.414785 -5.710882
-0.778931 -0.916016 -4.000000 -0.928238 -1.376336 -5.639680
-0.785400 -0.916992 -4.000000 -0.843507 -1.346906 -5.572750
-0.778687 -0.920166 -4.000000 -0.761625 -1.343583 -5.507007
-0.775879 -0.916138 -4.000000 -0.694695 -1.362571 -5.519111
-0.787476 -0.914429 -4.000000 -0.655297 -1.396036 -5.553288
-0.786499 -0.911133 -4.000000 -0.619221 -1.452760 -5.603841
-0.779663 -0.918945 -4.000000 -0.587892 -1.526335 -5.671721
-0.779785 -0.918335 -4.000000 -0.574363 -1.575940 -5.753129
-0.780518 -0.914307 -4.000000 -0.835200 -1.443741 -5.760249
-0.790527 -0.913940 -4.000000 -0.884330 -1.350704 -5.767606
-0.789307 -0.916504 -4.000000 -0.788444 -1.281875 -5.733192
-0.791382 -0.918457 -4.000000 -0.732907 -1.285910 -5.724648
-0.786743 -0.917236 -4.000000 -0.610202 -1.298014 -5.727733
-0.779419 -0.913330 -4.000000 -0.555614 -1.335751 -5.756926
-0.783081 -0.926270 -4.000000 -0.520962 -1.372302 -5.793951
-0.782104 -0.911987 -4.000000 -0.493430 -1.386779 -5.824568
-0.776978 -0.913208 -4.000000 -0.459253 -1.388678 -5.851862
-0.790283 -0.919189 -4.000000 -0.415108 -1.417159 -5.872510
-0.783691 -0.916138 -4.000000 -0.381168 -1.450387 -5.885564
-0.783569 -0.918579 -4.000000 -0.316375 -1.437095 -5.841182
-0.784546 -0.909790 -4.000000 -0.224287 -1.363283 -5.821245
-0.786255 -0.913208 -4.000000 0.001899 -1.189787 -5.671484
-0.779907 -0.917969 -4.000000 -0.606642 -1.538677 -5.890549
-0.779663 -0.914307 -4.000000 -0.540899 -1.599911 -5.754078
-0.782715 -0.917847 -4.000000 -0.114873 -1.363520 -5.596484
-0.783447 -0.917847 -4.000000 -0.123892 -1.199518 -5.721799
-0.784668 -0.918945 -4.000000 -0.109889 -1.189787 -5.792290
-0.785156 -0.919312 -4.000000 -0.153084 -1.360672 -5.798698
-0.782471 -0.912354 -4.000000 -0.252293 -1.514468 -5.788255
-0.786499 -0.915405 -4.000000 -0.250869 -1.513282 -5.795375
-0.784546 -0.913086 -4.000000 -0.157357 -1.421906 -5.746483
-0.784790 -0.919678 -4.000000 -0.054826 -1.305609 -5.722749
-0.777588 -0.912964 -4.000000 -0.107752 -1.257429 -5.746720
-0.780273 -0.916016 -4.000000 -0.186075 -1.271907 -5.753840
-0.780762 -0.921265 -4.000000 -0.223575 -1.313916 -5.760961
-0.775635 -0.921265 -4.000000 -0.282435 -1.354501 -5.764758
-0.785034 -0.914429 -4.000000 -0.279587 -1.376099 -5.753840
-0.782715 -0.916626 -4.000000 -0.286470 -1.419532 -5.735565
-0.782837 -0.918823 -4.000000 -0.306644 -1.460592 -5.750755
-0.783813 -0.915894 -4.000000 -0.310678 -1.478155 -5.755502
-0.785400 -0.920654 -4.000000 -0.309254 -1.473408 -5.739600
-0.794678 -0.906494 -4.000000 -0.307356 -1.453472 -5.714442
-0.792480 -0.917480 -4.000000 -0.307118 -1.422380 -5.698778
-0.784424 -0.922485 -4.000000 -0.324919 -1.419295 -5.689047
-0.784180 -0.917847 -4.000000 -0.311628 -1.420956 -5.680027
-0.788818 -0.918701 -4.000000 -0.290267 -1.421194 -5.689759
-0.784546 -0.915771 -4.000000 -0.257277 -1.415497 -5.692607
-0.786865 -0.919678 -4.000000 -0.229745 -1.398646 -5.693793
-0.785278 -0.920532 -4.000000 -0.216692 -1.361384 -5.711594
-0.785645 -0.911865 -4.000000 -0.224999 -1.336938 -5.721799
-0.787476 -0.921509 -4.000000 -0.233543 -1.323647 -5.677180
-0.782715 -0.920410 -4.000000 -0.216929 -1.278315 -5.636594
-0.780640 -0.919189 -4.000000 -0.228559 -1.267160 -5.617370
-0.781006 -0.911133 -4.000000 -0.234018 -1.295641 -5.606927
-0.783447 -0.915894 -4.000000 -0.247309 -1.373963 -5.642053
-0.780762 -0.910767 -4.000000 -0.281486 -1.441368 -5.678366
-0.783936 -0.916870 -4.000000 -0.286470 -1.485750 -5.692844
-0.784424 -0.914673 -4.000000 -0.286707 -1.513994 -5.675281
-0.782349 -0.913330 -4.000000 -0.291691 -1.528946 -5.653683
-0.777222 -0.915039 -4.000000 -0.294777 -1.521114 -5.629712
-0.784912 -0.916626 -4.000000 -0.263922 -1.502364 -5.601231
-0.791870 -0.918213 -4.000000 -0.240663 -1.535117 -5.606215
-0.782593 -0.917969 -4.000000 -0.238764 -1.612015 -5.632322
-0.781738 -0.911011 -4.000000 -0.183939 -1.670164 -5.627101
-0.785522 -0.911865 -4.000000 -0.126028 -1.683692 -5.603841
-0.785400 -0.922607 -4.000000 -0.083781 -1.629816 -5.559934
-0.786621 -0.923462 -4.000000 -0.035838 -1.492870 -5.486358
-0.780029 -0.914063 -4.000000 0.014003 -1.304897 -5.420852
-0.772705 -0.919678 -4.000000 0.013054 -1.184328 -5.415631
-0.772583 -0.919678 -4.000000 -0.065506 -1.174360 -5.444111
-0.787354 -0.913696 -4.000000 -0.179904 -1.244612 -5.499412
-0.785522 -0.913086 -4.000000 -0.277213 -1.334564 -5.549728
-0.778198 -0.914551 -4.000000 -0.366216 -1.413361 -5.599332
-0.777344 -0.912109 -4.000000 -0.425788 -1.447776 -5.635408
-0.785156 -0.925171 -4.000000 -0.457829 -1.469136 -5.663414
-0.788696 -0.917969 -4.000000 -0.450709 -1.434010 -5.668398
-0.786499 -0.916748 -4.000000 -0.425788 -1.355450 -5.645613
-0.778931 -0.916626 -4.000000 -0.336074 -1.229185 -5.604554
-0.786865 -0.922607 -4.000000 -0.321596 -1.158695 -5.563019
-0.781860 -0.911865 -4.000000 -0.326580 -1.112651 -5.514602
-0.785522 -0.916260 -4.000000 -0.301659 -1.068269 -5.483273
-0.778076 -0.917603 -4.000000 -0.336311 -1.089155 -5.495852
-0.786865 -0.920288 -4.000000 -0.384491 -1.170325 -5.538573
-0.789795 -0.915405 -4.000000 -0.423890 -1.269771 -5.567766
-0.785767 -0.917114 -4.000000 -0.420330 -1.348567 -5.599807
-0.785522 -0.923584 -4.000000 -0.412735 -1.401732 -5.610724
-0.790283 -0.915649 -4.000000 -0.390187 -1.407191 -5.614522
-0.780273 -0.919678 -4.000000 -0.374998 -1.372064 -5.612386
-0.782349 -0.916138 -4.000000 -0.363368 -1.335989 -5.603367
-0.784180 -0.909668 -4.000000 -0.353874 -1.313204 -5.591025
-0.782593 -0.915649 -4.000000 -0.381881 -1.309406 -5.572750
-0.785278 -0.920410 -4.000000 -0.420092 -1.286384 -5.537149
-0.786621 -0.914673 -4.000000 -0.470408 -1.262413 -5.516026
-0.788940 -0.918701 -4.000000 -0.541611 -1.279027 -5.525994
-0.786621 -0.915039 -4.000000 -0.566531 -1.329580 -5.553762
-0.783936 -0.916260 -4.000000 -0.561547 -1.392001 -5.609538
-0.789551 -0.912109 -4.000000 -0.539474 -1.455371 -5.670534
-0.789307 -0.924316 -4.000000 -0.481089 -1.479342 -5.711594
-0.784668 -0.917236 -4.000000 -0.434807 -1.465814 -5.699252
-0.779663 -0.918579 -4.000000 -0.367877 -1.420719 -5.673619
-0.783447 -0.915771 -4.000000 -0.302134 -1.362808 -5.631847
-0.787354 -0.916382 -4.000000 -0.258226 -1.326732 -5.617607
-0.787354 -0.917603 -4.000000 -0.252767 -1.318900 -5.613335
-0.780762 -0.917236 -4.000000 -0.277213 -1.305846 -5.624015
-0.779053 -0.912964 -4.000000 -0.332514 -1.301574 -5.631610
