-0.783569 -0.920166 -4.000000 -0.210996 -1.624120 -5.801309
-0.781860 -0.914185 -4.000000 -0.191534 -1.570006 -5.770217
-0.783691 -0.916138 -4.000000 -0.176344 -1.498329 -5.731056
-0.785400 -0.919800 -4.000000 -0.201502 -1.420244 -5.706372
-0.775269 -0.909424 -4.000000 -0.237340 -1.393188 -5.692844
-0.782837 -0.913574 -4.000000 -0.281248 -1.409089 -5.709458
-0.777954 -0.914307 -4.000000 -0.321121 -1.409327 -5.754078
-0.787842 -0.919556 -4.000000 -0.338922 -1.401732 -5.783033
-0.789795 -0.920410 -4.000000 -0.342957 -1.382033 -5.796799
-0.781006 -0.918091 -4.000000 -0.329428 -1.378710 -5.806767
-0.789185 -0.916626 -4.000000 -0.328954 -1.393662 -5.812938
-0.786865 -0.914429 -4.000000 -0.329903 -1.384406 -5.799410
-0.783813 -0.918701 -4.000000 -0.337973 -1.357112 -5.768793
-0.783691 -0.910278 -4.000000 -0.358621 -1.334090 -5.715154
-0.786499 -0.912842 -4.000000 -0.377134 -1.322460 -5.679790
-0.781616 -0.917603 -4.000000 -0.411073 -1.349754 -5.689759
-0.784424 -0.920044 -4.000000 -0.442165 -1.397697 -5.722512
-0.781250 -0.917236 -4.000000 -0.443352 -1.434959 -5.727496
-0.779785 -0.914917 -4.000000 -0.442402 -1.466051 -5.719189
-0.785889 -0.912231 -4.000000 -0.451896 -1.476257 -5.682164
-0.793457 -0.921875 -4.000000 -0.475867 -1.454896 -5.631135
-0.786621 -0.921753 -4.000000 -0.534728 -1.394611 -5.583193
-0.788696 -0.913818 -4.000000 -0.635360 -1.313679 -5.561832
-0.780029 -0.918823 -4.000000 -0.763998 -1.270957 -5.576785
-0.785522 -0.917603 -4.000000 -0.894536 -1.298251 -5.636832
-0.783325 -0.920410 -4.000000 -0.978791 -1.355213 -5.707322
-0.786377 -0.923462 -4.000000 -1.063759 -1.450149 -5.806530
-0.787842 -0.913086 -4.000000 -1.134012 -1.529421 -5.876545
-0.785278 -0.917358 -4.000000 -1.175546 -1.619373 -5.908824
-0.790771 -0.914917 -4.000000 -1.189075 -1.671113 -5.916656
-0.785278 -0.921387 -4.000000 -1.169138 -1.687015 -5.860644
-0.785400 -0.916626 -4.000000 -1.114787 -1.646192 -5.752891
-0.788696 -0.922974 -4.000000 -1.063047 -1.551968 -5.662702
-0.780273 -0.915894 -4.000000 -1.055452 -1.428077 -5.561357
-0.779541 -0.905518 -4.000000 -1.073015 -1.317713 -5.515314
-0.783203 -0.922119 -4.000000 -1.112651 -1.297777 -5.515076
-0.783691 -0.918335 -4.000000 -1.168664 -1.351653 -5.544032
-0.787598 -0.923706 -4.000000 -1.148964 -1.417871 -5.586753
-0.785278 -0.918945 -4.000000 -1.058538 -1.433298 -5.595534
-0.780640 -0.916870 -4.000000 -0.978317 -1.420244 -5.625677
-0.787476 -0.916626 -4.000000 -0.940580 -1.402444 -5.652021
-0.782227 -0.916870 -4.000000 -0.904741 -1.385830 -5.674569
-0.784668 -0.918823 -4.000000 -0.857510 -1.383694 -5.672670
-0.783203 -0.916382 -4.000000 -0.784884 -1.398409 -5.680265
-0.786133 -0.925903 -4.000000 -0.689474 -1.421668 -5.675044
-0.787354 -0.918335 -4.000000 -0.623256 -1.427602 -5.670059
-0.790039 -0.921753 -4.000000 -0.677607 -1.389865 -5.661990
-0.785645 -0.915039 -4.000000 -0.728872 -1.342397 -5.649411
-0.784302 -0.910889 -4.000000 -0.728160 -1.310830 -5.663177
-0.781982 -0.916870 -4.000000 -0.700391 -1.315103 -5.678604
-0.775513 -0.920410 -4.000000 -0.637021 -1.345719 -5.699727
-0.783813 -0.915161 -4.000000 -0.578398 -1.401257 -5.717765
-0.780884 -0.914551 -4.000000 -0.518826 -1.438519 -5.711594
-0.788086 -0.915161 -4.000000 -0.482275 -1.449674 -5.716815
-0.784546 -0.916016 -4.000000 -0.435282 -1.450387 -5.718714
-0.780640 -0.913330 -4.000000 -0.395884 -1.462016 -5.715391
-0.775391 -0.915527 -4.000000 -0.351501 -1.476494 -5.718477
-0.780762 -0.922363 -4.000000 -0.328242 -1.478155 -5.719901
-0.781860 -0.916992 -4.000000 -0.292641 -1.476494 -5.745059
-0.779663 -0.917114 -4.000000 -0.274603 -1.469374 -5.760724
-0.781860 -0.919678 -4.000000 -0.273416 -1.445640 -5.762859
-0.781372 -0.919434 -4.000000 -0.248021 -1.415023 -5.765470
-0.782959 -0.917969 -4.000000 -0.237103 -1.391763 -5.778761
-0.783203 -0.914795 -4.000000 -0.245885 -1.384881 -5.794900
-0.791504 -0.918701 -4.000000 -0.288131 -1.383219 -5.800834
-0.788818 -0.908813 -4.000000 -0.243986 -1.307745 -5.790391
-0.785278 -0.912598 -4.000000 -0.199603 -1.260277 -5.771404
-0.785522 -0.912598 -4.000000 -0.219302 -1.331716 -5.778286
-0.780396 -0.912598 -4.000000 -0.531880 -1.553630 -5.874172
-0.781128 -0.917480 -4.000000 -0.307118 -1.509009 -5.692369
-0.783813 -0.920410 -4.000000 -0.118195 -1.316527 -5.594348
-0.784058 -0.909546 -4.000000 -0.185600 -1.162255 -5.660328
-0.782593 -0.912842 -4.000000 -0.241375 -1.159407 -5.708271
-0.781372 -0.914185 -4.000000 -0.274128 -1.265973 -5.687385
-0.786987 -0.916016 -4.000000 -0.304033 -1.361859 -5.667923
-0.780029 -0.917236 -4.000000 -0.299049 -1.384406 -5.679078
-0.787964 -0.920288 -4.000000 -0.280774 -1.373251 -5.692132
-0.785034 -0.917480 -4.000000 -0.246834 -1.341447 -5.673382
-0.782959 -0.910522 -4.000000 -0.191534 -1.312492 -5.651309
-0.783569 -0.923462 -4.000000 -0.151898 -1.316764 -5.657955
-0.784668 -0.917358 -4.000000 -0.131961 -1.341922 -5.656056
-0.783081 -0.921997 -4.000000 -0.155933 -1.363757 -5.659616
-0.782715 -0.915894 -4.000000 -0.184176 -1.408140 -5.656056
-0.782837 -0.911987 -4.000000 -0.215268 -1.448725 -5.656768
-0.787354 -0.918091 -4.000000 -0.266296 -1.494294 -5.652496
-0.783569 -0.919189 -4.000000 -0.265346 -1.533693 -5.624727
-0.781494 -0.919678 -4.000000 -0.229983 -1.582110 -5.584617
-0.784790 -0.913574 -4.000000 -0.174445 -1.636699 -5.557323
-0.784302 -0.921021 -4.000000 -0.102294 -1.682031 -5.549728
-0.785645 -0.921997 -4.000000 -0.020886 -1.682031 -5.562069
-0.784546 -0.915161 -4.000000 0.038449 -1.605132 -5.512940
-0.783325 -0.919800 -4.000000 0.068117 -1.460117 -5.395219
-0.786743 -0.911499 -4.000000 0.074762 -1.300150 -5.268954
-0.790039 -0.910278 -4.000000 0.051028 -1.177208 -5.192294
-0.785522 -0.915283 -4.000000 -0.011630 -1.139471 -5.179240
-0.783447 -0.913330 -4.000000 -0.070727 -1.194296 -5.213892
-0.786499 -0.911987 -4.000000 -0.144303 -1.334802 -5.266581
-0.779297 -0.917969 -4.000000 -0.234967 -1.495244 -5.325204
-0.778564 -0.916504 -4.000000 -0.324919 -1.633139 -5.392846
-0.785400 -0.912842 -4.000000 -0.411548 -1.714309 -5.450520
-0.780762 -0.916016 -4.000000 -0.500788 -1.723565 -5.495852
-0.791626 -0.917480 -4.000000 -0.553952 -1.654974 -5.490868
-0.787598 -0.923828 -4.000000 -0.523573 -1.480529 -5.428447
-0.788574 -0.916504 -4.000000 -0.448098 -1.277840 -5.383352
-0.782715 -0.921021 -4.000000 -0.420092 -1.155135 -5.392846
-0.780762 -0.917358 -4.000000 -0.391137 -1.112889 -5.429396
-0.780884 -0.916138 -4.000000 -0.358858 -1.101971 -5.495140
-0.784912 -0.917358 -4.000000 -0.388526 -1.139233 -5.587228
-0.787231 -0.919067 -4.000000 -0.431247 -1.163442 -5.629000
-0.787109 -0.912598 -4.000000 -0.447861 -1.159170 -5.621167
-0.780029 -0.911743 -4.000000 -0.483462 -1.167240 -5.624253
-0.781982 -0.919312 -4.000000 -0.511943 -1.198331 -5.632560
-0.788574 -0.917236 -4.000000 -0.483225 -1.234882 -5.642765
-0.780273 -0.914551 -4.000000 -0.454744 -1.256717 -5.680502
-0.781006 -0.922241 -4.000000 -0.439792 -1.299438 -5.745533
-0.786621 -0.922119 -4.000000 -0.407988 -1.311068 -5.771878
-0.785522 -0.916748 -4.000000 -0.412735 -1.302523 -5.756689
-0.786499 -0.919067 -4.000000 -0.401580 -1.318663 -5.734853
-0.785889 -0.918823 -4.000000 -0.372387 -1.335751 -5.720138
-0.781372 -0.917725 -4.000000 -0.343669 -1.344533 -5.711119
-0.790649 -0.914673 -4.000000 -0.322783 -1.352128 -5.739363
-0.787842 -0.914795 -4.000000 -0.342007 -1.356400 -5.789679
-0.786743 -0.915039 -4.000000 -0.391137 -1.359248 -5.817210
-0.789185 -0.919556 -4.000000 -0.406801 -1.354976 -5.812938
-0.783691 -0.914185 -4.000000 -0.406801 -1.367317 -5.796562
-0.782715 -0.917480 -4.000000 -0.390662 -1.378947 -5.790391
-0.781250 -0.911621 -4.000000 -0.357909 -1.390102 -5.802495
-0.777222 -0.915405 -4.000000 -0.328242 -1.405292 -5.806056
-0.784058 -0.920044 -4.000000 -0.304982 -1.415972 -5.815311
-0.779175 -0.916260 -4.000000 -0.278163 -1.415735 -5.813176
-0.781006 -0.915771 -4.000000 -0.254666 -1.406953 -5.809853
-0.788208 -0.916870 -4.000000 -0.264634 -1.411225 -5.809378
-0.779907 -0.915405 -4.000000 -0.286944 -1.403868 -5.804631
-0.783936 -0.912231 -4.000000 -0.314001 -1.388915 -5.790391
-0.781128 -0.919189 -4.000000 -0.358621 -1.372064 -5.775201
-0.783569 -0.921143 -4.000000 -0.374048 -1.348567 -5.769742
-0.785522 -0.911743 -4.000000 -0.376184 -1.330530 -5.782084
-0.786743 -0.917236 -4.000000 -0.384729 -1.343821 -5.795850
-0.784180 -0.918091 -4.000000 -0.381643 -1.363757 -5.800359
-0.785889 -0.914795 -4.000000 -0.373336 -1.374675 -5.803682
-0.782959 -0.915894 -4.000000 -0.361469 -1.379896 -5.813413
-0.786987 -0.918457 -4.000000 -0.343194 -1.382982 -5.803919
-0.775513 -0.917969 -4.000000 -0.339159 -1.375387 -5.793951
-0.782471 -0.914429 -4.000000 -0.349602 -1.372064 -5.783033
-0.782837 -0.918091 -4.000000 -0.365979 -1.366368 -5.769742
-0.784546 -0.909912 -4.000000 -0.384491 -1.366843 -5.752179
-0.783081 -0.908936 -4.000000 -0.401580 -1.379184 -5.764046
-0.784912 -0.914429 -4.000000 -0.411548 -1.391289 -5.769030
-0.787964 -0.915405 -4.000000 -0.412023 -1.387254 -5.765707
-0.779175 -0.922119 -4.000000 -0.400156 -1.367317 -5.750518
