-0.783936 -0.916992 -4.000000 -0.184176 -1.544611 -5.619981
-0.781006 -0.915405 -4.000000 -0.228796 -1.472934 -5.589839
-0.787842 -0.921631 -4.000000 -0.283859 -1.417159 -5.620455
-0.781006 -0.918457 -4.000000 -0.335836 -1.409089 -5.644189
-0.790649 -0.915771 -4.000000 -0.372624 -1.449674 -5.687385
-0.781128 -0.916870 -4.000000 -0.374048 -1.470560 -5.727496
-0.784546 -0.922241 -4.000000 -0.360995 -1.462253 -5.752654
-0.779663 -0.915527 -4.000000 -0.330140 -1.438757 -5.741973
-0.782593 -0.912231 -4.000000 -0.307830 -1.435197 -5.746246
-0.786987 -0.920410 -4.000000 -0.277688 -1.432111 -5.742923
-0.783936 -0.914063 -4.000000 -0.258464 -1.442317 -5.748144
-0.790283 -0.916870 -4.000000 -0.265821 -1.432349 -5.756689
-0.780396 -0.918213 -4.000000 -0.312577 -1.422855 -5.759537
-0.785767 -0.913818 -4.000000 -0.383067 -1.403156 -5.748857
-0.783569 -0.914673 -4.000000 -0.438368 -1.390102 -5.746720
-0.783569 -0.918945 -4.000000 -0.468272 -1.397934 -5.731293
-0.784058 -0.916016 -4.000000 -0.464238 -1.404580 -5.723698
-0.793213 -0.921143 -4.000000 -0.435045 -1.407191 -5.699727
-0.783325 -0.921143 -4.000000 -0.415820 -1.394137 -5.682639
-0.785522 -0.924805 -4.000000 -0.421754 -1.403156 -5.680977
-0.785767 -0.917114 -4.000000 -0.437418 -1.426890 -5.682164
-0.786377 -0.915771 -4.000000 -0.460915 -1.452997 -5.691420
-0.787842 -0.923096 -4.000000 -0.490820 -1.440893 -5.687148
-0.789307 -0.916504 -4.000000 -0.522861 -1.418346 -5.660566
-0.792114 -0.921997 -4.000000 -0.596199 -1.401494 -5.660328
-0.784180 -0.917603 -4.000000 -0.695644 -1.411937 -5.665787
-0.785522 -0.922729 -4.000000 -0.788207 -1.423330 -5.686911
-0.778931 -0.912476 -4.000000 -0.871988 -1.438519 -5.725597
-0.786011 -0.915894 -4.000000 -0.929899 -1.457744 -5.722274
-0.784058 -0.914063 -4.000000 -0.966212 -1.462016 -5.722986
-0.786743 -0.921875 -4.000000 -1.013206 -1.460829 -5.694743
-0.787476 -0.916870 -4.000000 -1.054740 -1.439706 -5.659379
-0.785889 -0.916748 -4.000000 -1.088917 -1.402444 -5.602417
-0.783691 -0.918701 -4.000000 -1.104582 -1.355925 -5.554949
-0.790161 -0.911621 -4.000000 -1.114313 -1.330292 -5.536674
-0.789063 -0.907837 -4.000000 -1.125468 -1.335276 -5.511516
-0.787109 -0.914551 -4.000000 -1.137572 -1.365893 -5.532165
-0.787231 -0.916382 -4.000000 -1.136860 -1.410988 -5.537623
-0.784302 -0.914307 -4.000000 -1.107667 -1.451573 -5.548779
-0.781006 -0.918945 -4.000000 -1.082034 -1.488598 -5.569902
-0.786499 -0.918945 -4.000000 -1.051180 -1.468662 -5.563494
-0.783936 -0.915527 -4.000000 -1.021750 -1.397222 -5.559696
-0.788574 -0.917236 -4.000000 -1.018664 -1.338125 -5.555187
-0.784790 -0.920654 -4.000000 -1.032193 -1.346906 -5.565155
-0.783569 -0.919189 -4.000000 -1.015104 -1.370640 -5.557560
-0.775635 -0.915283 -4.000000 -0.992794 -1.376574 -5.585566
-0.781128 -0.913574 -4.000000 -0.961940 -1.374675 -5.589364
-0.773682 -0.912964 -4.000000 -0.927288 -1.394849 -5.588652
-0.785767 -0.922607 -4.000000 -0.894061 -1.425703 -5.615471
-0.783813 -0.921631 -4.000000 -0.867241 -1.461779 -5.655107
-0.787231 -0.913208 -4.000000 -0.853238 -1.468662 -5.665787
-0.785156 -0.911499 -4.000000 -0.830216 -1.454421 -5.671958
-0.782593 -0.917969 -4.000000 -0.787495 -1.411700 -5.659379
-0.779663 -0.920288 -4.000000 -0.730059 -1.352602 -5.642765
-0.785889 -0.919922 -4.000000 -0.675945 -1.324834 -5.636832
-0.785767 -0.919678 -4.000000 -0.628002 -1.348330 -5.663888
-0.780273 -0.918213 -4.000000 -0.570803 -1.410276 -5.711831
-0.784424 -0.918945 -4.000000 -0.503399 -1.490022 -5.764758
-0.780884 -0.916260 -4.000000 -0.440741 -1.580686 -5.814125
-0.786743 -0.922119 -4.000000 -0.376896 -1.654737 -5.844267
-0.785156 -0.914795 -4.000000 -0.328479 -1.648566 -5.843792
-0.781250 -0.916626 -4.000000 -0.275552 -1.559326 -5.817923
-0.783569 -0.919067 -4.000000 -0.246834 -1.453709 -5.794900
-0.785522 -0.917480 -4.000000 -0.246834 -1.377760 -5.791578
-0.787354 -0.918945 -4.000000 -0.278637 -1.352365 -5.787543
-0.786133 -0.919067 -4.000000 -0.306406 -1.370640 -5.787543
-0.781250 -0.917725 -4.000000 -0.335836 -1.412649 -5.786593
-0.784546 -0.917725 -4.000000 -0.293827 -1.379184 -5.782321
-0.782227 -0.915527 -4.000000 -0.158543 -1.311780 -5.693081
-0.786743 -0.913330 -4.000000 -0.384491 -1.499279 -5.829315
-0.786011 -0.917969 -4.000000 -0.420567 -1.630765 -5.844979
-0.786255 -0.914795 -4.000000 -0.169224 -1.498329 -5.766657
-0.790039 -0.918579 -4.000000 -0.148575 -1.308457 -5.747432
-0.782104 -0.920532 -4.000000 -0.165189 -1.188125 -5.691895
-0.783691 -0.914185 -4.000000 -0.242562 -1.239628 -5.664838
-0.781860 -0.915283 -4.000000 -0.327055 -1.348093 -5.670534
-0.779785 -0.920166 -4.000000 -0.300235 -1.358298 -5.680977
-0.779419 -0.918701 -4.000000 -0.276739 -1.310830 -5.682639
-0.782593 -0.917114 -4.000000 -0.290267 -1.288995 -5.679553
-0.784058 -0.916748 -4.000000 -0.304508 -1.287334 -5.657243
-0.787354 -0.913940 -4.000000 -0.299286 -1.296590 -5.638493
-0.786865 -0.914551 -4.000000 -0.297150 -1.298251 -5.640629
-0.786621 -0.922119 -4.000000 -0.279112 -1.292793 -5.654870
-0.778564 -0.919800 -4.000000 -0.262498 -1.302761 -5.661040
-0.786255 -0.917969 -4.000000 -0.264872 -1.333852 -5.687385
-0.790039 -0.919800 -4.000000 -0.261786 -1.363520 -5.696879
-0.780518 -0.914429 -4.000000 -0.254191 -1.388915 -5.689996
-0.785034 -0.914429 -4.000000 -0.259176 -1.396748 -5.675044
-0.788940 -0.919556 -4.000000 -0.274603 -1.393899 -5.680977
-0.785278 -0.916016 -4.000000 -0.295014 -1.387017 -5.682164
-0.788086 -0.907837 -4.000000 -0.310441 -1.384169 -5.679078
-0.779297 -0.915771 -4.000000 -0.308305 -1.377998 -5.690945
-0.783081 -0.910522 -4.000000 -0.306881 -1.362808 -5.700439
-0.789429 -0.922974 -4.000000 -0.295251 -1.340261 -5.697116
-0.786133 -0.916748 -4.000000 -0.267008 -1.311305 -5.700202
-0.781372 -0.917603 -4.000000 -0.253954 -1.292081 -5.695218
-0.785889 -0.917725 -4.000000 -0.253242 -1.269296 -5.704237
-0.780273 -0.914551 -4.000000 -0.243986 -1.240103 -5.691420
-0.783936 -0.922852 -4.000000 -0.205774 -1.203790 -5.649886
-0.779419 -0.921265 -4.000000 -0.204825 -1.197144 -5.664838
-0.792358 -0.922729 -4.000000 -0.198416 -1.205926 -5.664363
-0.782104 -0.917969 -4.000000 -0.168512 -1.195246 -5.642765
-0.785400 -0.915649 -4.000000 -0.145490 -1.153711 -5.624253
-0.785156 -0.921631 -4.000000 -0.091139 -1.077288 -5.603129
-0.787842 -0.917969 -4.000000 -0.076898 -1.028870 -5.573936
-0.781494 -0.920044 -4.000000 -0.081645 -1.005373 -5.536200
-0.787598 -0.915039 -4.000000 -0.069541 -1.041212 -5.462149
-0.786987 -0.918335 -4.000000 -0.123417 -1.137097 -5.392609
-0.786011 -0.916626 -4.000000 -0.183227 -1.223964 -5.352024
-0.787476 -0.922241 -4.000000 -0.222863 -1.261464 -5.333273
-0.786255 -0.923584 -4.000000 -0.271992 -1.298489 -5.343954
-0.779541 -0.916016 -4.000000 -0.315663 -1.374200 -5.361042
-0.784180 -0.916626 -4.000000 -0.368352 -1.465814 -5.360805
-0.785767 -0.916016 -4.000000 -0.433858 -1.513282 -5.334223
-0.779663 -0.917969 -4.000000 -0.484412 -1.463203 -5.286518
-0.778809 -0.913940 -4.000000 -0.527845 -1.340735 -5.238575
-0.786499 -0.917236 -4.000000 -0.571753 -1.220166 -5.252103
-0.780640 -0.919678 -4.000000 -0.622781 -1.219217 -5.321406
-0.778076 -0.915161 -4.000000 -0.703477 -1.334090 -5.427735
-0.785767 -0.907593 -4.000000 -0.771593 -1.448962 -5.509143
-0.778687 -0.913452 -4.000000 -0.775153 -1.489310 -5.557086
-0.786377 -0.915527 -4.000000 -0.740502 -1.470323 -5.542370
-0.780762 -0.915039 -4.000000 -0.681167 -1.445877 -5.522671
-0.779785 -0.919922 -4.000000 -0.649363 -1.458456 -5.504158
-0.786499 -0.917603 -4.000000 -0.611863 -1.442792 -5.486833
-0.778076 -0.917114 -4.000000 -0.581721 -1.413361 -5.476864
-0.782959 -0.914307 -4.000000 -0.547781 -1.381558 -5.472830
-0.780518 -0.917358 -4.000000 -0.503636 -1.345957 -5.503684
-0.781616 -0.918579 -4.000000 -0.458304 -1.305134 -5.534301
-0.778076 -0.917725 -4.000000 -0.440266 -1.271907 -5.559459
-0.784058 -0.911621 -4.000000 -0.428399 -1.260514 -5.600993
-0.784790 -0.911987 -4.000000 -0.416295 -1.265736 -5.601706
-0.779053 -0.925293 -4.000000 -0.367877 -1.268109 -5.579870
-0.786865 -0.913330 -4.000000 -0.314239 -1.283062 -5.564680
-0.786865 -0.919189 -4.000000 -0.303796 -1.328156 -5.568953
-0.786865 -0.911499 -4.000000 -0.322783 -1.386779 -5.574886
-0.786011 -0.917480 -4.000000 -0.330615 -1.434722 -5.592449
-0.781006 -0.913940 -4.000000 -0.338685 -1.462491 -5.615471
-0.786987 -0.917480 -4.000000 -0.335599 -1.461067 -5.628762
-0.783447 -0.917358 -4.000000 -0.325868 -1.438045 -5.636357
-0.785645 -0.911255 -4.000000 -0.321596 -1.402206 -5.624965
-0.786377 -0.912842 -4.000000 -0.322545 -1.359010 -5.621642
-0.786011 -0.917236 -4.000000 -0.325394 -1.333852 -5.615946
-0.776367 -0.920044 -4.000000 -0.332988 -1.332903 -5.634459
-0.787476 -0.918091 -4.000000 -0.339397 -1.356400 -5.663888
-0.783936 -0.917480 -4.000000 -0.341770 -1.395798 -5.680265
-0.783813 -0.921021 -4.000000 -0.349128 -1.428077 -5.701151
-0.786499 -0.920898 -4.000000 -0.359808 -1.452760 -5.712780
-0.782349 -0.917603 -4.000000 -0.373336 -1.457507 -5.716578
-0.781494 -0.909912 -4.000000 -0.384017 -1.438994 -5.722274
