-0.786499 -0.909058 -4.000000 -0.428874 -1.493820 -5.585566
-0.784546 -0.914185 -4.000000 -0.470408 -1.507348 -5.643477
-0.781006 -0.912598 -4.000000 -0.511468 -1.551019 -5.726072
-0.779297 -0.916260 -4.000000 -0.558462 -1.589231 -5.775913
-0.788208 -0.918213 -4.000000 -0.552054 -1.603708 -5.821008
-0.792847 -0.918701 -4.000000 -0.544221 -1.619135 -5.852574
-0.779663 -0.919922 -4.000000 -0.539712 -1.616999 -5.876783
-0.782471 -0.915161 -4.000000 -0.518826 -1.586145 -5.844504
-0.781860 -0.920044 -4.000000 -0.459253 -1.525386 -5.805581
-0.782471 -0.920044 -4.000000 -0.370726 -1.476257 -5.772353
-0.788452 -0.910400 -4.000000 -0.314001 -1.475782 -5.756926
-0.780029 -0.915039 -4.000000 -0.307118 -1.478393 -5.762147
-0.785889 -0.918335 -4.000000 -0.301897 -1.483139 -5.778049
-0.793579 -0.911255 -4.000000 -0.296675 -1.508060 -5.785644
-0.786011 -0.915649 -4.000000 -0.285283 -1.532032 -5.807242
-0.779541 -0.918091 -4.000000 -0.294302 -1.549357 -5.820533
-0.781128 -0.915283 -4.000000 -0.308305 -1.556003 -5.837147
-0.786255 -0.919922 -4.000000 -0.350789 -1.568107 -5.837859
-0.781616 -0.911011 -4.000000 -0.423415 -1.565734 -5.834536
-0.787109 -0.924316 -4.000000 -0.469934 -1.535117 -5.812226
-0.783691 -0.919312 -4.000000 -0.495329 -1.501177 -5.804631
-0.784424 -0.918213 -4.000000 -0.522149 -1.470086 -5.807242
-0.785278 -0.919800 -4.000000 -0.543272 -1.474833 -5.825043
-0.789795 -0.921997 -4.000000 -0.585044 -1.481478 -5.858033
-0.779785 -0.915039 -4.000000 -0.625392 -1.488598 -5.868238
-0.777832 -0.917847 -4.000000 -0.648888 -1.468899 -5.860406
-0.790039 -0.916382 -4.000000 -0.675945 -1.424754 -5.845691
-0.776489 -0.918335 -4.000000 -0.747859 -1.386542 -5.830264
-0.779053 -0.907959 -4.000000 -0.788207 -1.368741 -5.811277
-0.782959 -0.911865 -4.000000 -0.829030 -1.412887 -5.827653
-0.785278 -0.914795 -4.000000 -0.899757 -1.446826 -5.854236
-0.783447 -0.923096 -4.000000 -1.000864 -1.484563 -5.863492
-0.781494 -0.914185 -4.000000 -1.067082 -1.526098 -5.870612
-0.789917 -0.922119 -4.000000 -1.124044 -1.577126 -5.900517
-0.782837 -0.917480 -4.000000 -1.196907 -1.597775 -5.922352
-0.788208 -0.909668 -4.000000 -1.275704 -1.601098 -5.907162
-0.775513 -0.918823 -4.000000 -1.345719 -1.577126 -5.880343
-0.785889 -0.916382 -4.000000 -1.349517 -1.534405 -5.839046
-0.787720 -0.914307 -4.000000 -1.318900 -1.495244 -5.764758
-0.786255 -0.913940 -4.000000 -1.262888 -1.487174 -5.688572
-0.786987 -0.915527 -4.000000 -1.144217 -1.499991 -5.637544
-0.785400 -0.913208 -4.000000 -1.003475 -1.536541 -5.630898
-0.785278 -0.917114 -4.000000 -0.900469 -1.550544 -5.610961
-0.784058 -0.923584 -4.000000 -0.872938 -1.551019 -5.571326
-0.781982 -0.923828 -4.000000 -0.897858 -1.519452 -5.529554
-0.784180 -0.919800 -4.000000 -1.000152 -1.460829 -5.523858
-0.786621 -0.912598 -4.000000 -1.171986 -1.368267 -5.506295
-0.783325 -0.916504 -4.000000 -1.284011 -1.279264 -5.524807
-0.780762 -0.924194 -4.000000 -1.374200 -1.321748 -5.612148
-0.784912 -0.922852 -4.000000 -1.413599 -1.446589 -5.710170
-0.788696 -0.912476 -4.000000 -1.380371 -1.540813 -5.784220
-0.789429 -0.918701 -4.000000 -1.261226 -1.591129 -5.816024
-0.785156 -0.923584 -4.000000 -1.132350 -1.603471 -5.795612
-0.791870 -0.917358 -4.000000 -0.961703 -1.541525 -5.741261
-0.784302 -0.917725 -4.000000 -0.765660 -1.440418 -5.713967
-0.783325 -0.922607 -4.000000 -0.613287 -1.380134 -5.680740
-0.787231 -0.920898 -4.000000 -0.520487 -1.359485 -5.669347
-0.784790 -0.917969 -4.000000 -0.441453 -1.378710 -5.696879
-0.782227 -0.911377 -4.000000 -0.389713 -1.427127 -5.751942
-0.784668 -0.918823 -4.000000 -0.375472 -1.479342 -5.797511
-0.778442 -0.919434 -4.000000 -0.361944 -1.524199 -5.831925
-0.788452 -0.917236 -4.000000 -0.323495 -1.552680 -5.855185
-0.783203 -0.915527 -4.000000 -0.261312 -1.565734 -5.877969
-0.784058 -0.915649 -4.000000 -0.216692 -1.561936 -5.874409
-0.787964 -0.918213 -4.000000 -0.166376 -1.537965 -5.863017
-0.790405 -0.914551 -4.000000 -0.130774 -1.501889 -5.802021
-0.782959 -0.917114 -4.000000 -0.091851 -1.455133 -5.756926
-0.787476 -0.917114 -4.000000 -0.062895 -1.387966 -5.712780
-0.782959 -0.908569 -4.000000 -0.062420 -1.340498 -5.622828
-0.774902 -0.924316 -4.000000 -0.062183 -1.312966 -5.594348
-0.787598 -0.924072 -4.000000 -0.045332 -1.277603 -5.597196
-0.784912 -0.915771 -4.000000 -0.035601 -1.265261 -5.615708
-0.783569 -0.912842 -4.000000 -0.066930 -1.275467 -5.560646
-0.780640 -0.913818 -4.000000 -0.089715 -1.299913 -5.516026
-0.785767 -0.916626 -4.000000 -0.083544 -1.307982 -5.471880
-0.792236 -0.918579 -4.000000 -0.071439 -1.314865 -5.487782
-0.785889 -0.920410 -4.000000 -0.054351 -1.257192 -5.414207
-0.782227 -0.922363 -4.000000 -0.057436 -1.195008 -5.337071
-0.786499 -0.915771 -4.000000 -0.078322 -1.195008 -5.285093
-0.781494 -0.925781 -4.000000 -0.071439 -1.259802 -5.287941
-0.785400 -0.918213 -4.000000 -0.087579 -1.374912 -5.326391
-0.794922 -0.926758 -4.000000 -0.130300 -1.463440 -5.341343
-0.784790 -0.921509 -4.000000 -0.179667 -1.523487 -5.342767
-0.785645 -0.923340 -4.000000 -0.228321 -1.565734 -5.351311
-0.785278 -0.915527 -4.000000 -0.247546 -1.610829 -5.412783
-0.780029 -0.919678 -4.000000 -0.289080 -1.654262 -5.498462
-0.775879 -0.913086 -4.000000 -0.361232 -1.667553 -5.522908
-0.792114 -0.915039 -4.000000 -0.339397 -1.618423 -5.485646
-0.787720 -0.912476 -4.000000 -0.243036 -1.500940 -5.425124
-0.784058 -0.913086 -4.000000 -0.162578 -1.360197 -5.386912
-0.788940 -0.914063 -4.000000 -0.146914 -1.225151 -5.412071
-0.789551 -0.918579 -4.000000 -0.178243 -1.085357 -5.392371
-0.786743 -0.916748 -4.000000 -0.242799 -1.054503 -5.467608
-0.783447 -0.912231 -4.000000 -0.335599 -1.150388 -5.617607
-0.789795 -0.914917 -4.000000 -0.504823 -1.278789 -5.752654
-0.791260 -0.925415 -4.000000 -0.609253 -1.315577 -5.812938
-0.783325 -0.916016 -4.000000 -0.585281 -1.258378 -5.819346
-0.789185 -0.920898 -4.000000 -0.515740 -1.211147 -5.793477
-0.783325 -0.915283 -4.000000 -0.426738 -1.188363 -5.796324
-0.784546 -0.919067 -4.000000 -0.381406 -1.164866 -5.808666
-0.784912 -0.924683 -4.000000 -0.369064 -1.126417 -5.780660
-0.794067 -0.921021 -4.000000 -0.332751 -1.094851 -5.761910
-0.792969 -0.914795 -4.000000 -0.332514 -1.119534 -5.764996
-0.781982 -0.917969 -4.000000 -0.362893 -1.179107 -5.773303
-0.787354 -0.920166 -4.000000 -0.384254 -1.232508 -5.789679
-0.783447 -0.918335 -4.000000 -0.398257 -1.278077 -5.806767
-0.787964 -0.912964 -4.000000 -0.444538 -1.299438 -5.807954
-0.781006 -0.917603 -4.000000 -0.464712 -1.279739 -5.786119
-0.783936 -0.917847 -4.000000 -0.414871 -1.250071 -5.746246
-0.790527 -0.916016 -4.000000 -0.325868 -1.243900 -5.722749
-0.789307 -0.915771 -4.000000 -0.245885 -1.232983 -5.666025
-0.785767 -0.920532 -4.000000 -0.224287 -1.252207 -5.638019
-0.784302 -0.921509 -4.000000 -0.208622 -1.271907 -5.626863
-0.785522 -0.917236 -4.000000 -0.195331 -1.284486 -5.639205
-0.787354 -0.925781 -4.000000 -0.219540 -1.300150 -5.658192
-0.782104 -0.921387 -4.000000 -0.249919 -1.314628 -5.703287
-0.787964 -0.915771 -4.000000 -0.298337 -1.305846 -5.731531
-0.784546 -0.916626 -4.000000 -0.358146 -1.293505 -5.752179
-0.791138 -0.919678 -4.000000 -0.405615 -1.293267 -5.756926
-0.781006 -0.918213 -4.000000 -0.420092 -1.339311 -5.797274
-0.783325 -0.923218 -4.000000 -0.429586 -1.413124 -5.841419
-0.781982 -0.911377 -4.000000 -0.418194 -1.458219 -5.867289
-0.789551 -0.916382 -4.000000 -0.417007 -1.470798 -5.877732
-0.789429 -0.921021 -4.000000 -0.422228 -1.442317 -5.858982
-0.791626 -0.916626 -4.000000 -0.399206 -1.370640 -5.821957
-0.783325 -0.921997 -4.000000 -0.355773 -1.298251 -5.779948
-0.786011 -0.916748 -4.000000 -0.343431 -1.273093 -5.797986
-0.789917 -0.920288 -4.000000 -0.346042 -1.284723 -5.820770
-0.787720 -0.914063 -4.000000 -0.346517 -1.318425 -5.843318
-0.784912 -0.917358 -4.000000 -0.331327 -1.370640 -5.859220
-0.781372 -0.919800 -4.000000 -0.311865 -1.404342 -5.878207
-0.785889 -0.922363 -4.000000 -0.287656 -1.414785 -5.867764
-0.785400 -0.918701 -4.000000 -0.280299 -1.399358 -5.864204
-0.790649 -0.917480 -4.000000 -0.276027 -1.379422 -5.863729
-0.781738 -0.918701 -4.000000 -0.278163 -1.370165 -5.871087
-0.776245 -0.923096 -4.000000 -0.276739 -1.375862 -5.867289
-0.783813 -0.921143 -4.000000 -0.283384 -1.382745 -5.863492
-0.784424 -0.920532 -4.000000 -0.292403 -1.396510 -5.858508
-0.787354 -0.916992 -4.000000 -0.317561 -1.399121 -5.849251
-0.785034 -0.919434 -4.000000 -0.335124 -1.381558 -5.847590
-0.793701 -0.913696 -4.000000 -0.346754 -1.372302 -5.840470
-0.779663 -0.912354 -4.000000 -0.347229 -1.370640 -5.857321
-0.788452 -0.917358 -4.000000 -0.345330 -1.400070 -5.859457
-0.794434 -0.920166 -4.000000 -0.338685 -1.435909 -5.865628
-0.780762 -0.919312 -4.000000 -0.319460 -1.457744 -5.863017
-0.780151 -0.912231 -4.000000 -0.303084 -1.427839 -5.850676
-0.783447 -0.919312 -4.000000 -0.288131 -1.391763 -5.830502
-0.781982 -0.916138 -4.000000 -0.285520 -1.349992 -5.811751
-0.789307 -0.919312 -4.000000 -0.285283 -1.310593 -5.812938
-0.787476 -0.915405 -4.000000 -0.289792 -1.297539 -5.812701
