-0.786255 -0.920898 -4.000000 -0.303796 -1.500228 -5.649173
-0.778320 -0.917847 -4.000000 -0.339634 -1.466288 -5.673382
-0.783569 -0.922363 -4.000000 -0.386627 -1.461541 -5.682876
-0.788452 -0.917847 -4.000000 -0.390425 -1.466288 -5.708271
-0.788330 -0.921997 -4.000000 -0.406089 -1.460829 -5.735328
-0.780884 -0.915039 -4.000000 -0.431722 -1.442554 -5.726784
-0.791138 -0.920776 -4.000000 -0.447861 -1.412887 -5.737701
-0.786987 -0.914185 -4.000000 -0.459965 -1.396036 -5.744110
-0.779663 -0.920532 -4.000000 -0.476579 -1.416921 -5.769742
-0.788696 -0.918579 -4.000000 -0.496991 -1.455371 -5.791578
-0.779297 -0.917847 -4.000000 -0.490108 -1.481715 -5.795375
-0.786377 -0.917358 -4.000000 -0.489870 -1.489073 -5.804631
-0.781128 -0.917725 -4.000000 -0.501737 -1.501177 -5.793239
-0.779297 -0.923462 -4.000000 -0.509095 -1.493582 -5.770217
-0.792725 -0.915527 -4.000000 -0.516215 -1.467238 -5.734379
-0.786133 -0.922852 -4.000000 -0.539712 -1.454421 -5.735803
-0.785400 -0.919067 -4.000000 -0.572939 -1.449674 -5.715866
-0.781006 -0.922119 -4.000000 -0.579110 -1.439706 -5.709695
-0.784424 -0.912964 -4.000000 -0.589791 -1.420719 -5.707085
-0.784668 -0.913574 -4.000000 -0.616373 -1.402206 -5.703999
-0.787476 -0.922852 -4.000000 -0.655059 -1.405529 -5.711119
-0.778442 -0.916016 -4.000000 -0.689236 -1.431162 -5.708983
-0.779785 -0.922485 -4.000000 -0.729584 -1.450149 -5.729632
-0.792480 -0.920166 -4.000000 -0.768033 -1.433535 -5.714442
-0.780640 -0.914673 -4.000000 -0.829742 -1.415972 -5.706847
-0.785034 -0.908569 -4.000000 -0.869852 -1.395086 -5.700676
-0.793945 -0.922974 -4.000000 -0.903080 -1.354738 -5.675518
-0.786377 -0.914307 -4.000000 -0.955057 -1.334564 -5.652259
-0.790405 -0.911865 -4.000000 -1.011307 -1.370640 -5.676705
-0.788574 -0.912231 -4.000000 -1.027209 -1.440181 -5.691420
-0.778687 -0.918823 -4.000000 -0.988997 -1.504975 -5.707322
-0.784302 -0.918945 -4.000000 -0.930374 -1.528946 -5.706610
-0.787598 -0.922729 -4.000000 -0.868903 -1.490260 -5.660566
-0.785156 -0.917480 -4.000000 -0.829030 -1.421431 -5.596721
-0.790039 -0.914673 -4.000000 -0.839473 -1.381558 -5.551389
-0.779419 -0.918213 -4.000000 -0.878634 -1.403156 -5.550915
-0.780884 -0.911255 -4.000000 -0.929662 -1.452997 -5.572275
-0.781372 -0.907837 -4.000000 -0.984487 -1.456083 -5.573462
-0.782959 -0.917114 -4.000000 -1.031956 -1.434010 -5.559459
-0.781494 -0.919189 -4.000000 -1.065421 -1.417396 -5.559221
-0.781616 -0.913330 -4.000000 -1.065183 -1.422143 -5.565155
-0.778931 -0.921143 -4.000000 -1.027921 -1.427839 -5.572275
-0.782715 -0.914063 -4.000000 -0.952447 -1.447064 -5.592687
-0.786377 -0.922363 -4.000000 -0.854188 -1.479105 -5.633272
-0.788208 -0.912964 -4.000000 -0.722938 -1.488598 -5.659854
-0.789063 -0.919189 -4.000000 -0.564633 -1.439469 -5.664363
-0.786011 -0.916626 -4.000000 -0.455219 -1.339311 -5.632560
-0.779297 -0.914185 -4.000000 -0.395409 -1.235356 -5.573936
-0.780151 -0.915894 -4.000000 -0.424364 -1.162255 -5.540946
-0.787964 -0.918091 -4.000000 -0.523335 -1.172698 -5.553762
-0.779419 -0.919434 -4.000000 -0.628477 -1.313916 -5.612148
-0.786621 -0.919189 -4.000000 -0.804821 -1.473883 -5.721325
-0.785156 -0.917603 -4.000000 -0.916846 -1.571430 -5.802970
-0.785034 -0.919800 -4.000000 -0.872463 -1.588519 -5.842369
-0.786621 -0.916016 -4.000000 -0.775865 -1.589231 -5.854710
-0.789551 -0.912842 -4.000000 -0.670012 -1.582822 -5.848064
-0.786865 -0.920776 -4.000000 -0.575313 -1.541762 -5.828603
-0.786255 -0.918091 -4.000000 -0.492481 -1.474120 -5.793239
-0.784058 -0.913696 -4.000000 -0.454269 -1.424042 -5.766657
-0.788574 -0.919556 -4.000000 -0.460440 -1.405529 -5.757875
-0.778931 -0.925659 -4.000000 -0.475867 -1.421194 -5.765707
-0.787231 -0.914307 -4.000000 -0.498177 -1.429975 -5.786831
-0.789185 -0.920044 -4.000000 -0.496279 -1.448962 -5.810565
-0.789185 -0.916748 -4.000000 -0.425551 -1.433298 -5.802970
-0.787476 -0.919434 -4.000000 -0.348416 -1.407428 -5.763334
-0.786377 -0.915894 -4.000000 -0.380694 -1.468187 -5.810090
-0.781006 -0.918579 -4.000000 -0.468272 -1.584246 -5.879631
-0.785400 -0.918213 -4.000000 -0.275789 -1.521351 -5.793239
-0.784302 -0.916870 -4.000000 -0.253717 -1.383456 -5.728920
-0.780151 -0.910034 -4.000000 -0.269381 -1.293505 -5.706610
-0.787109 -0.920532 -4.000000 -0.295489 -1.316052 -5.695455
-0.786865 -0.921753 -4.000000 -0.361469 -1.410988 -5.707322
-0.777832 -0.917603 -4.000000 -0.371200 -1.444928 -5.721087
-0.784180 -0.913452 -4.000000 -0.316375 -1.380371 -5.714442
-0.781494 -0.915283 -4.000000 -0.304033 -1.330292 -5.727496
-0.785278 -0.920044 -4.000000 -0.306644 -1.305372 -5.711594
-0.783691 -0.921387 -4.000000 -0.307593 -1.293742 -5.675756
-0.782104 -0.919678 -4.000000 -0.304270 -1.319612 -5.705186
-0.785522 -0.917114 -4.000000 -0.309017 -1.354738 -5.723698
-0.781860 -0.922974 -4.000000 -0.304745 -1.366368 -5.718239
-0.781616 -0.914551 -4.000000 -0.301659 -1.358298 -5.731293
-0.792114 -0.909302 -4.000000 -0.296438 -1.354501 -5.741736
-0.783569 -0.921143 -4.000000 -0.292166 -1.395086 -5.753603
-0.791260 -0.920532 -4.000000 -0.300947 -1.455845 -5.781135
-0.790771 -0.919556 -4.000000 -0.307118 -1.504500 -5.804631
-0.795288 -0.916504 -4.000000 -0.303796 -1.514943 -5.793002
-0.792358 -0.922974 -4.000000 -0.277213 -1.480291 -5.761436
-0.780396 -0.916748 -4.000000 -0.252055 -1.406953 -5.700439
-0.783569 -0.920166 -4.000000 -0.231881 -1.320087 -5.647987
-0.781128 -0.915161 -4.000000 -0.214556 -1.278077 -5.615708
-0.780640 -0.921631 -4.000000 -0.191059 -1.276179 -5.611199
-0.774170 -0.914551 -4.000000 -0.154746 -1.295403 -5.612860
-0.787231 -0.911743 -4.000000 -0.101819 -1.318663 -5.607164
-0.787231 -0.917969 -4.000000 -0.060759 -1.320799 -5.605978
-0.786987 -0.914307 -4.000000 -0.048655 -1.366605 -5.620218
-0.784668 -0.916626 -4.000000 -0.097072 -1.427364 -5.620455
-0.783569 -0.915649 -4.000000 -0.187024 -1.525386 -5.653683
-0.781738 -0.916992 -4.000000 -0.274365 -1.624120 -5.676705
-0.777466 -0.918945 -4.000000 -0.357672 -1.689388 -5.660803
-0.790039 -0.920166 -4.000000 -0.447386 -1.733533 -5.625202
-0.785156 -0.914063 -4.000000 -0.547544 -1.773407 -5.628050
-0.781616 -0.911987 -4.000000 -0.632037 -1.845795 -5.649411
-0.787231 -0.920654 -4.000000 -0.683540 -1.926254 -5.716578
-0.780518 -0.914307 -4.000000 -0.630138 -1.916997 -5.734853
-0.785889 -0.919556 -4.000000 -0.504348 -1.711461 -5.687623
-0.788574 -0.912476 -4.000000 -0.298337 -1.414548 -5.597671
-0.787964 -0.922729 -4.000000 -0.092088 -1.110041 -5.478289
-0.783203 -0.916992 -4.000000 -0.004747 -0.894536 -5.357482
-0.788330 -0.911011 -4.000000 0.006646 -0.830454 -5.329951
-0.781738 -0.918945 -4.000000 -0.107040 -0.965975 -5.385251
-0.785400 -0.919189 -4.000000 -0.270331 -1.181955 -5.483984
-0.786743 -0.912720 -4.000000 -0.408463 -1.383931 -5.583193
-0.778687 -0.917725 -4.000000 -0.478715 -1.456083 -5.632797
-0.785522 -0.913208 -4.000000 -0.528794 -1.436146 -5.629712
-0.782104 -0.921387 -4.000000 -0.522623 -1.304422 -5.634696
-0.785522 -0.918091 -4.000000 -0.478478 -1.169376 -5.524807
-0.783691 -0.914063 -4.000000 -0.407513 -1.113838 -5.415631
-0.781616 -0.914673 -4.000000 -0.450947 -1.163205 -5.427260
-0.788086 -0.916870 -4.000000 -0.501025 -1.215420 -5.449570
-0.789551 -0.922119 -4.000000 -0.482987 -1.211147 -5.448146
-0.784302 -0.916992 -4.000000 -0.491532 -1.188600 -5.487070
-0.783936 -0.923706 -4.000000 -0.520487 -1.160357 -5.538573
-0.792358 -0.919800 -4.000000 -0.536626 -1.148964 -5.579395
-0.792725 -0.923706 -4.000000 -0.504585 -1.132588 -5.584380
-0.792969 -0.921021 -4.000000 -0.451659 -1.131876 -5.577022
-0.789795 -0.921875 -4.000000 -0.422940 -1.173173 -5.605028
-0.790771 -0.925293 -4.000000 -0.397545 -1.224913 -5.624015
-0.790894 -0.925537 -4.000000 -0.387339 -1.275467 -5.649648
-0.786743 -0.917358 -4.000000 -0.378320 -1.312017 -5.682876
-0.791748 -0.915283 -4.000000 -0.397308 -1.341447 -5.707559
-0.786255 -0.916260 -4.000000 -0.421279 -1.366131 -5.725360
-0.783936 -0.917603 -4.000000 -0.440978 -1.378710 -5.734379
-0.782471 -0.921631 -4.000000 -0.434333 -1.388203 -5.737939
-0.782593 -0.919922 -4.000000 -0.403716 -1.400782 -5.740550
-0.785034 -0.917114 -4.000000 -0.362893 -1.400782 -5.748619
-0.777222 -0.918823 -4.000000 -0.314951 -1.388678 -5.726546
-0.784424 -0.927979 -4.000000 -0.273179 -1.383931 -5.724173
-0.783813 -0.914673 -4.000000 -0.253005 -1.383694 -5.730344
-0.787842 -0.918823 -4.000000 -0.240188 -1.387254 -5.729157
-0.784302 -0.925049 -4.000000 -0.256090 -1.398884 -5.741499
-0.785522 -0.914429 -4.000000 -0.294065 -1.407903 -5.742923
-0.786255 -0.923706 -4.000000 -0.335599 -1.394374 -5.739600
-0.785522 -0.913696 -4.000000 -0.364317 -1.376099 -5.725834
-0.786133 -0.910278 -4.000000 -0.386390 -1.371352 -5.723461
-0.781250 -0.918335 -4.000000 -0.390425 -1.398409 -5.729869
-0.789063 -0.912842 -4.000000 -0.372624 -1.416209 -5.728208
-0.782349 -0.909790 -4.000000 -0.352450 -1.435434 -5.744110
-0.781616 -0.920288 -4.000000 -0.326343 -1.432111 -5.738888
-0.780518 -0.922119 -4.000000 -0.314476 -1.409089 -5.736989
-0.783569 -0.917603 -4.000000 -0.306644 -1.381558 -5.737701
