-0.783081 -0.919556 -4.000000 -0.246597 -1.291606 -5.696167
-0.791016 -0.915649 -4.000000 -0.268669 -1.301811 -5.709220
-0.785278 -0.917236 -4.000000 -0.318036 -1.333852 -5.765470
-0.779663 -0.917725 -4.000000 -0.372624 -1.376099 -5.783033
-0.778809 -0.918335 -4.000000 -0.373099 -1.414548 -5.808904
-0.780884 -0.914551 -4.000000 -0.351738 -1.419770 -5.828128
-0.786011 -0.911133 -4.000000 -0.309966 -1.416209 -5.837622
-0.782959 -0.923096 -4.000000 -0.279112 -1.409801 -5.831451
-0.784790 -0.920166 -4.000000 -0.260125 -1.381795 -5.827653
-0.789673 -0.921631 -4.000000 -0.253242 -1.362571 -5.828840
-0.781494 -0.916748 -4.000000 -0.264397 -1.356400 -5.840707
-0.785889 -0.916016 -4.000000 -0.290979 -1.352602 -5.849963
-0.786987 -0.916626 -4.000000 -0.297387 -1.346669 -5.863729
-0.785156 -0.916626 -4.000000 -0.318036 -1.360672 -5.855897
-0.789063 -0.925415 -4.000000 -0.334650 -1.380846 -5.855659
-0.781250 -0.923096 -4.000000 -0.365267 -1.390102 -5.864916
-0.778442 -0.920288 -4.000000 -0.387102 -1.381795 -5.849251
-0.787109 -0.922852 -4.000000 -0.400393 -1.376099 -5.848777
-0.789795 -0.914429 -4.000000 -0.425314 -1.376099 -5.846166
-0.786377 -0.913696 -4.000000 -0.438605 -1.379659 -5.865153
-0.786987 -0.922241 -4.000000 -0.459491 -1.391763 -5.862780
-0.793701 -0.920532 -4.000000 -0.528082 -1.374438 -5.840232
-0.786011 -0.920532 -4.000000 -0.607354 -1.299201 -5.788967
-0.792847 -0.917969 -4.000000 -0.683540 -1.209486 -5.766657
-0.779785 -0.914307 -4.000000 -0.764473 -1.148252 -5.762385
-0.790649 -0.918335 -4.000000 -0.830454 -1.144930 -5.782084
-0.784180 -0.918213 -4.000000 -0.912336 -1.204027 -5.820770
-0.786499 -0.912476 -4.000000 -1.007984 -1.315577 -5.851150
-0.791382 -0.913696 -4.000000 -1.101496 -1.408140 -5.885090
-0.785767 -0.921021 -4.000000 -1.140895 -1.485513 -5.941576
-0.790161 -0.921265 -4.000000 -1.145167 -1.538677 -5.963175
-0.792236 -0.916992 -4.000000 -1.122620 -1.567870 -5.958428
-0.783813 -0.916748 -4.000000 -1.064708 -1.585670 -5.937067
-0.787842 -0.915527 -4.000000 -1.005373 -1.625306 -5.911672
-0.787964 -0.910889 -4.000000 -0.982114 -1.649278 -5.856609
-0.779907 -0.909790 -4.000000 -0.966687 -1.584009 -5.803445
-0.782104 -0.914185 -4.000000 -1.012968 -1.497143 -5.729394
-0.788330 -0.917603 -4.000000 -1.071591 -1.449674 -5.697116
-0.785400 -0.913574 -4.000000 -1.071117 -1.444453 -5.751467
-0.785645 -0.910645 -4.000000 -1.085357 -1.490022 -5.807242
-0.789185 -0.914429 -4.000000 -1.090104 -1.532744 -5.854236
-0.780151 -0.916382 -4.000000 -1.117398 -1.540813 -5.858745
-0.784302 -0.920776 -4.000000 -1.076576 -1.525149 -5.852811
-0.781982 -0.921021 -4.000000 -0.989709 -1.466288 -5.830502
-0.785034 -0.918701 -4.000000 -0.883143 -1.418346 -5.820058
-0.786377 -0.915771 -4.000000 -0.792479 -1.377286 -5.802970
-0.781250 -0.922241 -4.000000 -0.700866 -1.353314 -5.760011
-0.783325 -0.911011 -4.000000 -0.650787 -1.376099 -5.772116
-0.779297 -0.918091 -4.000000 -0.635835 -1.406241 -5.792764
-0.788574 -0.914551 -4.000000 -0.625629 -1.421431 -5.775201
-0.779297 -0.919556 -4.000000 -0.562734 -1.421906 -5.813650
-0.782349 -0.911377 -4.000000 -0.509332 -1.468187 -5.832163
-0.783813 -0.922974 -4.000000 -0.474443 -1.517554 -5.849489
-0.790039 -0.919922 -4.000000 -0.444301 -1.530607 -5.860881
-0.779541 -0.919800 -4.000000 -0.398020 -1.518503 -5.859931
-0.790771 -0.915527 -4.000000 -0.366928 -1.485988 -5.852574
-0.782471 -0.916138 -4.000000 -0.329666 -1.436858 -5.845691
-0.784302 -0.923950 -4.000000 -0.313052 -1.378235 -5.826941
-0.785767 -0.920044 -4.000000 -0.287894 -1.338125 -5.835248
-0.786987 -0.924194 -4.000000 -0.283147 -1.337412 -5.866577
-0.784790 -0.923828 -4.000000 -0.279587 -1.363995 -5.879631
-0.782227 -0.917847 -4.000000 -0.256090 -1.409089 -5.883666
-0.789185 -0.922852 -4.000000 -0.232831 -1.437570 -5.874647
-0.782227 -0.916748 -4.000000 -0.222388 -1.482665 -5.846166
-0.778809 -0.923096 -4.000000 -0.217641 -1.518028 -5.835011
-0.791626 -0.916748 -4.000000 -0.208859 -1.537490 -5.809378
-0.779053 -0.927734 -4.000000 -0.211708 -1.545797 -5.783271
-0.783081 -0.921265 -4.000000 -0.206249 -1.528234 -5.731293
-0.785278 -0.918457 -4.000000 -0.192246 -1.498567 -5.690945
-0.783447 -0.920898 -4.000000 -0.177293 -1.503788 -5.617845
-0.785400 -0.914917 -4.000000 -0.148812 -1.517316 -5.605266
-0.786865 -0.917969 -4.000000 -0.103955 -1.518028 -5.610013
-0.785156 -0.911865 -4.000000 -0.086629 -1.490734 -5.606689
-0.791138 -0.913696 -4.000000 -0.075474 -1.446352 -5.607401
-0.779297 -0.920898 -4.000000 -0.122942 -1.412649 -5.561357
-0.783325 -0.913574 -4.000000 -0.202689 -1.346669 -5.494190
-0.784058 -0.912720 -4.000000 -0.203163 -1.279739 -5.417529
-0.785400 -0.922363 -4.000000 -0.166613 -1.304897 -5.368875
-0.788452 -0.922852 -4.000000 -0.198179 -1.423804 -5.397593
-0.781616 -0.917725 -4.000000 -0.249207 -1.561462 -5.417529
-0.783203 -0.916260 -4.000000 -0.247783 -1.641683 -5.477814
-0.792236 -0.910156 -4.000000 -0.227847 -1.642157 -5.557323
-0.783447 -0.910645 -4.000000 -0.237578 -1.502839 -5.529791
-0.782715 -0.915771 -4.000000 -0.178243 -1.224913 -5.382403
-0.779663 -0.920044 -4.000000 -0.110838 -0.912336 -5.327815
-0.786865 -0.916992 -4.000000 -0.081408 -0.698730 -5.308115
-0.784424 -0.914185 -4.000000 -0.139793 -0.658145 -5.371723
-0.782837 -0.914185 -4.000000 -0.231169 -0.763998 -5.515551
-0.779541 -0.916016 -4.000000 -0.361944 -0.982114 -5.650598
-0.782959 -0.912476 -4.000000 -0.489158 -1.190024 -5.774489
-0.785034 -0.917725 -4.000000 -0.564158 -1.308694 -5.872985
-0.787598 -0.916626 -4.000000 -0.573651 -1.327207 -5.885327
-0.792969 -0.919800 -4.000000 -0.506484 -1.262650 -5.862542
-0.789429 -0.920044 -4.000000 -0.426500 -1.184803 -5.800122
-0.785278 -0.911743 -4.000000 -0.385203 -1.140183 -5.773065
-0.783081 -0.919556 -4.000000 -0.368115 -1.142556 -5.770929
-0.789063 -0.916260 -4.000000 -0.358146 -1.188125 -5.762622
-0.776611 -0.915894 -4.000000 -0.327767 -1.233220 -5.763809
-0.783569 -0.916138 -4.000000 -0.306644 -1.251021 -5.765707
-0.787598 -0.917236 -4.000000 -0.315425 -1.255055 -5.757638
-0.782227 -0.922607 -4.000000 -0.342719 -1.270245 -5.765233
-0.786133 -0.925049 -4.000000 -0.391137 -1.296827 -5.781135
-0.783081 -0.917358 -4.000000 -0.437418 -1.308457 -5.798460
-0.785645 -0.915039 -4.000000 -0.443114 -1.311542 -5.807242
-0.787109 -0.921021 -4.000000 -0.409649 -1.317476 -5.796562
-0.779907 -0.920166 -4.000000 -0.340109 -1.333615 -5.776625
-0.783081 -0.914429 -4.000000 -0.276027 -1.337412 -5.757164
-0.792480 -0.920898 -4.000000 -0.242562 -1.341210 -5.755977
-0.783203 -0.921875 -4.000000 -0.265109 -1.353077 -5.768793
-0.778931 -0.920898 -4.000000 -0.314239 -1.372064 -5.794425
-0.784180 -0.924805 -4.000000 -0.327292 -1.365893 -5.816973
-0.779541 -0.918213 -4.000000 -0.342007 -1.362571 -5.837859
-0.779785 -0.922607 -4.000000 -0.366453 -1.374675 -5.857558
-0.777466 -0.918091 -4.000000 -0.358621 -1.380371 -5.852099
-0.783203 -0.918579 -4.000000 -0.310441 -1.384643 -5.849963
-0.783936 -0.921387 -4.000000 -0.257752 -1.385118 -5.847827
-0.792603 -0.915405 -4.000000 -0.218116 -1.389390 -5.841656
-0.789673 -0.920166 -4.000000 -0.220726 -1.397934 -5.839283
-0.791260 -0.917969 -4.000000 -0.240426 -1.406004 -5.838809
-0.781372 -0.919922 -4.000000 -0.271755 -1.425466 -5.851862
-0.784668 -0.913940 -4.000000 -0.305220 -1.462253 -5.862068
-0.787476 -0.917725 -4.000000 -0.335599 -1.512807 -5.874172
-0.784424 -0.922607 -4.000000 -0.358858 -1.539152 -5.885327
-0.780884 -0.919312 -4.000000 -0.358146 -1.542237 -5.857796
-0.782104 -0.923584 -4.000000 -0.336549 -1.511858 -5.828840
-0.783203 -0.923218 -4.000000 -0.304270 -1.456320 -5.804157
-0.789063 -0.917480 -4.000000 -0.272941 -1.409801 -5.783745
-0.783569 -0.918945 -4.000000 -0.251343 -1.378710 -5.753603
-0.785522 -0.920532 -4.000000 -0.248495 -1.371115 -5.748619
-0.780396 -0.923096 -4.000000 -0.275077 -1.392238 -5.771166
-0.786133 -0.912720 -4.000000 -0.332988 -1.418820 -5.815549
-0.785034 -0.915771 -4.000000 -0.386153 -1.436858 -5.846166
-0.785400 -0.922241 -4.000000 -0.423178 -1.466051 -5.870137
-0.781372 -0.919922 -4.000000 -0.433858 -1.474595 -5.875834
-0.786743 -0.917847 -4.000000 -0.417244 -1.472934 -5.882004
-0.787354 -0.913818 -4.000000 -0.403953 -1.479342 -5.887226
-0.780518 -0.918091 -4.000000 -0.391374 -1.472934 -5.881530
-0.785889 -0.922485 -4.000000 -0.367640 -1.449437 -5.874884
-0.782959 -0.921997 -4.000000 -0.360757 -1.424991 -5.856134
-0.788940 -0.919067 -4.000000 -0.365029 -1.408377 -5.843081
-0.791748 -0.921021 -4.000000 -0.369301 -1.374912 -5.820058
-0.786499 -0.914185 -4.000000 -0.376184 -1.351890 -5.816973
-0.791260 -0.915649 -4.000000 -0.392323 -1.340261 -5.817210
-0.791626 -0.920044 -4.000000 -0.413447 -1.347618 -5.827416
-0.787109 -0.921997 -4.000000 -0.436231 -1.361384 -5.821957
-0.791504 -0.917480 -4.000000 -0.450235 -1.376336 -5.814600
-0.785156 -0.911255 -4.000000 -0.462102 -1.395324 -5.815311
-0.776001 -0.915771 -4.000000 -0.451659 -1.414073 -5.814600
-0.795044 -0.920044 -4.000000 -0.435282 -1.416921 -5.810328
-0.783569 -0.915527 -4.000000 -0.419143 -1.404342 -5.809141
