-0.791260 -0.917358 -4.000000 -0.274840 -1.549832 -5.653920
-0.783936 -0.914063 -4.000000 -0.330852 -1.609879 -5.615234
-0.778320 -0.915039 -4.000000 -0.334887 -1.631240 -5.630898
-0.780151 -0.915771 -4.000000 -0.328479 -1.647379 -5.630661
-0.777222 -0.914429 -4.000000 -0.339871 -1.649515 -5.649886
-0.792725 -0.912231 -4.000000 -0.341295 -1.655923 -5.685012
-0.790649 -0.917358 -4.000000 -0.340583 -1.645718 -5.714205
-0.785767 -0.918213 -4.000000 -0.327055 -1.615575 -5.725360
-0.781250 -0.916504 -4.000000 -0.280774 -1.562886 -5.718477
-0.786621 -0.918579 -4.000000 -0.239476 -1.514706 -5.717765
-0.781982 -0.917847 -4.000000 -0.237340 -1.484563 -5.719426
-0.776001 -0.914551 -4.000000 -0.237103 -1.479817 -5.731768
-0.782715 -0.914917 -4.000000 -0.216454 -1.477681 -5.738413
-0.782227 -0.913818 -4.000000 -0.213606 -1.486937 -5.754315
-0.778809 -0.916748 -4.000000 -0.212420 -1.488361 -5.778524
-0.784668 -0.918701 -4.000000 -0.221201 -1.508298 -5.794188
-0.790283 -0.912354 -4.000000 -0.231644 -1.552205 -5.802732
-0.787476 -0.918335 -4.000000 -0.253005 -1.612015 -5.782796
-0.787231 -0.918701 -4.000000 -0.292641 -1.631477 -5.795612
-0.782959 -0.917236 -4.000000 -0.327530 -1.622458 -5.783271
-0.785889 -0.916016 -4.000000 -0.349128 -1.587806 -5.732480
-0.777954 -0.918823 -4.000000 -0.402529 -1.558376 -5.697591
-0.785400 -0.914185 -4.000000 -0.445013 -1.547221 -5.668398
-0.779175 -0.915894 -4.000000 -0.459253 -1.548408 -5.656294
-0.780151 -0.914673 -4.000000 -0.469222 -1.512332 -5.614759
-0.783325 -0.915039 -4.000000 -0.493430 -1.424991 -5.580107
-0.776855 -0.916870 -4.000000 -0.576262 -1.346906 -5.578209
-0.780273 -0.913452 -4.000000 -0.665265 -1.294454 -5.585566
-0.787842 -0.920288 -4.000000 -0.739315 -1.276891 -5.601231
-0.789063 -0.912720 -4.000000 -0.814077 -1.295641 -5.625202
-0.789063 -0.917358 -4.000000 -0.880295 -1.322223 -5.630424
-0.786499 -0.919678 -4.000000 -0.905453 -1.376099 -5.634696
-0.786743 -0.920776 -4.000000 -0.895485 -1.426890 -5.636832
-0.784058 -0.913452 -4.000000 -0.892162 -1.431162 -5.643477
-0.782715 -0.921753 -4.000000 -0.913523 -1.369453 -5.625914
-0.778564 -0.922852 -4.000000 -0.949361 -1.263837 -5.583430
-0.783936 -0.920898 -4.000000 -0.989946 -1.154423 -5.542133
-0.783936 -0.914551 -4.000000 -1.020801 -1.089867 -5.517687
-0.782837 -0.914917 -4.000000 -1.051180 -1.108379 -5.493953
-0.786011 -0.913818 -4.000000 -1.058775 -1.202366 -5.493241
-0.782959 -0.920288 -4.000000 -1.039550 -1.304422 -5.515314
-0.787354 -0.915039 -4.000000 -0.987573 -1.356400 -5.554237
-0.783569 -0.916382 -4.000000 -0.908539 -1.366843 -5.605266
-0.786377 -0.915039 -4.000000 -0.851102 -1.358773 -5.632322
-0.781616 -0.924316 -4.000000 -0.783935 -1.348093 -5.643240
-0.781860 -0.919678 -4.000000 -0.732432 -1.362808 -5.657480
-0.778687 -0.919556 -4.000000 -0.700866 -1.409327 -5.645139
-0.792480 -0.919434 -4.000000 -0.644616 -1.451098 -5.621642
-0.785767 -0.915161 -4.000000 -0.603556 -1.479817 -5.611436
-0.787476 -0.915894 -4.000000 -0.598572 -1.493345 -5.643477
-0.781494 -0.916016 -4.000000 -0.609490 -1.479817 -5.687860
-0.784546 -0.919312 -4.000000 -0.586943 -1.468424 -5.725597
-0.781494 -0.917480 -4.000000 -0.564633 -1.492396 -5.722512
-0.784302 -0.919434 -4.000000 -0.532354 -1.526573 -5.720850
-0.783691 -0.915527 -4.000000 -0.502924 -1.549595 -5.742211
-0.785767 -0.922363 -4.000000 -0.486310 -1.546984 -5.775913
-0.784668 -0.918579 -4.000000 -0.481089 -1.534642 -5.797986
-0.779663 -0.918457 -4.000000 -0.479902 -1.538677 -5.823856
-0.788940 -0.915894 -4.000000 -0.474681 -1.567395 -5.852099
-0.785400 -0.914551 -4.000000 -0.449760 -1.609879 -5.865865
-0.783203 -0.921021 -4.000000 -0.422228 -1.653550 -5.884615
-0.777832 -0.916504 -4.000000 -0.379744 -1.680607 -5.877732
-0.786133 -0.921875 -4.000000 -0.305220 -1.678233 -5.863492
-0.784058 -0.916992 -4.000000 -0.261074 -1.668028 -5.855897
-0.785400 -0.917480 -4.000000 -0.224761 -1.664467 -5.870612
-0.778198 -0.917114 -4.000000 -0.192008 -1.652363 -5.880580
-0.783813 -0.916748 -4.000000 -0.193907 -1.626018 -5.915944
-0.777466 -0.915283 -4.000000 -0.244460 -1.532269 -5.919267
-0.788574 -0.918457 -4.000000 -0.380694 -1.439944 -5.886989
-0.785400 -0.917480 -4.000000 -0.335362 -1.365656 -5.880580
-0.782837 -0.919189 -4.000000 -0.337498 -1.343821 -5.882954
-0.784302 -0.918579 -4.000000 -0.330615 -1.349280 -5.876308
-0.779907 -0.919922 -4.000000 -0.322545 -1.360672 -5.860644
-0.783447 -0.924805 -4.000000 -0.320172 -1.365656 -5.862068
-0.788696 -0.915405 -4.000000 -0.337261 -1.358536 -5.847827
-0.789063 -0.914673 -4.000000 -0.346042 -1.329106 -5.815311
-0.781128 -0.916870 -4.000000 -0.322071 -1.271669 -5.783745
-0.779785 -0.915649 -4.000000 -0.312340 -1.230372 -5.805106
-0.778931 -0.914551 -4.000000 -0.258701 -1.214470 -5.771641
-0.784180 -0.919189 -4.000000 -0.431722 -1.379659 -5.862305
-0.784424 -0.917358 -4.000000 -0.374760 -1.414073 -5.793239
-0.792236 -0.921387 -4.000000 -0.363368 -1.374912 -5.771166
-0.788818 -0.923462 -4.000000 -0.345567 -1.263125 -5.747195
-0.788330 -0.918701 -4.000000 -0.323020 -1.226575 -5.711119
-0.786621 -0.920898 -4.000000 -0.368352 -1.283774 -5.735803
-0.783569 -0.916992 -4.000000 -0.401342 -1.332666 -5.726546
-0.785645 -0.916626 -4.000000 -0.425551 -1.339311 -5.732717
-0.788330 -0.917847 -4.000000 -0.463763 -1.333615 -5.759062
-0.787964 -0.919922 -4.000000 -0.480139 -1.332666 -5.757164
-0.791870 -0.916260 -4.000000 -0.478241 -1.336463 -5.755265
-0.780884 -0.916504 -4.000000 -0.459253 -1.357349 -5.772116
-0.784668 -0.911499 -4.000000 -0.414633 -1.392238 -5.782559
-0.786255 -0.920654 -4.000000 -0.379270 -1.403868 -5.797037
-0.785889 -0.917603 -4.000000 -0.344143 -1.362333 -5.783271
-0.784424 -0.920288 -4.000000 -0.323020 -1.321036 -5.774014
-0.785645 -0.919189 -4.000000 -0.320172 -1.300150 -5.766182
-0.788452 -0.914917 -4.000000 -0.341295 -1.313204 -5.783745
-0.784546 -0.916992 -4.000000 -0.355536 -1.326020 -5.794425
-0.779175 -0.918701 -4.000000 -0.344143 -1.319849 -5.770929
-0.783691 -0.915405 -4.000000 -0.334887 -1.312729 -5.755027
-0.785034 -0.918701 -4.000000 -0.307356 -1.303948 -5.736989
-0.778687 -0.914185 -4.000000 -0.305220 -1.304422 -5.755027
-0.783569 -0.913696 -4.000000 -0.303084 -1.303710 -5.752654
-0.783813 -0.916138 -4.000000 -0.282198 -1.298963 -5.756926
-0.779907 -0.915649 -4.000000 -0.271517 -1.294691 -5.763334
-0.786743 -0.912720 -4.000000 -0.258226 -1.297065 -5.751942
-0.780518 -0.923462 -4.000000 -0.253717 -1.300862 -5.740787
-0.784790 -0.921143 -4.000000 -0.262024 -1.280213 -5.730344
-0.781738 -0.915405 -4.000000 -0.288368 -1.235831 -5.720850
-0.785034 -0.920654 -4.000000 -0.346992 -1.196670 -5.703050
-0.785034 -0.914673 -4.000000 -0.432671 -1.211147 -5.704711
-0.786743 -0.920898 -4.000000 -0.507196 -1.257666 -5.713967
-0.788818 -0.915771 -4.000000 -0.555139 -1.345007 -5.708034
-0.780640 -0.918701 -4.000000 -0.588367 -1.466288 -5.686673
-0.780884 -0.916504 -4.000000 -0.605692 -1.579500 -5.648224
-0.789307 -0.915039 -4.000000 -0.605455 -1.727125 -5.652259
-0.787720 -0.918213 -4.000000 -0.522623 -1.861223 -5.658430
-0.784302 -0.913940 -4.000000 -0.393748 -1.933611 -5.643003
-0.782104 -0.915161 -4.000000 -0.232356 -1.909403 -5.611911
-0.787964 -0.919678 -4.000000 -0.133860 -1.692948 -5.525044
-0.794067 -0.916138 -4.000000 -0.222151 -1.363520 -5.315473
-0.784912 -0.915894 -4.000000 -0.084018 -1.076338 -5.204398
-0.786133 -0.914551 -4.000000 -0.095173 -0.950073 -5.168085
-0.786987 -0.912231 -4.000000 -0.206486 -0.980690 -5.223148
-0.782593 -0.916748 -4.000000 -0.315425 -1.108379 -5.311676
-0.780518 -0.917236 -4.000000 -0.485124 -1.277603 -5.416343
-0.780762 -0.914551 -4.000000 -0.634173 -1.435671 -5.505820
-0.780151 -0.909546 -4.000000 -0.730296 -1.542237 -5.582243
-0.784790 -0.917480 -4.000000 -0.804821 -1.620322 -5.661753
-0.788940 -0.912964 -4.000000 -0.852289 -1.674673 -5.765945
-0.781860 -0.917603 -4.000000 -0.836625 -1.666129 -5.834774
-0.771973 -0.915527 -4.000000 -0.761150 -1.575465 -5.869425
-0.783691 -0.918701 -4.000000 -0.691847 -1.448488 -5.918317
-0.788330 -0.922363 -4.000000 -0.669774 -1.313204 -5.855897
-0.783081 -0.916382 -4.000000 -0.503636 -1.162730 -5.631135
-0.779175 -0.917236 -4.000000 -0.395172 -1.078000 -5.540946
-0.782104 -0.914307 -4.000000 -0.362656 -1.097699 -5.550202
-0.784058 -0.917480 -4.000000 -0.301659 -1.144217 -5.488731
-0.794434 -0.920532 -4.000000 -0.303558 -1.143268 -5.521010
-0.786011 -0.913452 -4.000000 -0.454981 -1.160357 -5.684774
-0.787598 -0.921875 -4.000000 -0.559648 -1.234644 -5.846641
-0.784302 -0.919556 -4.000000 -0.560123 -1.349517 -5.899568
-0.791748 -0.918945 -4.000000 -0.533066 -1.447064 -5.885090
-0.784180 -0.919800 -4.000000 -0.498177 -1.471985 -5.836910
-0.787476 -0.914185 -4.000000 -0.482275 -1.472459 -5.836197
-0.781616 -0.914795 -4.000000 -0.443826 -1.435434 -5.835248
-0.787231 -0.915161 -4.000000 -0.391137 -1.355688 -5.799884
-0.783325 -0.916748 -4.000000 -0.352925 -1.285435 -5.760961
-0.786011 -0.918091 -4.000000 -0.293353 -1.254106 -5.721087
-0.781372 -0.916382 -4.000000 -0.281011 -1.267160 -5.705423
