-0.782227 -0.914429 -4.000000 -0.495329 -1.488836 -5.797986
-0.788330 -0.922241 -4.000000 -0.433858 -1.443266 -5.786356
-0.785522 -0.917114 -4.000000 -0.371438 -1.433298 -5.763571
-0.784058 -0.918823 -4.000000 -0.345093 -1.436146 -5.786119
-0.790161 -0.921753 -4.000000 -0.323020 -1.458219 -5.805106
-0.785400 -0.915161 -4.000000 -0.343906 -1.493820 -5.847590
-0.785889 -0.921387 -4.000000 -0.390899 -1.504500 -5.884377
-0.787842 -0.918335 -4.000000 -0.406089 -1.477681 -5.885564
-0.778564 -0.918701 -4.000000 -0.405615 -1.435197 -5.868713
-0.781372 -0.912842 -4.000000 -0.380694 -1.414311 -5.861118
-0.793335 -0.916016 -4.000000 -0.356722 -1.410513 -5.845454
-0.782349 -0.916870 -4.000000 -0.370726 -1.398884 -5.829315
-0.779419 -0.915405 -4.000000 -0.390662 -1.383931 -5.814363
-0.782715 -0.917114 -4.000000 -0.413209 -1.370403 -5.816736
-0.782471 -0.921509 -4.000000 -0.438368 -1.362096 -5.814363
-0.784058 -0.913574 -4.000000 -0.494380 -1.359722 -5.829315
-0.784790 -0.913574 -4.000000 -0.539712 -1.368504 -5.847827
-0.790771 -0.914429 -4.000000 -0.598572 -1.394137 -5.860169
-0.785034 -0.913574 -4.000000 -0.646278 -1.393188 -5.852337
-0.787598 -0.925659 -4.000000 -0.669774 -1.387729 -5.827416
-0.790894 -0.919922 -4.000000 -0.709410 -1.400070 -5.795138
-0.781982 -0.908813 -4.000000 -0.743587 -1.417396 -5.757401
-0.781982 -0.916870 -4.000000 -0.768270 -1.420719 -5.747670
-0.785278 -0.918091 -4.000000 -0.806957 -1.421668 -5.750992
-0.780640 -0.909790 -4.000000 -0.827368 -1.450149 -5.754790
-0.790649 -0.915283 -4.000000 -0.873650 -1.489548 -5.773303
-0.785522 -0.915649 -4.000000 -0.932035 -1.517554 -5.810802
-0.789917 -0.920410 -4.000000 -0.968348 -1.554816 -5.866340
-0.787354 -0.910400 -4.000000 -1.030769 -1.597063 -5.904314
-0.784912 -0.924072 -4.000000 -1.049519 -1.591604 -5.903128
-0.786621 -0.914551 -4.000000 -1.006560 -1.592553 -5.867764
-0.785889 -0.912231 -4.000000 -0.941529 -1.619610 -5.848539
-0.787476 -0.916992 -4.000000 -0.907352 -1.626730 -5.817448
-0.790405 -0.916382 -4.000000 -0.887653 -1.652600 -5.795612
-0.789429 -0.917969 -4.000000 -0.853001 -1.638597 -5.743872
-0.786133 -0.918091 -4.000000 -0.791767 -1.603471 -5.697828
-0.783325 -0.915283 -4.000000 -0.717480 -1.541050 -5.699015
-0.786621 -0.914673 -4.000000 -0.710834 -1.442792 -5.673382
-0.782349 -0.916260 -4.000000 -0.825232 -1.370403 -5.650123
-0.776855 -0.918335 -4.000000 -0.905216 -1.350941 -5.680027
-0.775635 -0.915527 -4.000000 -0.996117 -1.357112 -5.699490
-0.786621 -0.915283 -4.000000 -1.067557 -1.355213 -5.728208
-0.783691 -0.919189 -4.000000 -1.044297 -1.344533 -5.734141
-0.790894 -0.914673 -4.000000 -0.953396 -1.372776 -5.770692
-0.782349 -0.914185 -4.000000 -0.880058 -1.416209 -5.822669
-0.789307 -0.915405 -4.000000 -0.793429 -1.427602 -5.850676
-0.793335 -0.915161 -4.000000 -0.707511 -1.440181 -5.838571
-0.783447 -0.911377 -4.000000 -0.651974 -1.449437 -5.844504
-0.783325 -0.918335 -4.000000 -0.615661 -1.470086 -5.825280
-0.782593 -0.919312 -4.000000 -0.559411 -1.479342 -5.826467
-0.785156 -0.915527 -4.000000 -0.511943 -1.492396 -5.825755
-0.787598 -0.921387 -4.000000 -0.471120 -1.501889 -5.810565
-0.787964 -0.913940 -4.000000 -0.416532 -1.481241 -5.812226
-0.783569 -0.912842 -4.000000 -0.353637 -1.451336 -5.819821
-0.783569 -0.917480 -4.000000 -0.300710 -1.426890 -5.825517
-0.776245 -0.913940 -4.000000 -0.285995 -1.427364 -5.840232
-0.786865 -0.913574 -4.000000 -0.313764 -1.457269 -5.858982
-0.785278 -0.918823 -4.000000 -0.328242 -1.462965 -5.857321
-0.787354 -0.915649 -4.000000 -0.313052 -1.469611 -5.839283
-0.782837 -0.913940 -4.000000 -0.293590 -1.476969 -5.828603
-0.775391 -0.910522 -4.000000 -0.270568 -1.447301 -5.801071
-0.781860 -0.915039 -4.000000 -0.202451 -1.355688 -5.735803
-0.789307 -0.914551 -4.000000 -0.135284 -1.269296 -5.658905
-0.786499 -0.919800 -4.000000 -0.121044 -1.220166 -5.606927
-0.782349 -0.911743 -4.000000 -0.136708 -1.183141 -5.579395
-0.781982 -0.913940 -4.000000 -0.191534 -1.171037 -5.549728
-0.785522 -0.915649 -4.000000 -0.236391 -1.209249 -5.538573
-0.786499 -0.910034 -4.000000 -0.247546 -1.273805 -5.548067
-0.780762 -0.914185 -4.000000 -0.267482 -1.372776 -5.582006
-0.788696 -0.919800 -4.000000 -0.301422 -1.456795 -5.551864
-0.794922 -0.912842 -4.000000 -0.314001 -1.493345 -5.518636
-0.791260 -0.920654 -4.000000 -0.261074 -1.495718 -5.528367
-0.787598 -0.924561 -4.000000 -0.233780 -1.474358 -5.554000
-0.782837 -0.913086 -4.000000 -0.232119 -1.441130 -5.485171
-0.786743 -0.917969 -4.000000 -0.237340 -1.376099 -5.450045
-0.783936 -0.910889 -4.000000 -0.214318 -1.287096 -5.455978
-0.787842 -0.924072 -4.000000 -0.185125 -1.238916 -5.475203
-0.781860 -0.915405 -4.000000 -0.217878 -1.243900 -5.517212
-0.789673 -0.916138 -4.000000 -0.273179 -1.241052 -5.538098
-0.780518 -0.914063 -4.000000 -0.313289 -1.215657 -5.540709
-0.782349 -0.914429 -4.000000 -0.316375 -1.191923 -5.548067
-0.780518 -0.913574 -4.000000 -0.330378 -1.203078 -5.593399
-0.784424 -0.914795 -4.000000 -0.371912 -1.251258 -5.657718
-0.788818 -0.922241 -4.000000 -0.441690 -1.305846 -5.732005
-0.780029 -0.923584 -4.000000 -0.501975 -1.351890 -5.790391
-0.790527 -0.908813 -4.000000 -0.553478 -1.371827 -5.856846
-0.782837 -0.920410 -4.000000 -0.560598 -1.365181 -5.908112
-0.779785 -0.920532 -4.000000 -0.536389 -1.342871 -5.919029
-0.791138 -0.919678 -4.000000 -0.535677 -1.330292 -5.882479
-0.791138 -0.916992 -4.000000 -0.512892 -1.297302 -5.794663
-0.784668 -0.916260 -4.000000 -0.443589 -1.242239 -5.734616
-0.783569 -0.915161 -4.000000 -0.398257 -1.197619 -5.708983
-0.782593 -0.918335 -4.000000 -0.378083 -1.162018 -5.715391
-0.783081 -0.921631 -4.000000 -0.373336 -1.162730 -5.754790
-0.787842 -0.916748 -4.000000 -0.411548 -1.221828 -5.807005
-0.783203 -0.911133 -4.000000 -0.446912 -1.274517 -5.847827
-0.788574 -0.918457 -4.000000 -0.422466 -1.289232 -5.853286
-0.788452 -0.914673 -4.000000 -0.368827 -1.299675 -5.844267
-0.790161 -0.918213 -4.000000 -0.330378 -1.327682 -5.845217
-0.782471 -0.919067 -4.000000 -0.287182 -1.357586 -5.861593
-0.788208 -0.916992 -4.000000 -0.283859 -1.395324 -5.888650
-0.784546 -0.913330 -4.000000 -0.309254 -1.414073 -5.893396
-0.788086 -0.911621 -4.000000 -0.311153 -1.395798 -5.881292
-0.793213 -0.919678 -4.000000 -0.298099 -1.359485 -5.882004
-0.786987 -0.918579 -4.000000 -0.295014 -1.345482 -5.890786
-0.792236 -0.916016 -4.000000 -0.319223 -1.377048 -5.913333
-0.785156 -0.919922 -4.000000 -0.349602 -1.421194 -5.948934
-0.782227 -0.910645 -4.000000 -0.383067 -1.441842 -5.968634
-0.791870 -0.907837 -4.000000 -0.377134 -1.424279 -5.948934
-0.779297 -0.915161 -4.000000 -0.345805 -1.400782 -5.912384
-0.780884 -0.915405 -4.000000 -0.321596 -1.367555 -5.894109
-0.783447 -0.920044 -4.000000 -0.293590 -1.341685 -5.883428
-0.786987 -0.916016 -4.000000 -0.275315 -1.330530 -5.871562
-0.788818 -0.915771 -4.000000 -0.264872 -1.331716 -5.868476
-0.787720 -0.913208 -4.000000 -0.268669 -1.346906 -5.877969
-0.784058 -0.912354 -4.000000 -0.301897 -1.369216 -5.878207
-0.784668 -0.915649 -4.000000 -0.328716 -1.380608 -5.903840
-0.783813 -0.914307 -4.000000 -0.342482 -1.385593 -5.900991
-0.790527 -0.921021 -4.000000 -0.336786 -1.382982 -5.903365
-0.780151 -0.919800 -4.000000 -0.320409 -1.377760 -5.902653
-0.782959 -0.920044 -4.000000 -0.295251 -1.379659 -5.893871
-0.778320 -0.921509 -4.000000 -0.269619 -1.376811 -5.884852
-0.787842 -0.915649 -4.000000 -0.254191 -1.378947 -5.864204
-0.781738 -0.918091 -4.000000 -0.257277 -1.380846 -5.859220
-0.784424 -0.919312 -4.000000 -0.258938 -1.377760 -5.850676
-0.781616 -0.916138 -4.000000 -0.262024 -1.394137 -5.848777
-0.778809 -0.916138 -4.000000 -0.294302 -1.420719 -5.868476
-0.778198 -0.912964 -4.000000 -0.325394 -1.417871 -5.856371
-0.781860 -0.922363 -4.000000 -0.337735 -1.406716 -5.856609
-0.778198 -0.922119 -4.000000 -0.336311 -1.381083 -5.852099
-0.780762 -0.911377 -4.000000 -0.318985 -1.357586 -5.854948
-0.787109 -0.919312 -4.000000 -0.308068 -1.360435 -5.864678
-0.782593 -0.916748 -4.000000 -0.310441 -1.378472 -5.872748
-0.788330 -0.913574 -4.000000 -0.309254 -1.411463 -5.879394
-0.784546 -0.918213 -4.000000 -0.310678 -1.421194 -5.897906
-0.786011 -0.923340 -4.000000 -0.314713 -1.426890 -5.899330
-0.786377 -0.926147 -4.000000 -0.310678 -1.424754 -5.898381
-0.781250 -0.916870 -4.000000 -0.311153 -1.415023 -5.900042
-0.778809 -0.922241 -4.000000 -0.302609 -1.413599 -5.902890
-0.787842 -0.912231 -4.000000 -0.305932 -1.403393 -5.898855
-0.781006 -0.919556 -4.000000 -0.333463 -1.401494 -5.899330
-0.777466 -0.920166 -4.000000 -0.335362 -1.387017 -5.877732
-0.781372 -0.920288 -4.000000 -0.323257 -1.392475 -5.875359
-0.785767 -0.918213 -4.000000 -0.314713 -1.414548 -5.874172
-0.785645 -0.913940 -4.000000 -0.304270 -1.422143 -5.869900
-0.786255 -0.923950 -4.000000 -0.299049 -1.418820 -5.855897
-0.788086 -0.921509 -4.000000 -0.302846 -1.418108 -5.867289
-0.796021 -0.919312 -4.000000 -0.315188 -1.416921 -5.866103
-0.788452 -0.917236 -4.000000 -0.336786 -1.412649 -5.863492
-0.785400 -0.918457 -4.000000 -0.355061 -1.395561 -5.858270
