-0.788208 -0.921021 -4.000000 0.168749 -1.610354 -5.712780
-0.788696 -0.919067 -4.000000 0.226185 -1.678945 -5.673382
-0.787720 -0.920410 -4.000000 0.194856 -1.687015 -5.678366
-0.782837 -0.918701 -4.000000 0.150474 -1.634325 -5.681689
-0.790771 -0.923218 -4.000000 0.126740 -1.566208 -5.696404
-0.782959 -0.918335 -4.000000 0.063845 -1.533218 -5.733904
-0.784302 -0.920532 -4.000000 -0.045095 -1.535354 -5.751942
-0.779907 -0.917480 -4.000000 -0.152847 -1.552917 -5.766894
-0.780396 -0.909546 -4.000000 -0.243511 -1.599674 -5.772116
-0.780762 -0.918335 -4.000000 -0.328004 -1.648566 -5.765470
-0.786255 -0.915649 -4.000000 -0.413209 -1.699119 -5.760961
-0.780029 -0.915527 -4.000000 -0.483700 -1.718344 -5.755977
-0.786743 -0.923584 -4.000000 -0.538288 -1.712410 -5.737701
-0.791260 -0.917236 -4.000000 -0.559648 -1.657585 -5.726546
-0.786133 -0.911743 -4.000000 -0.554190 -1.580924 -5.718477
-0.785522 -0.919556 -4.000000 -0.548019 -1.517554 -5.697828
-0.788574 -0.917969 -4.000000 -0.548493 -1.460117 -5.672907
-0.783325 -0.919312 -4.000000 -0.553478 -1.419058 -5.671721
-0.783569 -0.920044 -4.000000 -0.586705 -1.402206 -5.659854
-0.777832 -0.917969 -4.000000 -0.611389 -1.374912 -5.647987
-0.787109 -0.915649 -4.000000 -0.668825 -1.385118 -5.613573
-0.785400 -0.914185 -4.000000 -0.741688 -1.386542 -5.595772
-0.790039 -0.913696 -4.000000 -0.799599 -1.369691 -5.581532
-0.783691 -0.911377 -4.000000 -0.879583 -1.341447 -5.568715
-0.785034 -0.920776 -4.000000 -0.972383 -1.297539 -5.559696
-0.789063 -0.919800 -4.000000 -1.002763 -1.293505 -5.566816
-0.787964 -0.922119 -4.000000 -1.024123 -1.375624 -5.570614
-0.782349 -0.907471 -4.000000 -1.079661 -1.507111 -5.595772
-0.781128 -0.910400 -4.000000 -1.109329 -1.627205 -5.613573
-0.784912 -0.920166 -4.000000 -1.093189 -1.677758 -5.614759
-0.783203 -0.922241 -4.000000 -1.045721 -1.636936 -5.590550
-0.777466 -0.918457 -4.000000 -0.996117 -1.550544 -5.565392
-0.795288 -0.918335 -4.000000 -0.984250 -1.464864 -5.572275
-0.786133 -0.919067 -4.000000 -0.997541 -1.413599 -5.586041
-0.783325 -0.916748 -4.000000 -1.013680 -1.376811 -5.605028
-0.785034 -0.914307 -4.000000 -1.028395 -1.355925 -5.600756
-0.790161 -0.918945 -4.000000 -1.053554 -1.335514 -5.584854
-0.789185 -0.911377 -4.000000 -1.110753 -1.281638 -5.568478
-0.786743 -0.917480 -4.000000 -1.174834 -1.211385 -5.579158
-0.786987 -0.917114 -4.000000 -1.218030 -1.149676 -5.604554
-0.778809 -0.923462 -4.000000 -1.245324 -1.121433 -5.620455
-0.778931 -0.915039 -4.000000 -1.228948 -1.138759 -5.616658
-0.789307 -0.917725 -4.000000 -1.155610 -1.213996 -5.614759
-0.782837 -0.914917 -4.000000 -1.030057 -1.286147 -5.629474
-0.785767 -0.912231 -4.000000 -0.880058 -1.332903 -5.654395
-0.784302 -0.909912 -4.000000 -0.709885 -1.348805 -5.657006
-0.783447 -0.917603 -4.000000 -0.564870 -1.347143 -5.660803
-0.784790 -0.922852 -4.000000 -0.464238 -1.348805 -5.671958
-0.778198 -0.919189 -4.000000 -0.398494 -1.356400 -5.700913
-0.782349 -0.917236 -4.000000 -0.339871 -1.371115 -5.721087
-0.782593 -0.922485 -4.000000 -0.292878 -1.412175 -5.751467
-0.782104 -0.919434 -4.000000 -0.247309 -1.430212 -5.755977
-0.783325 -0.919312 -4.000000 -0.217404 -1.427602 -5.763334
-0.785278 -0.907593 -4.000000 -0.191771 -1.415497 -5.760724
-0.784668 -0.917480 -4.000000 -0.171360 -1.417159 -5.774726
-0.784424 -0.916870 -4.000000 -0.155221 -1.416921 -5.771641
-0.788818 -0.922729 -4.000000 -0.149999 -1.407665 -5.775676
-0.788818 -0.915161 -4.000000 -0.143354 -1.390339 -5.790865
-0.783447 -0.919189 -4.000000 -0.130537 -1.390339 -5.794663
-0.786621 -0.913696 -4.000000 -0.119145 -1.413836 -5.791103
-0.785034 -0.918945 -4.000000 -0.109177 -1.433773 -5.784220
-0.777466 -0.912598 -4.000000 -0.088291 -1.462728 -5.789442
-0.790161 -0.916626 -4.000000 -0.056487 -1.471747 -5.772591
-0.786011 -0.919922 -4.000000 -0.028243 -1.464864 -5.742448
-0.787354 -0.921753 -4.000000 0.010918 -1.424042 -5.710407
-0.790527 -0.915894 -4.000000 0.022310 -1.329580 -5.687385
-0.788940 -0.915283 -4.000000 0.011867 -1.212334 -5.668398
-0.783691 -0.917725 -4.000000 -0.024683 -1.083458 -5.656056
-0.784668 -0.917603 -4.000000 -0.102768 -0.949124 -5.665550
-0.781372 -0.913452 -4.000000 -0.271517 -0.829504 -5.716578
-0.782959 -0.917114 -4.000000 -0.473257 -0.746673 -5.781135
-0.787231 -0.920288 -4.000000 -0.672860 -0.779900 -5.860644
-0.787720 -0.910889 -4.000000 -0.861545 -0.960516 -5.907637
-0.787109 -0.921265 -4.000000 -0.977367 -1.228473 -5.891735
-0.782837 -0.925537 -4.000000 -1.039550 -1.512095 -5.853523
-0.781006 -0.918579 -4.000000 -1.043111 -1.723090 -5.797749
-0.782715 -0.914673 -4.000000 -0.979978 -1.891839 -5.725360
-0.788818 -0.917358 -4.000000 -0.893349 -2.004339 -5.667449
-0.777466 -0.913208 -4.000000 -0.776103 -2.057266 -5.609063
-0.788574 -0.915649 -4.000000 -0.632987 -2.012408 -5.541421
-0.783203 -0.916626 -4.000000 -0.464000 -1.862409 -5.447909
-0.777588 -0.922852 -4.000000 -0.295251 -1.646667 -5.351549
-0.786133 -0.912964 -4.000000 -0.181328 -1.400308 -5.277261
-0.784424 -0.917358 -4.000000 -0.061708 -1.198094 -5.191107
-0.787598 -0.915894 -4.000000 0.062895 -1.076101 -5.157642
-0.788818 -0.915405 -4.000000 0.112499 -1.050468 -5.167610
-0.789673 -0.917114 -4.000000 0.118907 -1.166765 -5.207958
-0.792358 -0.911011 -4.000000 0.077136 -1.315103 -5.252578
-0.786987 -0.921753 -4.000000 0.017801 -1.380371 -5.277736
-0.793701 -0.915405 -4.000000 -0.020886 -1.362096 -5.278923
-0.784058 -0.923584 -4.000000 -0.058860 -1.322935 -5.296723
-0.781372 -0.917969 -4.000000 -0.101344 -1.308694 -5.339444
-0.788208 -0.921143 -4.000000 -0.129113 -1.343821 -5.367213
-0.781372 -0.926392 -4.000000 -0.152372 -1.369691 -5.385489
-0.786377 -0.919312 -4.000000 -0.170173 -1.335751 -5.380504
-0.785278 -0.920898 -4.000000 -0.188923 -1.186227 -5.359618
-0.787354 -0.913086 -4.000000 -0.215268 -1.076576 -5.367688
-0.784424 -0.911499 -4.000000 -0.249919 -1.052130 -5.421090
-0.789795 -0.913208 -4.000000 -0.318273 -1.133775 -5.495377
-0.786377 -0.916504 -4.000000 -0.390425 -1.285435 -5.572750
-0.787354 -0.926270 -4.000000 -0.422940 -1.401494 -5.630661
-0.784424 -0.922852 -4.000000 -0.402292 -1.467712 -5.685961
-0.790649 -0.918823 -4.000000 -0.364792 -1.472696 -5.724411
-0.787231 -0.923706 -4.000000 -0.316375 -1.438519 -5.739125
-0.779175 -0.917358 -4.000000 -0.255853 -1.375862 -5.754552
-0.787354 -0.926636 -4.000000 -0.207198 -1.330055 -5.765707
-0.785400 -0.918457 -4.000000 -0.189872 -1.315577 -5.771404
-0.788940 -0.912231 -4.000000 -0.205774 -1.317713 -5.773777
-0.788818 -0.916626 -4.000000 -0.224999 -1.313441 -5.766182
-0.780029 -0.915649 -4.000000 -0.238764 -1.310830 -5.765233
-0.781616 -0.916992 -4.000000 -0.253479 -1.321273 -5.760486
-0.789307 -0.918701 -4.000000 -0.283384 -1.341922 -5.765470
-0.781860 -0.915771 -4.000000 -0.313052 -1.368741 -5.776863
-0.784912 -0.920044 -4.000000 -0.351501 -1.401020 -5.781610
-0.788818 -0.917358 -4.000000 -0.388289 -1.416921 -5.794188
-0.780762 -0.919556 -4.000000 -0.397782 -1.429263 -5.798935
-0.776733 -0.920532 -4.000000 -0.383779 -1.431637 -5.791578
-0.783691 -0.919312 -4.000000 -0.348416 -1.407665 -5.792290
-0.779541 -0.919800 -4.000000 -0.322071 -1.370165 -5.784220
-0.783203 -0.915283 -4.000000 -0.310678 -1.346431 -5.773065
-0.781860 -0.921265 -4.000000 -0.296201 -1.322460 -5.762859
-0.786255 -0.914551 -4.000000 -0.280536 -1.322460 -5.760961
-0.785645 -0.921387 -4.000000 -0.271043 -1.333378 -5.766894
-0.789795 -0.923218 -4.000000 -0.281011 -1.342871 -5.769268
-0.787231 -0.923706 -4.000000 -0.299049 -1.368741 -5.773777
-0.788208 -0.923828 -4.000000 -0.317087 -1.398409 -5.785407
-0.786011 -0.921875 -4.000000 -0.332751 -1.416209 -5.792052
-0.784424 -0.919678 -4.000000 -0.338922 -1.416209 -5.784695
-0.783936 -0.914917 -4.000000 -0.340821 -1.418108 -5.781135
-0.787231 -0.916504 -4.000000 -0.338685 -1.419770 -5.782796
-0.780762 -0.921631 -4.000000 -0.332751 -1.429263 -5.778049
-0.777832 -0.925293 -4.000000 -0.334412 -1.451810 -5.776863
-0.782471 -0.920898 -4.000000 -0.321833 -1.446826 -5.763571
-0.783936 -0.923950 -4.000000 -0.303321 -1.430450 -5.765233
-0.785889 -0.917603 -4.000000 -0.293115 -1.417159 -5.776388
-0.778076 -0.920898 -4.000000 -0.298811 -1.417634 -5.784695
-0.787109 -0.918091 -4.000000 -0.310441 -1.417396 -5.781610
-0.781006 -0.916138 -4.000000 -0.314951 -1.414311 -5.778761
-0.782715 -0.915771 -4.000000 -0.330615 -1.403393 -5.790391
-0.783325 -0.914795 -4.000000 -0.338210 -1.401969 -5.791815
-0.788574 -0.921143 -4.000000 -0.355773 -1.415735 -5.800834
-0.786377 -0.919556 -4.000000 -0.368827 -1.419532 -5.790154
-0.786133 -0.920410 -4.000000 -0.364792 -1.418346 -5.794663
-0.783813 -0.922729 -4.000000 -0.366691 -1.419770 -5.811277
-0.787231 -0.920898 -4.000000 -0.368589 -1.418346 -5.813650
-0.788940 -0.915283 -4.000000 -0.374286 -1.413599 -5.811514
-0.784912 -0.915161 -4.000000 -0.389238 -1.413361 -5.808666
-0.783447 -0.919189 -4.000000 -0.410124 -1.380371 -5.804157
-0.788086 -0.922485 -4.000000 -0.428399 -1.349042 -5.810328
-0.788574 -0.912842 -4.000000 -0.441453 -1.323172 -5.827178
