-0.785767 -0.918091 -4.000000 -0.369301 -1.353789 -5.666262
-0.784912 -0.917847 -4.000000 -0.347941 -1.339311 -5.659616
-0.786499 -0.916138 -4.000000 -0.328954 -1.328394 -5.737464
-0.781738 -0.915527 -4.000000 -0.326818 -1.346431 -5.755027
-0.783936 -0.918213 -4.000000 -0.328004 -1.356400 -5.790154
-0.790405 -0.910767 -4.000000 -0.314239 -1.362096 -5.816973
-0.784790 -0.918457 -4.000000 -0.294777 -1.397934 -5.854948
-0.784180 -0.909424 -4.000000 -0.312577 -1.458693 -5.898618
-0.782593 -0.915405 -4.000000 -0.340109 -1.506161 -5.902653
-0.786499 -0.923462 -4.000000 -0.347704 -1.499279 -5.881767
-0.785400 -0.918457 -4.000000 -0.337973 -1.457032 -5.851862
-0.783813 -0.914185 -4.000000 -0.329428 -1.408615 -5.813176
-0.785400 -0.914185 -4.000000 -0.344143 -1.364944 -5.811514
-0.786621 -0.916382 -4.000000 -0.377371 -1.360435 -5.816498
-0.786987 -0.918579 -4.000000 -0.412023 -1.361621 -5.813650
-0.786865 -0.918213 -4.000000 -0.457355 -1.373488 -5.806056
-0.783936 -0.920288 -4.000000 -0.488684 -1.381083 -5.814125
-0.786865 -0.911987 -4.000000 -0.500788 -1.381083 -5.837622
-0.782593 -0.919189 -4.000000 -0.556563 -1.387966 -5.847590
-0.783447 -0.916504 -4.000000 -0.614474 -1.396036 -5.865390
-0.782593 -0.918823 -4.000000 -0.699205 -1.420244 -5.894821
-0.789307 -0.912720 -4.000000 -0.806008 -1.442317 -5.920216
-0.785156 -0.919189 -4.000000 -0.915184 -1.450624 -5.942763
-0.790039 -0.918335 -4.000000 -0.988285 -1.436146 -5.977415
-0.781006 -0.921021 -4.000000 -1.047620 -1.431874 -5.970057
-0.789185 -0.917480 -4.000000 -1.067082 -1.449200 -5.972906
-0.789429 -0.912354 -4.000000 -1.089155 -1.513519 -5.957004
-0.785889 -0.912231 -4.000000 -1.101734 -1.559563 -5.977415
-0.787720 -0.910156 -4.000000 -1.085594 -1.628629 -5.975754
-0.781616 -0.916992 -4.000000 -1.067082 -1.734483 -5.917368
-0.781738 -0.925171 -4.000000 -1.058063 -1.818739 -5.863966
-0.783325 -0.917969 -4.000000 -1.094139 -1.844609 -5.786593
-0.778076 -0.922852 -4.000000 -1.127366 -1.735195 -5.685961
-0.787231 -0.922241 -4.000000 -1.104344 -1.530845 -5.553288
-0.786743 -0.916748 -4.000000 -1.042636 -1.365893 -5.499175
-0.789307 -0.924805 -4.000000 -1.042873 -1.259328 -5.513889
-0.780029 -0.919922 -4.000000 -1.103158 -1.191923 -5.566342
-0.790039 -0.917358 -4.000000 -1.170562 -1.223014 -5.616183
-0.788452 -0.920898 -4.000000 -1.214945 -1.322223 -5.688809
-0.785156 -0.921021 -4.000000 -1.201179 -1.421194 -5.781135
-0.789795 -0.916016 -4.000000 -1.136623 -1.492396 -5.858033
-0.781860 -0.917847 -4.000000 -1.067794 -1.528946 -5.867527
-0.785889 -0.916626 -4.000000 -0.994693 -1.485276 -5.844504
-0.788574 -0.910400 -4.000000 -0.863919 -1.411700 -5.836910
-0.786377 -0.922485 -4.000000 -0.704189 -1.344295 -5.817685
-0.787598 -0.912476 -4.000000 -0.564870 -1.298963 -5.796799
-0.780884 -0.918213 -4.000000 -0.443589 -1.278789 -5.786593
-0.782959 -0.917236 -4.000000 -0.350789 -1.295403 -5.786831
-0.787354 -0.913940 -4.000000 -0.311390 -1.362571 -5.803207
-0.783936 -0.918457 -4.000000 -0.307118 -1.445877 -5.825517
-0.781738 -0.912964 -4.000000 -0.299523 -1.527047 -5.858508
-0.786133 -0.914795 -4.000000 -0.303558 -1.568345 -5.869425
-0.789917 -0.913696 -4.000000 -0.294539 -1.571667 -5.858982
-0.786377 -0.921265 -4.000000 -0.306169 -1.523013 -5.859220
-0.790527 -0.915649 -4.000000 -0.309729 -1.449437 -5.831688
-0.786133 -0.920776 -4.000000 -0.361707 -1.419295 -5.824093
-0.786743 -0.912720 -4.000000 -0.446674 -1.401020 -5.824331
-0.782959 -0.914917 -4.000000 -0.495329 -1.386305 -5.809853
-0.785156 -0.912964 -4.000000 -0.488921 -1.421431 -5.835011
-0.783813 -0.918823 -4.000000 -0.482750 -1.495006 -5.847115
-0.780518 -0.918091 -4.000000 -0.468510 -1.569294 -5.833350
-0.790405 -0.911133 -4.000000 -0.423178 -1.615813 -5.826467
-0.788574 -0.916138 -4.000000 -0.344381 -1.616050 -5.787068
-0.792358 -0.917603 -4.000000 -0.255615 -1.574515 -5.720850
-0.783691 -0.916138 -4.000000 -0.167088 -1.515655 -5.646088
-0.783203 -0.920166 -4.000000 -0.090427 -1.451573 -5.593873
-0.787109 -0.920532 -4.000000 -0.055300 -1.406716 -5.526469
-0.783325 -0.918091 -4.000000 -0.048180 -1.367080 -5.469744
-0.788452 -0.914551 -4.000000 -0.035838 -1.317001 -5.450045
-0.773193 -0.911743 -4.000000 -0.057674 -1.280926 -5.446722
-0.784546 -0.920532 -4.000000 -0.078322 -1.276653 -5.446959
-0.787231 -0.916016 -4.000000 -0.112737 -1.316289 -5.455504
-0.782715 -0.917969 -4.000000 -0.161866 -1.384406 -5.488969
-0.785400 -0.918457 -4.000000 -0.218116 -1.473646 -5.516026
-0.787842 -0.915405 -4.000000 -0.248021 -1.563360 -5.556136
-0.774292 -0.916016 -4.000000 -0.318036 -1.663993 -5.610487
-0.785156 -0.915405 -4.000000 -0.426500 -1.723565 -5.619268
-0.784912 -0.917725 -4.000000 -0.538050 -1.699356 -5.512940
-0.789063 -0.915649 -4.000000 -0.769457 -1.389390 -5.281771
-0.787720 -0.918945 -4.000000 -0.749046 -1.291131 -5.339444
-0.795166 -0.916138 -4.000000 -0.377134 -1.335751 -5.425599
-0.781860 -0.922485 -4.000000 -0.171597 -1.286859 -5.399491
-0.780518 -0.918213 -4.000000 -0.159255 -1.251021 -5.413495
-0.784302 -0.919067 -4.000000 -0.241612 -1.181005 -5.378843
-0.781738 -0.916626 -4.000000 -0.287894 -1.175784 -5.347039
-0.782471 -0.915649 -4.000000 -0.332514 -1.182192 -5.389049
-0.787720 -0.911377 -4.000000 -0.357672 -1.199281 -5.432719
-0.782471 -0.911011 -4.000000 -0.366691 -1.248410 -5.471643
-0.780151 -0.921875 -4.000000 -0.392086 -1.261938 -5.517212
-0.785522 -0.912109 -4.000000 -0.366216 -1.199043 -5.526469
-0.791870 -0.916016 -4.000000 -0.330140 -1.126892 -5.510567
-0.784424 -0.921509 -4.000000 -0.327055 -1.091053 -5.510804
-0.779419 -0.918945 -4.000000 -0.367165 -1.084645 -5.536674
-0.795166 -0.911865 -4.000000 -0.432197 -1.103870 -5.563968
-0.788086 -0.923828 -4.000000 -0.479665 -1.172936 -5.605028
-0.784668 -0.916870 -4.000000 -0.520725 -1.278077 -5.657955
-0.784790 -0.916870 -4.000000 -0.527133 -1.377998 -5.695218
-0.793457 -0.911499 -4.000000 -0.493905 -1.411463 -5.722749
-0.785767 -0.913086 -4.000000 -0.453795 -1.380134 -5.738413
-0.786011 -0.912598 -4.000000 -0.436943 -1.338599 -5.738413
-0.786987 -0.930176 -4.000000 -0.438605 -1.304185 -5.733666
-0.788818 -0.917603 -4.000000 -0.445013 -1.293742 -5.734141
-0.786865 -0.921509 -4.000000 -0.460678 -1.321273 -5.736989
-0.790894 -0.916870 -4.000000 -0.459016 -1.362808 -5.748382
-0.789307 -0.919922 -4.000000 -0.431485 -1.394611 -5.771166
-0.785767 -0.925659 -4.000000 -0.376184 -1.407665 -5.749568
-0.787720 -0.918701 -4.000000 -0.323969 -1.389627 -5.739600
-0.783813 -0.915771 -4.000000 -0.281486 -1.343583 -5.724885
-0.773926 -0.920532 -4.000000 -0.256328 -1.308457 -5.733192
-0.789185 -0.919434 -4.000000 -0.263685 -1.300625 -5.746246
-0.775146 -0.921265 -4.000000 -0.277213 -1.321748 -5.763571
-0.782837 -0.916626 -4.000000 -0.285283 -1.351178 -5.794188
-0.791504 -0.914185 -4.000000 -0.295014 -1.365893 -5.804631
-0.780518 -0.917969 -4.000000 -0.294539 -1.385118 -5.842369
-0.795898 -0.920166 -4.000000 -0.310204 -1.418346 -5.857083
-0.786377 -0.915894 -4.000000 -0.341295 -1.445877 -5.892684
-0.789673 -0.908081 -4.000000 -0.365979 -1.467475 -5.903365
-0.783569 -0.919434 -4.000000 -0.369064 -1.472222 -5.915944
-0.792480 -0.914673 -4.000000 -0.386627 -1.472459 -5.903840
-0.783569 -0.918945 -4.000000 -0.382593 -1.440893 -5.891498
-0.779419 -0.916382 -4.000000 -0.362181 -1.417159 -5.860169
-0.788330 -0.922607 -4.000000 -0.338922 -1.399358 -5.859457
-0.781250 -0.918213 -4.000000 -0.318511 -1.380608 -5.851624
-0.781128 -0.917847 -4.000000 -0.302609 -1.364232 -5.825043
-0.784302 -0.920166 -4.000000 -0.292641 -1.359485 -5.805581
-0.784180 -0.923584 -4.000000 -0.289318 -1.357586 -5.784932
-0.786621 -0.919067 -4.000000 -0.279350 -1.359010 -5.784220
-0.783203 -0.916504 -4.000000 -0.261786 -1.368267 -5.774252
-0.787109 -0.917603 -4.000000 -0.254903 -1.388441 -5.777812
-0.786621 -0.916626 -4.000000 -0.254903 -1.404817 -5.782796
-0.785889 -0.913208 -4.000000 -0.253242 -1.410988 -5.781847
-0.788574 -0.920532 -4.000000 -0.254429 -1.417159 -5.775438
-0.785400 -0.916870 -4.000000 -0.266533 -1.420956 -5.779473
-0.790649 -0.920044 -4.000000 -0.285046 -1.419770 -5.792052
-0.787109 -0.915039 -4.000000 -0.296913 -1.418820 -5.802258
-0.783569 -0.908691 -4.000000 -0.303321 -1.421668 -5.811277
-0.782471 -0.913208 -4.000000 -0.309254 -1.442554 -5.824805
-0.791016 -0.911865 -4.000000 -0.312102 -1.442317 -5.820058
-0.783325 -0.915405 -4.000000 -0.307118 -1.420244 -5.820533
-0.783813 -0.909790 -4.000000 -0.312340 -1.414548 -5.806056
-0.790649 -0.914307 -4.000000 -0.332514 -1.403393 -5.802021
-0.782349 -0.914551 -4.000000 -0.361707 -1.370878 -5.785882
-0.786499 -0.913452 -4.000000 -0.393273 -1.324121 -5.774252
-0.787964 -0.913086 -4.000000 -0.405377 -1.282112 -5.763334
-0.787109 -0.913818 -4.000000 -0.403953 -1.276891 -5.766419
-0.785767 -0.909302 -4.000000 -0.419855 -1.315577 -5.800597
-0.785767 -0.916260 -4.000000 -0.445725 -1.363757 -5.816498
-0.787964 -0.921387 -4.000000 -0.448810 -1.406004 -5.839520
-0.784180 -0.910278 -4.000000 -0.441690 -1.422855 -5.850438
-0.779175 -0.915039 -4.000000 -0.441216 -1.439944 -5.850676
