-0.784668 -0.912476 -4.000000 0.109177 -1.501889 -5.721325
-0.783203 -0.913086 -4.000000 0.099208 -1.464627 -5.734616
-0.785645 -0.914185 -4.000000 0.078797 -1.459643 -5.750043
-0.783936 -0.921387 -4.000000 0.031329 -1.464390 -5.777337
-0.790649 -0.923828 -4.000000 -0.007358 -1.500465 -5.815074
-0.786133 -0.913574 -4.000000 -0.062895 -1.557664 -5.858508
-0.790649 -0.920898 -4.000000 -0.131961 -1.613439 -5.875596
-0.786499 -0.914551 -4.000000 -0.205774 -1.621984 -5.864441
-0.785645 -0.918579 -4.000000 -0.253954 -1.576651 -5.828128
-0.786255 -0.920654 -4.000000 -0.255141 -1.503551 -5.783983
-0.785767 -0.920044 -4.000000 -0.255141 -1.389390 -5.745533
-0.788696 -0.919800 -4.000000 -0.260362 -1.281400 -5.717290
-0.789307 -0.914795 -4.000000 -0.295014 -1.220878 -5.710645
-0.785278 -0.911743 -4.000000 -0.360520 -1.231796 -5.715866
-0.785522 -0.917847 -4.000000 -0.479665 -1.314153 -5.737226
-0.787354 -0.915649 -4.000000 -0.642480 -1.394374 -5.761198
-0.784302 -0.919678 -4.000000 -0.759964 -1.414548 -5.782796
-0.782715 -0.914917 -4.000000 -0.811941 -1.415972 -5.821957
-0.782837 -0.916382 -4.000000 -0.853238 -1.416209 -5.847115
-0.784546 -0.918579 -4.000000 -0.906877 -1.420007 -5.841182
-0.784912 -0.916870 -4.000000 -0.973570 -1.435671 -5.817448
-0.784302 -0.921021 -4.000000 -1.021987 -1.448250 -5.773540
-0.781006 -0.922607 -4.000000 -1.053316 -1.454896 -5.718002
-0.785400 -0.915161 -4.000000 -1.124518 -1.438045 -5.667923
-0.783813 -0.919556 -4.000000 -1.200704 -1.399833 -5.639205
-0.785034 -0.917603 -4.000000 -1.263600 -1.327919 -5.612386
-0.787720 -0.915405 -4.000000 -1.311068 -1.229897 -5.598145
-0.783569 -0.918335 -4.000000 -1.365656 -1.162493 -5.600044
-0.778809 -0.921753 -4.000000 -1.485513 -1.212097 -5.604316
-0.789185 -0.923828 -4.000000 -1.615575 -1.350941 -5.604316
-0.787354 -0.915771 -4.000000 -1.694135 -1.473883 -5.630661
-0.781982 -0.919800 -4.000000 -1.682505 -1.540813 -5.636357
-0.789551 -0.917236 -4.000000 -1.626730 -1.522301 -5.619743
-0.780640 -0.916748 -4.000000 -1.557190 -1.424516 -5.590313
-0.784180 -0.921265 -4.000000 -1.528946 -1.265973 -5.569902
-0.779785 -0.920410 -4.000000 -1.525861 -1.110278 -5.555187
-0.788208 -0.919800 -4.000000 -1.522775 -1.037652 -5.573462
-0.790283 -0.921753 -4.000000 -1.516842 -1.082984 -5.586041
-0.785522 -0.917358 -4.000000 -1.530370 -1.185277 -5.612623
-0.785889 -0.921387 -4.000000 -1.534168 -1.276179 -5.616183
-0.791504 -0.915283 -4.000000 -1.524674 -1.306084 -5.642053
-0.783691 -0.917358 -4.000000 -1.473646 -1.266685 -5.652496
-0.787598 -0.914551 -4.000000 -1.387729 -1.207350 -5.666974
-0.789429 -0.920532 -4.000000 -1.271432 -1.169613 -5.666262
-0.782837 -0.916626 -4.000000 -1.134012 -1.185040 -5.702338
-0.785522 -0.918701 -4.000000 -0.979029 -1.213758 -5.733429
-0.784058 -0.912354 -4.000000 -0.852289 -1.189312 -5.746246
-0.778198 -0.925537 -4.000000 -0.758777 -1.148252 -5.770454
-0.785278 -0.924683 -4.000000 -0.707274 -1.138759 -5.793714
-0.785034 -0.914551 -4.000000 -0.690423 -1.144930 -5.833350
-0.789185 -0.913818 -4.000000 -0.681167 -1.213758 -5.861356
-0.787720 -0.927368 -4.000000 -0.682116 -1.359960 -5.869900
-0.781860 -0.919189 -4.000000 -0.659331 -1.508535 -5.845691
-0.788208 -0.919067 -4.000000 -0.626104 -1.569294 -5.839283
-0.785156 -0.909668 -4.000000 -0.533541 -1.528234 -5.843792
-0.781982 -0.914185 -4.000000 -0.370963 -1.422143 -5.882954
-0.784302 -0.918091 -4.000000 -0.203163 -1.304897 -5.911435
-0.786621 -0.920532 -4.000000 -0.127214 -1.253157 -5.944425
-0.785278 -0.922729 -4.000000 -0.122468 -1.275941 -5.975991
-0.784058 -0.921021 -4.000000 -0.116771 -1.339311 -5.998064
-0.779053 -0.921875 -4.000000 -0.099208 -1.411700 -5.999725
-0.787720 -0.913818 -4.000000 -0.069541 -1.467000 -5.994978
-0.783813 -0.918945 -4.000000 -0.065031 -1.487649 -5.981450
-0.787109 -0.918945 -4.000000 -0.049129 -1.481953 -5.969583
-0.783325 -0.923706 -4.000000 -0.018987 -1.458693 -5.949646
-0.780518 -0.916870 -4.000000 0.008307 -1.411700 -5.936118
-0.788696 -0.923950 -4.000000 0.030380 -1.370640 -5.927574
-0.788086 -0.918457 -4.000000 0.019462 -1.364232 -5.908587
-0.781250 -0.916016 -4.000000 -0.020411 -1.374912 -5.903365
-0.785034 -0.912598 -4.000000 -0.057674 -1.380608 -5.872748
-0.783447 -0.916748 -4.000000 -0.058860 -1.374912 -5.798935
-0.787109 -0.923706 -4.000000 -0.018513 -1.355213 -5.678604
-0.779297 -0.917603 -4.000000 0.022310 -1.338125 -5.556611
-0.786987 -0.922363 -4.000000 0.044857 -1.304897 -5.470219
-0.790161 -0.922607 -4.000000 0.072863 -1.267635 -5.390710
-0.784790 -0.915161 -4.000000 0.103006 -1.236306 -5.317372
-0.786865 -0.913940 -4.000000 0.111550 -1.192160 -5.257087
-0.786255 -0.919189 -4.000000 0.098259 -1.167952 -5.218401
-0.777466 -0.915649 -4.000000 0.044857 -1.176970 -5.211281
-0.787964 -0.914429 -4.000000 -0.034889 -1.213521 -5.216977
-0.787476 -0.919067 -4.000000 -0.129350 -1.278552 -5.217214
-0.788086 -0.916626 -4.000000 -0.211233 -1.326020 -5.209382
-0.781128 -0.919189 -4.000000 -0.305694 -1.422143 -5.209619
-0.784912 -0.919556 -4.000000 -0.422703 -1.422855 -5.220300
-0.784912 -0.922852 -4.000000 -0.553478 -1.434247 -5.198464
-0.775024 -0.923950 -4.000000 -0.657433 -1.488361 -5.196091
-0.781494 -0.914917 -4.000000 -0.666452 -1.502364 -5.208195
-0.779297 -0.920166 -4.000000 -0.618509 -1.481241 -5.227182
-0.788818 -0.913940 -4.000000 -0.550392 -1.425466 -5.257562
-0.781860 -0.918335 -4.000000 -0.476105 -1.377760 -5.311201
-0.784180 -0.912720 -4.000000 -0.437418 -1.385118 -5.405188
-0.777710 -0.915527 -4.000000 -0.412023 -1.329106 -5.448621
-0.783691 -0.914551 -4.000000 -0.360283 -1.247460 -5.435804
-0.782593 -0.923584 -4.000000 -0.270331 -1.169376 -5.438890
-0.784912 -0.923462 -4.000000 -0.228321 -1.160119 -5.452893
-0.788818 -0.919312 -4.000000 -0.258226 -1.162730 -5.470219
-0.783813 -0.919678 -4.000000 -0.346754 -1.237255 -5.512703
-0.782104 -0.922119 -4.000000 -0.432671 -1.362333 -5.555424
-0.791260 -0.920776 -4.000000 -0.462339 -1.444216 -5.595772
-0.790283 -0.917603 -4.000000 -0.476342 -1.494057 -5.607876
-0.783203 -0.917480 -4.000000 -0.480851 -1.478393 -5.588414
-0.788940 -0.917725 -4.000000 -0.472307 -1.451810 -5.601468
-0.794556 -0.921509 -4.000000 -0.472307 -1.418820 -5.625677
-0.784668 -0.919678 -4.000000 -0.470646 -1.401732 -5.665787
-0.784058 -0.919312 -4.000000 -0.432434 -1.365419 -5.705423
-0.787109 -0.914551 -4.000000 -0.389475 -1.349280 -5.741499
-0.788940 -0.920044 -4.000000 -0.364080 -1.374675 -5.780185
-0.783447 -0.922119 -4.000000 -0.357672 -1.416684 -5.813176
-0.785400 -0.919678 -4.000000 -0.361944 -1.419770 -5.827891
-0.786865 -0.916748 -4.000000 -0.394934 -1.426178 -5.825280
-0.780884 -0.921631 -4.000000 -0.428874 -1.425703 -5.824805
-0.787231 -0.915405 -4.000000 -0.435519 -1.428314 -5.823381
-0.785645 -0.918457 -4.000000 -0.446912 -1.432111 -5.818160
-0.786133 -0.919189 -4.000000 -0.441690 -1.442554 -5.820770
-0.786621 -0.924438 -4.000000 -0.395172 -1.435671 -5.815549
-0.788574 -0.914917 -4.000000 -0.326106 -1.409327 -5.816024
-0.783447 -0.917603 -4.000000 -0.287182 -1.384881 -5.824331
-0.787720 -0.912231 -4.000000 -0.270568 -1.402918 -5.830027
-0.777710 -0.917114 -4.000000 -0.274603 -1.414073 -5.843318
-0.784668 -0.920288 -4.000000 -0.287419 -1.407428 -5.854710
-0.780518 -0.916504 -4.000000 -0.295489 -1.412175 -5.854948
-0.786011 -0.915771 -4.000000 -0.299998 -1.402444 -5.843555
-0.776367 -0.926880 -4.000000 -0.306169 -1.409801 -5.853761
-0.785278 -0.919434 -4.000000 -0.322783 -1.408615 -5.847353
-0.780396 -0.922119 -4.000000 -0.341770 -1.414548 -5.840707
-0.780396 -0.913330 -4.000000 -0.350552 -1.396985 -5.847115
-0.786133 -0.919922 -4.000000 -0.353162 -1.381795 -5.858033
-0.780151 -0.920044 -4.000000 -0.346992 -1.369216 -5.859457
-0.783936 -0.925415 -4.000000 -0.329666 -1.360435 -5.866103
-0.789307 -0.917358 -4.000000 -0.317087 -1.370640 -5.868238
-0.787842 -0.920410 -4.000000 -0.316612 -1.401020 -5.847827
-0.784302 -0.921997 -4.000000 -0.318985 -1.420007 -5.842843
-0.780640 -0.917236 -4.000000 -0.330615 -1.419058 -5.838571
-0.786255 -0.911987 -4.000000 -0.339871 -1.417634 -5.828365
-0.783569 -0.909058 -4.000000 -0.346517 -1.415972 -5.820058
-0.786133 -0.909302 -4.000000 -0.348653 -1.418346 -5.818635
-0.786621 -0.919922 -4.000000 -0.348416 -1.419295 -5.818397
-0.782959 -0.918091 -4.000000 -0.337735 -1.415735 -5.821957
-0.786377 -0.920166 -4.000000 -0.322545 -1.404817 -5.809616
-0.787354 -0.917603 -4.000000 -0.310204 -1.387017 -5.813413
-0.792236 -0.918945 -4.000000 -0.312102 -1.382270 -5.810565
-0.788330 -0.915161 -4.000000 -0.312577 -1.373251 -5.802732
-0.786011 -0.919800 -4.000000 -0.316375 -1.360672 -5.807242
-0.792114 -0.916138 -4.000000 -0.311865 -1.360197 -5.800834
-0.788940 -0.912842 -4.000000 -0.313052 -1.377998 -5.789679
-0.784912 -0.919067 -4.000000 -0.338447 -1.402206 -5.801071
-0.787598 -0.916992 -4.000000 -0.357672 -1.416921 -5.802495
-0.791382 -0.911499 -4.000000 -0.362656 -1.419058 -5.798935
-0.780273 -0.913574 -4.000000 -0.359333 -1.420244 -5.806767
-0.785034 -0.921143 -4.000000 -0.358146 -1.418108 -5.817923
