-0.782837 -0.918213 -4.000000 -0.290979 -1.248885 -5.583430
-0.788574 -0.920776 -4.000000 -0.331327 -1.271432 -5.601706
-0.786621 -0.910522 -4.000000 -0.384729 -1.307745 -5.658905
-0.788452 -0.911743 -4.000000 -0.434333 -1.335514 -5.717053
-0.785889 -0.909912 -4.000000 -0.467323 -1.365181 -5.771878
-0.785278 -0.916382 -4.000000 -0.506009 -1.410751 -5.803207
-0.783203 -0.911621 -4.000000 -0.505297 -1.425940 -5.807479
-0.780884 -0.921997 -4.000000 -0.481563 -1.445165 -5.803207
-0.785645 -0.919678 -4.000000 -0.473969 -1.459880 -5.774252
-0.781738 -0.916260 -4.000000 -0.478241 -1.506399 -5.750280
-0.788330 -0.917847 -4.000000 -0.484412 -1.546035 -5.726309
-0.785034 -0.917236 -4.000000 -0.477291 -1.556478 -5.695930
-0.784668 -0.919312 -4.000000 -0.497940 -1.520639 -5.691420
-0.786499 -0.913208 -4.000000 -0.526658 -1.459405 -5.685012
-0.782104 -0.919067 -4.000000 -0.587180 -1.410276 -5.683351
-0.782715 -0.921265 -4.000000 -0.644142 -1.395324 -5.673619
-0.781372 -0.915039 -4.000000 -0.677369 -1.403630 -5.665075
-0.780151 -0.914917 -4.000000 -0.685439 -1.418583 -5.661515
-0.786987 -0.915527 -4.000000 -0.679505 -1.420956 -5.638731
-0.783813 -0.919067 -4.000000 -0.638445 -1.416209 -5.625677
-0.779541 -0.909668 -4.000000 -0.569854 -1.381083 -5.600993
-0.785400 -0.913818 -4.000000 -0.505535 -1.343583 -5.561357
-0.786255 -0.913452 -4.000000 -0.514079 -1.358536 -5.522908
-0.785278 -0.918457 -4.000000 -0.581484 -1.406953 -5.516500
-0.786133 -0.912842 -4.000000 -0.667164 -1.439944 -5.541658
-0.779907 -0.912598 -4.000000 -0.751182 -1.450149 -5.561120
-0.783691 -0.911865 -4.000000 -0.843982 -1.440893 -5.579870
-0.784180 -0.916992 -4.000000 -0.909725 -1.413599 -5.564443
-0.785522 -0.915405 -4.000000 -0.978079 -1.376811 -5.547829
-0.784546 -0.913574 -4.000000 -1.048569 -1.370165 -5.546642
-0.780396 -0.912354 -4.000000 -1.098886 -1.394611 -5.545930
-0.782593 -0.909424 -4.000000 -1.110753 -1.437095 -5.530741
-0.791138 -0.919556 -4.000000 -1.068743 -1.461541 -5.507244
-0.784668 -0.919067 -4.000000 -0.998491 -1.445640 -5.469507
-0.785034 -0.916870 -4.000000 -0.935833 -1.391526 -5.439839
-0.777954 -0.917969 -4.000000 -0.908776 -1.327919 -5.424412
-0.778809 -0.917847 -4.000000 -0.905453 -1.305134 -5.428210
-0.782227 -0.915649 -4.000000 -0.937494 -1.340023 -5.440789
-0.781128 -0.920044 -4.000000 -0.965975 -1.467238 -5.493953
-0.785889 -0.924683 -4.000000 -0.985674 -1.628866 -5.559221
-0.788330 -0.917480 -4.000000 -0.979029 -1.742790 -5.595772
-0.788818 -0.916870 -4.000000 -0.949836 -1.739704 -5.588652
-0.780884 -0.926147 -4.000000 -0.973570 -1.577601 -5.524095
-0.790039 -0.914307 -4.000000 -0.965500 -1.387729 -5.483984
-0.781860 -0.914429 -4.000000 -0.854425 -1.308457 -5.472117
-0.780396 -0.914917 -4.000000 -0.781324 -1.337412 -5.469744
-0.783936 -0.913086 -4.000000 -0.725312 -1.380608 -5.492054
-0.786255 -0.917480 -4.000000 -0.653872 -1.399596 -5.511042
-0.783691 -0.915039 -4.000000 -0.597386 -1.418820 -5.539997
-0.785278 -0.916016 -4.000000 -0.590028 -1.434959 -5.578921
-0.785400 -0.913940 -4.000000 -0.611389 -1.465102 -5.641104
-0.777588 -0.914185 -4.000000 -0.626104 -1.469848 -5.699490
-0.782959 -0.912598 -4.000000 -0.611389 -1.456083 -5.744347
-0.786011 -0.914429 -4.000000 -0.561072 -1.459168 -5.768556
-0.785889 -0.918091 -4.000000 -0.499601 -1.482665 -5.796562
-0.787231 -0.915527 -4.000000 -0.442402 -1.529184 -5.820058
-0.781372 -0.915527 -4.000000 -0.394222 -1.548645 -5.833824
-0.781494 -0.923950 -4.000000 -0.334887 -1.523250 -5.811277
-0.781738 -0.922974 -4.000000 -0.277213 -1.475070 -5.777575
-0.784912 -0.919312 -4.000000 -0.247546 -1.406479 -5.794900
-0.781860 -0.913452 -4.000000 -0.041535 -1.219692 -5.617133
-0.781982 -0.921997 -4.000000 -0.440266 -1.462965 -5.861118
-0.784546 -0.915039 -4.000000 -0.422228 -1.571430 -5.866577
-0.788940 -0.914307 -4.000000 -0.228559 -1.439469 -5.762859
-0.786743 -0.921753 -4.000000 -0.278875 -1.335514 -5.767369
-0.787476 -0.918579 -4.000000 -0.218590 -1.302286 -5.741261
-0.783447 -0.915894 -4.000000 -0.248495 -1.419770 -5.747907
-0.782349 -0.916504 -4.000000 -0.229033 -1.461067 -5.746958
-0.777710 -0.916016 -4.000000 -0.152847 -1.375862 -5.749331
-0.788330 -0.919067 -4.000000 -0.141455 -1.285198 -5.725597
-0.792114 -0.913940 -4.000000 -0.166613 -1.249122 -5.708034
-0.781372 -0.913574 -4.000000 -0.212657 -1.270483 -5.727021
-0.786377 -0.914185 -4.000000 -0.234730 -1.307508 -5.736989
-0.787598 -0.915405 -4.000000 -0.221913 -1.344058 -5.747670
-0.780273 -0.915405 -4.000000 -0.194619 -1.355925 -5.738413
-0.787598 -0.916992 -4.000000 -0.158306 -1.372064 -5.731293
-0.782471 -0.915405 -4.000000 -0.138132 -1.396510 -5.750280
-0.783203 -0.917236 -4.000000 -0.139319 -1.397222 -5.764996
-0.785400 -0.915649 -4.000000 -0.159967 -1.369453 -5.762147
-0.775757 -0.921875 -4.000000 -0.192008 -1.350941 -5.750755
-0.779053 -0.918457 -4.000000 -0.233068 -1.363520 -5.738176
-0.776001 -0.921143 -4.000000 -0.266533 -1.392713 -5.741736
-0.787354 -0.918213 -4.000000 -0.277688 -1.419295 -5.745059
-0.784546 -0.911865 -4.000000 -0.247783 -1.414785 -5.727971
-0.782837 -0.919189 -4.000000 -0.210521 -1.375624 -5.715629
-0.784424 -0.917358 -4.000000 -0.168274 -1.317476 -5.693793
-0.784180 -0.917114 -4.000000 -0.167325 -1.291843 -5.681689
-0.786133 -0.917847 -4.000000 -0.188686 -1.297065 -5.677654
-0.785645 -0.915283 -4.000000 -0.222151 -1.302049 -5.683351
-0.782471 -0.918701 -4.000000 -0.255853 -1.299201 -5.669110
-0.786987 -0.920654 -4.000000 -0.279587 -1.296115 -5.675281
-0.791626 -0.920044 -4.000000 -0.299286 -1.303710 -5.685486
-0.784668 -0.913818 -4.000000 -0.316612 -1.310830 -5.691895
-0.783813 -0.909302 -4.000000 -0.327292 -1.317951 -5.701388
-0.791260 -0.910156 -4.000000 -0.319460 -1.329580 -5.701626
-0.792603 -0.920166 -4.000000 -0.300947 -1.319849 -5.701388
-0.787720 -0.912598 -4.000000 -0.277451 -1.312254 -5.699727
-0.784058 -0.917114 -4.000000 -0.264160 -1.320087 -5.696167
-0.791016 -0.917603 -4.000000 -0.253954 -1.300387 -5.671009
-0.783081 -0.912476 -4.000000 -0.251818 -1.234882 -5.647038
-0.783936 -0.917847 -4.000000 -0.231169 -1.158695 -5.640629
-0.783325 -0.918823 -4.000000 -0.210283 -1.107430 -5.639205
-0.782959 -0.915039 -4.000000 -0.166376 -1.094851 -5.629712
-0.785767 -0.912964 -4.000000 -0.125316 -1.166765 -5.629712
-0.779297 -0.913208 -4.000000 -0.120094 -1.304659 -5.620455
-0.790039 -0.912109 -4.000000 -0.106328 -1.422143 -5.597671
-0.788574 -0.915649 -4.000000 -0.107990 -1.469611 -5.577260
-0.783813 -0.917358 -4.000000 -0.118907 -1.432586 -5.525044
-0.780151 -0.916138 -4.000000 -0.111787 -1.336700 -5.477576
-0.786987 -0.910034 -4.000000 -0.144540 -1.249359 -5.463573
-0.780151 -0.911011 -4.000000 -0.248970 -1.218505 -5.462149
-0.787476 -0.916992 -4.000000 -0.374048 -1.226100 -5.474016
-0.778931 -0.917847 -4.000000 -0.454744 -1.254581 -5.507481
-0.781250 -0.920776 -4.000000 -0.505060 -1.298489 -5.523621
-0.785400 -0.914917 -4.000000 -0.498889 -1.336463 -5.519111
-0.778687 -0.918579 -4.000000 -0.459016 -1.364944 -5.476152
-0.778320 -0.918945 -4.000000 -0.442165 -1.388203 -5.444586
-0.787109 -0.917358 -4.000000 -0.440266 -1.404580 -5.453605
-0.788574 -0.915405 -4.000000 -0.457829 -1.418346 -5.497513
-0.783936 -0.909180 -4.000000 -0.517877 -1.433298 -5.558035
-0.787109 -0.917847 -4.000000 -0.584569 -1.443741 -5.598857
-0.789795 -0.916382 -4.000000 -0.606642 -1.408140 -5.629949
-0.785645 -0.920532 -4.000000 -0.598335 -1.301099 -5.618082
-0.785645 -0.916748 -4.000000 -0.563920 -1.196432 -5.572987
-0.779419 -0.913696 -4.000000 -0.498415 -1.117873 -5.517449
-0.785156 -0.911377 -4.000000 -0.478003 -1.122145 -5.527418
-0.785522 -0.915527 -4.000000 -0.454032 -1.150388 -5.528130
-0.779785 -0.911621 -4.000000 -0.474206 -1.219692 -5.541896
-0.785034 -0.918457 -4.000000 -0.511231 -1.291843 -5.563494
-0.785400 -0.912720 -4.000000 -0.524997 -1.319612 -5.558747
-0.783081 -0.917725 -4.000000 -0.489633 -1.291843 -5.525994
-0.787354 -0.920166 -4.000000 -0.441690 -1.224913 -5.509617
-0.786743 -0.911987 -4.000000 -0.405377 -1.177920 -5.497988
-0.791138 -0.915527 -4.000000 -0.417482 -1.195720 -5.542133
-0.778687 -0.920532 -4.000000 -0.437655 -1.238442 -5.589839
-0.781128 -0.921997 -4.000000 -0.463763 -1.302523 -5.625677
-0.789185 -0.919800 -4.000000 -0.461152 -1.388678 -5.675044
-0.786865 -0.921753 -4.000000 -0.444538 -1.460355 -5.702100
-0.785645 -0.916016 -4.000000 -0.412260 -1.503076 -5.709220
-0.780396 -0.906738 -4.000000 -0.368115 -1.482427 -5.698066
-0.787842 -0.920654 -4.000000 -0.336786 -1.411463 -5.669110
-0.780029 -0.916870 -4.000000 -0.318748 -1.335039 -5.646563
-0.782104 -0.917480 -4.000000 -0.312102 -1.284960 -5.634459
-0.786255 -0.912842 -4.000000 -0.322071 -1.295878 -5.659142
-0.788574 -0.909424 -4.000000 -0.343906 -1.350229 -5.700202
-0.781006 -0.916992 -4.000000 -0.354824 -1.398646 -5.735803
-0.787109 -0.920044 -4.000000 -0.345567 -1.423092 -5.756926
-0.786499 -0.920410 -4.000000 -0.330852 -1.416447 -5.757638
-0.786255 -0.913208 -4.000000 -0.311628 -1.396036 -5.759299
-0.783203 -0.915161 -4.000000 -0.291454 -1.375150 -5.746720
