-0.779785 -0.913696 -4.000000 -0.353162 -1.436383 -5.764996
-0.787231 -0.916748 -4.000000 -0.363843 -1.432111 -5.705186
-0.787720 -0.913208 -4.000000 -0.345805 -1.380846 -5.718002
-0.778320 -0.915527 -4.000000 -0.353400 -1.346669 -5.713255
-0.777100 -0.914795 -4.000000 -0.355773 -1.342634 -5.720376
-0.787598 -0.913330 -4.000000 -0.349602 -1.389865 -5.734379
-0.787354 -0.913696 -4.000000 -0.353874 -1.412887 -5.746008
-0.786377 -0.915283 -4.000000 -0.354824 -1.406479 -5.752891
-0.783447 -0.920288 -4.000000 -0.350789 -1.397934 -5.745059
-0.782104 -0.918823 -4.000000 -0.349365 -1.420482 -5.736278
-0.787109 -0.917847 -4.000000 -0.374523 -1.450149 -5.735565
-0.787842 -0.918091 -4.000000 -0.440266 -1.467475 -5.725597
-0.783203 -0.915283 -4.000000 -0.500313 -1.461304 -5.713018
-0.788452 -0.919067 -4.000000 -0.547781 -1.450149 -5.699015
-0.789673 -0.921631 -4.000000 -0.561547 -1.459880 -5.694505
-0.785645 -0.923584 -4.000000 -0.556800 -1.477681 -5.706610
-0.782227 -0.914673 -4.000000 -0.546357 -1.471985 -5.721087
-0.781006 -0.919556 -4.000000 -0.532592 -1.434722 -5.716815
-0.780029 -0.916260 -4.000000 -0.532592 -1.401257 -5.672433
-0.782471 -0.922119 -4.000000 -0.554190 -1.386779 -5.660091
-0.789429 -0.916870 -4.000000 -0.600708 -1.393899 -5.659854
-0.784912 -0.917358 -4.000000 -0.660043 -1.415497 -5.680740
-0.776367 -0.922607 -4.000000 -0.729109 -1.484089 -5.732005
-0.774902 -0.916626 -4.000000 -0.782511 -1.563835 -5.778049
-0.779907 -0.919678 -4.000000 -0.822147 -1.608692 -5.788730
-0.785034 -0.920654 -4.000000 -0.870089 -1.613202 -5.787543
-0.779175 -0.913086 -4.000000 -0.904504 -1.602047 -5.761910
-0.787476 -0.917847 -4.000000 -0.918982 -1.585196 -5.734141
-0.784180 -0.919067 -4.000000 -0.900706 -1.550781 -5.705898
-0.786133 -0.920410 -4.000000 -0.869615 -1.464864 -5.638493
-0.780029 -0.917358 -4.000000 -0.840185 -1.308457 -5.553051
-0.781738 -0.920532 -4.000000 -0.867004 -1.137097 -5.470219
-0.787964 -0.916016 -4.000000 -0.924203 -0.984013 -5.397356
-0.780762 -0.924561 -4.000000 -0.990658 -0.918744 -5.396169
-0.781616 -0.908936 -4.000000 -1.100784 -1.051892 -5.463573
-0.786743 -0.918579 -4.000000 -1.239154 -1.317476 -5.582481
-0.788208 -0.922363 -4.000000 -1.408140 -1.608455 -5.714917
-0.783081 -0.920776 -4.000000 -1.537965 -1.790495 -5.795850
-0.783569 -0.915161 -4.000000 -1.613914 -1.795005 -5.759062
-0.781860 -0.921021 -4.000000 -1.563598 -1.654974 -5.673857
-0.785278 -0.915161 -4.000000 -1.434959 -1.490022 -5.586753
-0.778931 -0.916992 -4.000000 -1.285910 -1.392713 -5.518874
-0.784790 -0.917603 -4.000000 -1.143743 -1.368504 -5.480424
-0.783447 -0.914673 -4.000000 -1.004187 -1.395561 -5.496326
-0.790771 -0.914429 -4.000000 -0.913285 -1.453947 -5.544269
-0.784302 -0.916504 -4.000000 -0.855374 -1.539626 -5.609538
-0.787476 -0.912720 -4.000000 -0.802210 -1.600386 -5.675281
-0.780762 -0.921387 -4.000000 -0.732669 -1.627442 -5.693793
-0.785889 -0.917725 -4.000000 -0.637496 -1.657110 -5.719901
-0.782959 -0.922729 -4.000000 -0.530930 -1.671825 -5.714205
-0.781738 -0.916504 -4.000000 -0.413684 -1.646667 -5.716578
-0.783081 -0.920166 -4.000000 -0.316612 -1.598724 -5.711831
-0.791260 -0.917603 -4.000000 -0.263922 -1.574990 -5.723461
-0.790649 -0.921997 -4.000000 -0.269144 -1.593503 -5.749806
-0.788208 -0.914063 -4.000000 -0.283622 -1.603946 -5.778524
-0.780029 -0.919189 -4.000000 -0.257752 -1.588519 -5.796562
-0.777222 -0.915161 -4.000000 -0.210046 -1.575702 -5.813650
-0.781860 -0.917603 -4.000000 -0.157831 -1.574990 -5.808429
-0.785156 -0.922363 -4.000000 -0.103243 -1.543661 -5.783271
-0.784302 -0.920532 -4.000000 -0.042721 -1.485750 -5.776388
-0.785278 -0.914429 -4.000000 0.106328 -1.317239 -5.729394
-0.783447 -0.921387 -4.000000 0.014240 -1.335514 -5.772591
-0.778687 -0.918091 -4.000000 0.181803 -1.225388 -5.673857
-0.788452 -0.919067 -4.000000 -0.347941 -1.651414 -5.953207
-0.791748 -0.922729 -4.000000 -0.266770 -1.683217 -5.876545
-0.781006 -0.916382 -4.000000 -0.009019 -1.426890 -5.775438
-0.780151 -0.916504 -4.000000 -0.008544 -1.252207 -5.769268
-0.781494 -0.912231 -4.000000 -0.015902 -1.191923 -5.714442
-0.779541 -0.916626 -4.000000 -0.106803 -1.286859 -5.682164
-0.788452 -0.919434 -4.000000 -0.163527 -1.365656 -5.691183
-0.784790 -0.918701 -4.000000 -0.180141 -1.351178 -5.706847
-0.787598 -0.916748 -4.000000 -0.161629 -1.259565 -5.669110
-0.786865 -0.921631 -4.000000 -0.143354 -1.194296 -5.622591
-0.783691 -0.925903 -4.000000 -0.145490 -1.206875 -5.590313
-0.782349 -0.919067 -4.000000 -0.118670 -1.264786 -5.624015
-0.782715 -0.910400 -4.000000 -0.094224 -1.330055 -5.643477
-0.782227 -0.918701 -4.000000 -0.073338 -1.354026 -5.642053
-0.777710 -0.917847 -4.000000 -0.103243 -1.362333 -5.643240
-0.782837 -0.915527 -4.000000 -0.153559 -1.364944 -5.643952
-0.778564 -0.909790 -4.000000 -0.212894 -1.367792 -5.649173
-0.783081 -0.922974 -4.000000 -0.263685 -1.380371 -5.663414
-0.785767 -0.918213 -4.000000 -0.308542 -1.387017 -5.664838
-0.783081 -0.917725 -4.000000 -0.324919 -1.367792 -5.648936
-0.781860 -0.920288 -4.000000 -0.319697 -1.344295 -5.630186
-0.786499 -0.918701 -4.000000 -0.297150 -1.322935 -5.595772
-0.783203 -0.924316 -4.000000 -0.284571 -1.323647 -5.570851
-0.783203 -0.921387 -4.000000 -0.290030 -1.349517 -5.557086
-0.784058 -0.915405 -4.000000 -0.308068 -1.362808 -5.548067
-0.784424 -0.921265 -4.000000 -0.296675 -1.367555 -5.508668
-0.786743 -0.923950 -4.000000 -0.239002 -1.352128 -5.447197
-0.785156 -0.918213 -4.000000 -0.268432 -1.340261 -5.471880
-0.785278 -0.911621 -4.000000 -0.243511 -1.323884 -5.454317
-0.785767 -0.921875 -4.000000 -0.192720 -1.321985 -5.394032
-0.778809 -0.920166 -4.000000 -0.144778 -1.351178 -5.349887
-0.780884 -0.917847 -4.000000 -0.098022 -1.400545 -5.300995
-0.777588 -0.919434 -4.000000 -0.055063 -1.440418 -5.263258
-0.780151 -0.920654 -4.000000 -0.037262 -1.473646 -5.234540
-0.786743 -0.914429 -4.000000 -0.040585 -1.493345 -5.218163
-0.785400 -0.916260 -4.000000 -0.064319 -1.546035 -5.236913
-0.787109 -0.918823 -4.000000 -0.096123 -1.620559 -5.285568
-0.780396 -0.915649 -4.000000 -0.102056 -1.641208 -5.310726
-0.783325 -0.919434 -4.000000 -0.069778 -1.584958 -5.315236
-0.784058 -0.919800 -4.000000 -0.027769 -1.485276 -5.302182
-0.780762 -0.919678 -4.000000 0.021835 -1.385118 -5.254951
-0.781006 -0.912720 -4.000000 0.075237 -1.310118 -5.232167
-0.785645 -0.919312 -4.000000 0.098022 -1.322460 -5.301233
-0.779297 -0.922119 -4.000000 0.053164 -1.424516 -5.387150
-0.783203 -0.919434 -4.000000 -0.059572 -1.551019 -5.450757
-0.786377 -0.922119 -4.000000 -0.204350 -1.649752 -5.498700
-0.784668 -0.917847 -4.000000 -0.319460 -1.683692 -5.535725
-0.775269 -0.926392 -4.000000 -0.368827 -1.593740 -5.569902
-0.784790 -0.917358 -4.000000 -0.322308 -1.360435 -5.562544
-0.778320 -0.915283 -4.000000 -0.263210 -1.085594 -5.548779
-0.780884 -0.910034 -4.000000 -0.271280 -0.904266 -5.544032
-0.787109 -0.919189 -4.000000 -0.317324 -0.891213 -5.496801
-0.793335 -0.911865 -4.000000 -0.427450 -1.003475 -5.479475
-0.778320 -0.917236 -4.000000 -0.539474 -1.137809 -5.539285
-0.778687 -0.920166 -4.000000 -0.600234 -1.234644 -5.567291
-0.779663 -0.912109 -4.000000 -0.617559 -1.286859 -5.558747
-0.782837 -0.917603 -4.000000 -0.612575 -1.289470 -5.579633
-0.785889 -0.917236 -4.000000 -0.592401 -1.274992 -5.632797
-0.775757 -0.915649 -4.000000 -0.536152 -1.256717 -5.672907
-0.784302 -0.919067 -4.000000 -0.481326 -1.245087 -5.728920
-0.784302 -0.920288 -4.000000 -0.372150 -1.134012 -5.670059
-0.778198 -0.922729 -4.000000 -0.300473 -1.088680 -5.640867
-0.786133 -0.921509 -4.000000 -0.279587 -1.158933 -5.670772
-0.784790 -0.927490 -4.000000 -0.294065 -1.276653 -5.665313
-0.779663 -0.923950 -4.000000 -0.316849 -1.371352 -5.674094
-0.785645 -0.911255 -4.000000 -0.341533 -1.417396 -5.691183
-0.784668 -0.917114 -4.000000 -0.348416 -1.420482 -5.711119
-0.794189 -0.917480 -4.000000 -0.348178 -1.404342 -5.712069
-0.788818 -0.915527 -4.000000 -0.332039 -1.368504 -5.707797
-0.785034 -0.920654 -4.000000 -0.325868 -1.335751 -5.708034
-0.784424 -0.916138 -4.000000 -0.333938 -1.320799 -5.716815
-0.783447 -0.918091 -4.000000 -0.355061 -1.306321 -5.724173
-0.786743 -0.917480 -4.000000 -0.376896 -1.293979 -5.718714
-0.780762 -0.918335 -4.000000 -0.389713 -1.313441 -5.724648
-0.785522 -0.917603 -4.000000 -0.401580 -1.359485 -5.732480
-0.786255 -0.921631 -4.000000 -0.407039 -1.403393 -5.754790
-0.780884 -0.915894 -4.000000 -0.402766 -1.417159 -5.764996
-0.785767 -0.918701 -4.000000 -0.396121 -1.399358 -5.762385
-0.790161 -0.917236 -4.000000 -0.383542 -1.363520 -5.750992
-0.779297 -0.918823 -4.000000 -0.362893 -1.351178 -5.749806
-0.781616 -0.916260 -4.000000 -0.363131 -1.354026 -5.749568
-0.779663 -0.915405 -4.000000 -0.381643 -1.363520 -5.747195
-0.781250 -0.918091 -4.000000 -0.422940 -1.367555 -5.759537
-0.787598 -0.918579 -4.000000 -0.472545 -1.363520 -5.766657
-0.785034 -0.923096 -4.000000 -0.498889 -1.365419 -5.775676
-0.780518 -0.913208 -4.000000 -0.511231 -1.364944 -5.766419
-0.783691 -0.922852 -4.000000 -0.502212 -1.374912 -5.764758
