-0.785889 -0.918579 -4.000000 -0.153084 -1.377523 -5.837384
-0.788940 -0.910034 -4.000000 -0.161154 -1.347381 -5.856371
-0.779785 -0.913208 -4.000000 -0.138607 -1.370403 -5.836197
-0.785889 -0.913208 -4.000000 -0.154271 -1.402206 -5.791815
-0.786865 -0.920044 -4.000000 -0.197704 -1.408852 -5.758825
-0.787354 -0.921875 -4.000000 -0.249445 -1.397222 -5.763097
-0.789185 -0.916138 -4.000000 -0.266058 -1.404580 -5.781847
-0.782959 -0.910034 -4.000000 -0.267720 -1.406479 -5.788730
-0.789429 -0.913574 -4.000000 -0.311153 -1.405766 -5.792290
-0.788208 -0.914917 -4.000000 -0.368115 -1.387966 -5.795850
-0.786621 -0.922974 -4.000000 -0.421754 -1.395561 -5.799410
-0.787354 -0.927490 -4.000000 -0.525471 -1.444216 -5.789916
-0.788452 -0.916504 -4.000000 -0.666214 -1.515418 -5.753129
-0.782227 -0.915405 -4.000000 -0.846118 -1.574278 -5.715154
-0.785034 -0.916382 -4.000000 -1.004187 -1.605132 -5.690945
-0.782715 -0.920410 -4.000000 -1.109566 -1.592079 -5.692607
-0.785522 -0.916504 -4.000000 -1.168901 -1.554342 -5.680265
-0.787231 -0.920044 -4.000000 -1.221116 -1.519215 -5.664838
-0.781738 -0.915527 -4.000000 -1.291368 -1.483377 -5.646088
-0.786987 -0.915894 -4.000000 -1.352365 -1.466526 -5.636120
-0.782471 -0.914551 -4.000000 -1.377760 -1.428789 -5.626152
-0.786987 -0.918091 -4.000000 -1.400782 -1.412649 -5.619743
-0.782471 -0.919434 -4.000000 -1.404342 -1.406479 -5.621879
-0.785889 -0.919312 -4.000000 -1.440181 -1.448488 -5.640629
-0.786011 -0.916992 -4.000000 -1.499991 -1.507823 -5.666499
-0.788330 -0.920776 -4.000000 -1.556240 -1.533930 -5.677180
-0.783691 -0.920898 -4.000000 -1.604895 -1.509722 -5.680265
-0.786743 -0.917847 -4.000000 -1.638360 -1.452760 -5.676230
-0.781494 -0.924316 -4.000000 -1.657822 -1.386542 -5.683588
-0.785767 -0.913574 -4.000000 -1.671825 -1.306321 -5.694980
-0.784302 -0.914185 -4.000000 -1.677521 -1.238442 -5.708508
-0.785522 -0.915039 -4.000000 -1.679420 -1.189550 -5.726072
-0.780762 -0.915771 -4.000000 -1.688676 -1.163442 -5.754790
-0.781860 -0.920776 -4.000000 -1.673724 -1.189312 -5.766182
-0.785034 -0.918945 -4.000000 -1.635037 -1.227287 -5.739363
-0.787109 -0.917603 -4.000000 -1.594689 -1.226812 -5.725360
-0.792236 -0.918091 -4.000000 -1.516604 -1.184565 -5.712543
-0.791260 -0.916748 -4.000000 -1.395561 -1.123569 -5.708508
-0.792847 -0.919678 -4.000000 -1.251258 -1.068981 -5.712543
-0.785889 -0.917114 -4.000000 -1.106480 -1.054740 -5.727733
-0.779541 -0.918945 -4.000000 -0.968586 -1.106718 -5.737701
-0.784302 -0.916016 -4.000000 -0.841134 -1.202841 -5.757875
-0.782715 -0.913940 -4.000000 -0.728160 -1.284960 -5.777337
-0.789185 -0.916138 -4.000000 -0.634173 -1.341922 -5.781847
-0.782104 -0.915771 -4.000000 -0.548256 -1.364232 -5.784932
-0.786255 -0.913696 -4.000000 -0.491532 -1.373963 -5.795375
-0.785278 -0.917725 -4.000000 -0.460678 -1.385830 -5.806530
-0.784424 -0.921021 -4.000000 -0.439080 -1.401020 -5.814363
-0.782349 -0.920044 -4.000000 -0.422466 -1.383219 -5.824093
-0.782593 -0.917725 -4.000000 -0.397070 -1.357349 -5.819584
-0.785889 -0.915771 -4.000000 -0.376896 -1.354738 -5.811039
-0.786255 -0.922852 -4.000000 -0.380219 -1.347618 -5.812464
-0.786133 -0.920898 -4.000000 -0.377846 -1.349042 -5.828840
-0.787964 -0.919067 -4.000000 -0.364792 -1.337887 -5.836910
-0.784058 -0.921753 -4.000000 -0.354349 -1.335989 -5.834062
-0.791748 -0.915161 -4.000000 -0.341058 -1.336463 -5.840232
-0.783325 -0.919556 -4.000000 -0.316849 -1.341447 -5.840944
-0.788940 -0.924072 -4.000000 -0.283147 -1.352840 -5.834299
-0.790771 -0.908691 -4.000000 -0.257040 -1.370640 -5.814600
-0.781494 -0.915527 -4.000000 -0.247783 -1.383456 -5.786831
-0.781250 -0.915527 -4.000000 -0.224999 -1.382745 -5.747432
-0.788086 -0.914551 -4.000000 -0.198416 -1.349754 -5.723698
-0.786499 -0.922485 -4.000000 -0.178243 -1.298251 -5.701626
-0.787598 -0.917480 -4.000000 -0.157831 -1.258378 -5.676705
-0.787964 -0.917236 -4.000000 -0.120569 -1.213996 -5.625202
-0.786133 -0.915894 -4.000000 -0.091851 -1.169613 -5.566104
-0.787964 -0.920288 -4.000000 -0.092800 -1.146591 -5.495140
-0.783813 -0.914307 -4.000000 -0.192008 -1.172224 -5.438890
-0.785034 -0.917603 -4.000000 -0.243986 -1.208537 -5.383590
-0.792725 -0.920044 -4.000000 -0.268669 -1.302286 -5.387150
-0.792725 -0.914429 -4.000000 -0.311628 -1.425466 -5.376470
-0.787964 -0.920410 -4.000000 -0.310441 -1.556003 -5.387862
-0.780151 -0.914673 -4.000000 -0.255615 -1.725227 -5.400916
-0.786865 -0.921753 -4.000000 -0.155695 -1.914387 -5.401865
-0.787354 -0.914307 -4.000000 -0.032041 -2.042313 -5.371485
-0.789063 -0.914307 -4.000000 0.087579 -1.977045 -5.320932
-0.794067 -0.914429 -4.000000 0.179904 -1.735669 -5.261359
-0.788696 -0.922363 -4.000000 0.234492 -1.390577 -5.196803
-0.790527 -0.916626 -4.000000 0.270331 -1.067319 -5.138892
-0.785156 -0.919189 -4.000000 0.229745 -0.965263 -5.133196
-0.786011 -0.916504 -4.000000 0.140505 -1.100784 -5.150047
-0.793213 -0.918579 -4.000000 0.029430 -1.343109 -5.200838
-0.788696 -0.922852 -4.000000 -0.059335 -1.533693 -5.255426
-0.786865 -0.916626 -4.000000 -0.090901 -1.589943 -5.305505
-0.789917 -0.918579 -4.000000 -0.118195 -1.510671 -5.310252
-0.782837 -0.919556 -4.000000 -0.132911 -1.415735 -5.335884
-0.782104 -0.919922 -4.000000 -0.178955 -1.274755 -5.436042
-0.780029 -0.918335 -4.000000 -0.329191 -1.023174 -5.417529
-0.787720 -0.920288 -4.000000 -0.402529 -0.967399 -5.388099
-0.790405 -0.915161 -4.000000 -0.421279 -1.056639 -5.401865
-0.787231 -0.918823 -4.000000 -0.449048 -1.239628 -5.412071
-0.785889 -0.915527 -4.000000 -0.461152 -1.410751 -5.430109
-0.794434 -0.922485 -4.000000 -0.416770 -1.485988 -5.464760
-0.788086 -0.915039 -4.000000 -0.356722 -1.468899 -5.497750
-0.779907 -0.922607 -4.000000 -0.289318 -1.366368 -5.526231
-0.785645 -0.921997 -4.000000 -0.243274 -1.199755 -5.521247
-0.785522 -0.917725 -4.000000 -0.278163 -1.019377 -5.584854
-0.786743 -0.922363 -4.000000 -0.280299 -0.979741 -5.589364
-0.789429 -0.921753 -4.000000 -0.234730 -1.087018 -5.610961
-0.785889 -0.916992 -4.000000 -0.255141 -1.253394 -5.630186
-0.786865 -0.912720 -4.000000 -0.280299 -1.382507 -5.626389
-0.783325 -0.918579 -4.000000 -0.289080 -1.391763 -5.656056
-0.788086 -0.911255 -4.000000 -0.290742 -1.354026 -5.676705
-0.788330 -0.913208 -4.000000 -0.286232 -1.308220 -5.702338
-0.783325 -0.918701 -4.000000 -0.294065 -1.269533 -5.717527
-0.784180 -0.917603 -4.000000 -0.328479 -1.296353 -5.736040
-0.782715 -0.913940 -4.000000 -0.317324 -1.326495 -5.737464
-0.786743 -0.919067 -4.000000 -0.304270 -1.318188 -5.726309
-0.789551 -0.925293 -4.000000 -0.295726 -1.321273 -5.710645
-0.781006 -0.916016 -4.000000 -0.280299 -1.279501 -5.682164
-0.787720 -0.923950 -4.000000 -0.282910 -1.256005 -5.703287
-0.787231 -0.916504 -4.000000 -0.290267 -1.274992 -5.718477
-0.790161 -0.912842 -4.000000 -0.310204 -1.326732 -5.741973
-0.791138 -0.918457 -4.000000 -0.326106 -1.388678 -5.746720
-0.785522 -0.914307 -4.000000 -0.336311 -1.420244 -5.758350
-0.790283 -0.918457 -4.000000 -0.342957 -1.416447 -5.776625
-0.791626 -0.920166 -4.000000 -0.354349 -1.415735 -5.790154
-0.785278 -0.919312 -4.000000 -0.367403 -1.419532 -5.794900
-0.782593 -0.925903 -4.000000 -0.383305 -1.420956 -5.790865
-0.784180 -0.916138 -4.000000 -0.396358 -1.432586 -5.805343
-0.786621 -0.921387 -4.000000 -0.389475 -1.438994 -5.819346
-0.784058 -0.916626 -4.000000 -0.376184 -1.439706 -5.828840
-0.786743 -0.925293 -4.000000 -0.375235 -1.427839 -5.820770
-0.783081 -0.915771 -4.000000 -0.371675 -1.417871 -5.826941
-0.786621 -0.915771 -4.000000 -0.369301 -1.418583 -5.823381
-0.789917 -0.921387 -4.000000 -0.360995 -1.417159 -5.810090
-0.787842 -0.916626 -4.000000 -0.351026 -1.416684 -5.812226
-0.783691 -0.915161 -4.000000 -0.355773 -1.418108 -5.810090
-0.785278 -0.923828 -4.000000 -0.350314 -1.415497 -5.802732
-0.781738 -0.916626 -4.000000 -0.343906 -1.409089 -5.784932
-0.788940 -0.924194 -4.000000 -0.353637 -1.409327 -5.785644
-0.780640 -0.913818 -4.000000 -0.357909 -1.419532 -5.781610
-0.784302 -0.915283 -4.000000 -0.362419 -1.416684 -5.785882
-0.782715 -0.922485 -4.000000 -0.352925 -1.416684 -5.781610
-0.788452 -0.916870 -4.000000 -0.328954 -1.419532 -5.782321
-0.785156 -0.917114 -4.000000 -0.315188 -1.420482 -5.783033
-0.788818 -0.916870 -4.000000 -0.312815 -1.418108 -5.769505
-0.782959 -0.916992 -4.000000 -0.331090 -1.415735 -5.766894
-0.786133 -0.917236 -4.000000 -0.331802 -1.406479 -5.773065
-0.779053 -0.911255 -4.000000 -0.332276 -1.383931 -5.766419
-0.781250 -0.908447 -4.000000 -0.339634 -1.358298 -5.757164
-0.782593 -0.919922 -4.000000 -0.351501 -1.351653 -5.750518
-0.789917 -0.918091 -4.000000 -0.374286 -1.361147 -5.755502
-0.784180 -0.912109 -4.000000 -0.406564 -1.399358 -5.759537
-0.780762 -0.913818 -4.000000 -0.428874 -1.420482 -5.753603
-0.782593 -0.915527 -4.000000 -0.428162 -1.429738 -5.739363
-0.781860 -0.920776 -4.000000 -0.412260 -1.420719 -5.721799
-0.776733 -0.916748 -4.000000 -0.380694 -1.416209 -5.717765
-0.783081 -0.922607 -4.000000 -0.353400 -1.414073 -5.722037
-0.786133 -0.916382 -4.000000 -0.335836 -1.392475 -5.717765
