-0.783569 -0.912720 -4.000000 -0.349128 -1.646667 -5.720138
-0.785645 -0.917358 -4.000000 -0.357909 -1.602047 -5.761436
-0.780762 -0.913086 -4.000000 -0.403478 -1.614151 -5.820058
-0.777466 -0.922241 -4.000000 -0.461864 -1.636699 -5.856846
-0.782837 -0.916260 -4.000000 -0.411311 -1.654262 -5.853998
-0.787231 -0.916260 -4.000000 -0.305694 -1.635275 -5.860406
-0.786255 -0.912964 -4.000000 -0.242324 -1.576651 -5.859457
-0.780884 -0.918213 -4.000000 -0.214793 -1.533930 -5.848539
-0.783813 -0.918945 -4.000000 -0.238764 -1.502839 -5.836910
-0.786133 -0.916992 -4.000000 -0.269619 -1.471985 -5.817448
-0.783813 -0.916138 -4.000000 -0.257514 -1.439944 -5.819584
-0.786377 -0.917114 -4.000000 -0.237815 -1.432586 -5.812938
-0.788818 -0.917480 -4.000000 -0.233780 -1.448250 -5.815786
-0.787964 -0.916138 -4.000000 -0.238527 -1.466288 -5.815549
-0.779419 -0.920532 -4.000000 -0.256802 -1.459405 -5.807242
-0.784424 -0.919678 -4.000000 -0.247783 -1.420719 -5.770929
-0.786011 -0.920532 -4.000000 -0.229271 -1.399121 -5.733666
-0.786621 -0.916870 -4.000000 -0.233780 -1.387491 -5.711831
-0.790527 -0.914551 -4.000000 -0.243986 -1.395798 -5.718477
-0.783447 -0.916138 -4.000000 -0.255615 -1.419058 -5.741499
-0.786743 -0.918091 -4.000000 -0.285520 -1.414311 -5.768081
-0.781128 -0.911255 -4.000000 -0.296913 -1.373726 -5.789679
-0.787842 -0.921997 -4.000000 -0.312340 -1.341447 -5.793477
-0.790405 -0.918213 -4.000000 -0.321833 -1.323172 -5.780660
-0.785400 -0.911255 -4.000000 -0.297150 -1.322935 -5.770692
-0.783203 -0.921753 -4.000000 -0.278400 -1.333615 -5.767132
-0.777710 -0.911133 -4.000000 -0.288131 -1.347381 -5.780423
-0.784302 -0.914063 -4.000000 -0.332514 -1.365181 -5.808904
-0.785278 -0.907715 -4.000000 -0.349128 -1.418108 -5.818160
-0.784912 -0.925049 -4.000000 -0.331564 -1.453709 -5.826467
-0.783569 -0.918091 -4.000000 -0.376896 -1.451336 -5.856371
-0.789429 -0.921631 -4.000000 -0.441216 -1.431399 -5.861356
-0.784058 -0.917603 -4.000000 -0.490582 -1.407903 -5.863492
-0.783936 -0.913208 -4.000000 -0.582433 -1.396510 -5.861593
-0.785278 -0.919312 -4.000000 -0.642955 -1.368029 -5.848777
-0.783325 -0.907959 -4.000000 -0.675945 -1.352602 -5.819109
-0.791016 -0.915283 -4.000000 -0.671673 -1.316764 -5.798935
-0.785400 -0.920288 -4.000000 -0.727448 -1.272381 -5.784457
-0.786743 -0.916138 -4.000000 -0.790106 -1.255767 -5.757638
-0.781738 -0.916870 -4.000000 -0.881719 -1.303710 -5.766182
-0.782349 -0.917358 -4.000000 -0.966924 -1.406479 -5.817923
-0.787476 -0.916382 -4.000000 -0.988285 -1.487412 -5.884852
-0.784302 -0.912476 -4.000000 -0.985912 -1.538677 -5.909773
-0.786865 -0.912354 -4.000000 -0.998965 -1.554342 -5.908349
-0.792603 -0.918457 -4.000000 -1.041687 -1.558851 -5.894821
-0.791992 -0.921753 -4.000000 -1.084645 -1.537490 -5.875596
-0.786499 -0.919922 -4.000000 -1.123569 -1.495006 -5.820058
-0.789185 -0.916382 -4.000000 -1.149914 -1.404105 -5.710645
-0.788574 -0.914185 -4.000000 -1.179107 -1.332191 -5.628525
-0.785156 -0.921875 -4.000000 -1.196907 -1.313441 -5.603129
-0.788086 -0.917236 -4.000000 -1.196195 -1.340973 -5.611911
-0.779907 -0.920654 -4.000000 -1.178632 -1.398409 -5.651547
-0.782837 -0.915527 -4.000000 -1.167952 -1.467950 -5.712543
-0.783203 -0.921387 -4.000000 -1.131401 -1.528471 -5.781135
-0.786621 -0.919434 -4.000000 -1.057588 -1.549832 -5.812226
-0.787231 -0.915649 -4.000000 -0.940105 -1.574753 -5.843081
-0.784424 -0.917358 -4.000000 -0.801973 -1.660195 -5.879394
-0.792480 -0.919312 -4.000000 -0.685201 -1.749198 -5.896245
-0.785156 -0.919556 -4.000000 -0.581246 -1.759404 -5.869900
-0.785278 -0.926025 -4.000000 -0.510282 -1.724040 -5.838096
-0.792603 -0.914063 -4.000000 -0.473257 -1.692474 -5.813176
-0.792236 -0.910522 -4.000000 -0.454744 -1.652600 -5.792764
-0.789185 -0.919800 -4.000000 -0.470646 -1.629341 -5.797511
-0.785034 -0.915649 -4.000000 -0.471595 -1.602759 -5.804394
-0.788330 -0.917480 -4.000000 -0.474443 -1.552205 -5.791578
-0.785034 -0.917236 -4.000000 -0.532829 -1.516367 -5.757875
-0.788086 -0.921387 -4.000000 -0.558936 -1.460829 -5.736278
-0.779663 -0.922607 -4.000000 -0.536152 -1.410988 -5.686911
-0.786011 -0.913330 -4.000000 -0.499839 -1.362808 -5.633034
-0.784302 -0.912354 -4.000000 -0.461864 -1.339786 -5.540946
-0.789551 -0.918823 -4.000000 -0.417482 -1.317001 -5.523383
-0.789185 -0.917603 -4.000000 -0.399918 -1.339311 -5.501548
-0.781982 -0.922729 -4.000000 -0.234255 -1.315814 -5.474016
-0.784180 -0.919312 -4.000000 -0.135284 -1.347143 -5.465472
-0.791382 -0.916870 -4.000000 -0.143116 -1.399121 -5.506057
-0.783813 -0.917114 -4.000000 -0.137895 -1.403156 -5.565867
-0.780518 -0.915405 -4.000000 -0.198891 -1.290182 -5.504633
-0.785400 -0.919312 -4.000000 -0.383779 -1.196670 -5.317846
-0.779785 -0.916992 -4.000000 -0.364792 -1.171986 -5.230980
-0.778687 -0.924072 -4.000000 -0.395409 -1.183616 -5.076234
-0.791016 -0.912598 -4.000000 -0.331564 -1.243663 -5.082642
-0.789795 -0.921387 -4.000000 -0.322308 -1.369928 -5.214841
-0.786621 -0.917236 -4.000000 -0.383542 -1.469136 -5.323543
-0.789429 -0.913818 -4.000000 -0.448573 -1.508298 -5.398305
-0.788696 -0.918945 -4.000000 -0.585044 -1.455133 -5.415868
-0.787109 -0.917603 -4.000000 -0.648651 -1.357824 -5.069351
-0.791016 -0.919556 -4.000000 -0.505297 -1.186227 -5.006693
-0.796875 -0.918579 -4.000000 -0.333226 -1.049519 -5.180664
-0.786255 -0.920288 -4.000000 -0.283384 -1.037652 -5.332087
-0.788208 -0.912354 -4.000000 -0.345567 -1.118822 -5.516026
-0.785645 -0.912720 -4.000000 -0.409887 -1.226100 -5.675993
-0.785889 -0.915894 -4.000000 -0.479902 -1.283299 -5.814125
-0.788086 -0.915894 -4.000000 -0.499601 -1.295641 -5.905026
-0.784668 -0.919189 -4.000000 -0.451421 -1.301811 -5.945137
-0.784790 -0.917480 -4.000000 -0.450709 -1.312492 -5.950358
-0.781616 -0.913208 -4.000000 -0.509570 -1.319375 -5.900042
-0.789917 -0.915649 -4.000000 -0.582196 -1.322223 -5.748144
-0.782471 -0.918701 -4.000000 -0.624917 -1.310593 -5.652496
-0.791382 -0.925903 -4.000000 -0.658857 -1.293267 -5.624253
-0.786865 -0.914551 -4.000000 -0.631325 -1.256717 -5.615946
-0.783691 -0.919434 -4.000000 -0.584569 -1.232271 -5.644664
-0.777588 -0.914795 -4.000000 -0.493193 -1.168901 -5.659142
-0.782104 -0.913818 -4.000000 -0.404665 -1.133062 -5.614759
-0.782837 -0.911377 -4.000000 -0.335836 -1.114313 -5.605740
-0.785645 -0.914185 -4.000000 -0.284334 -1.132588 -5.577497
-0.784302 -0.912842 -4.000000 -0.260837 -1.186464 -5.594585
-0.786133 -0.909058 -4.000000 -0.254191 -1.257666 -5.635882
-0.779541 -0.916016 -4.000000 -0.255141 -1.333140 -5.679078
-0.788818 -0.915649 -4.000000 -0.281486 -1.407903 -5.752891
-0.789673 -0.913940 -4.000000 -0.309729 -1.444216 -5.817448
-0.784424 -0.917603 -4.000000 -0.301659 -1.423330 -5.810328
-0.784180 -0.917603 -4.000000 -0.287182 -1.392950 -5.759299
-0.784790 -0.917480 -4.000000 -0.281486 -1.348805 -5.738176
-0.784058 -0.909668 -4.000000 -0.272467 -1.317239 -5.679790
-0.788208 -0.916992 -4.000000 -0.260362 -1.305609 -5.633984
-0.789429 -0.922729 -4.000000 -0.234730 -1.323409 -5.620455
-0.778687 -0.921997 -4.000000 -0.241375 -1.373726 -5.636357
-0.781738 -0.923584 -4.000000 -0.267720 -1.410276 -5.687860
-0.786621 -0.924805 -4.000000 -0.310204 -1.455608 -5.731293
-0.779663 -0.922119 -4.000000 -0.343906 -1.474595 -5.746720
-0.789673 -0.923706 -4.000000 -0.358384 -1.468187 -5.748144
-0.787231 -0.920776 -4.000000 -0.363131 -1.426415 -5.744347
-0.780518 -0.915649 -4.000000 -0.363368 -1.402681 -5.722274
-0.787598 -0.917847 -4.000000 -0.370014 -1.342397 -5.683825
-0.783325 -0.919922 -4.000000 -0.416532 -1.296590 -5.643714
-0.780273 -0.914429 -4.000000 -0.467323 -1.273093 -5.653920
-0.785645 -0.916138 -4.000000 -0.504823 -1.274755 -5.687148
-0.787476 -0.916870 -4.000000 -0.515740 -1.296353 -5.707559
-0.781250 -0.916748 -4.000000 -0.488684 -1.324834 -5.727733
-0.790283 -0.919922 -4.000000 -0.434807 -1.356874 -5.748382
-0.791016 -0.917603 -4.000000 -0.411311 -1.370640 -5.750518
-0.784180 -0.921875 -4.000000 -0.392798 -1.361859 -5.745296
-0.794189 -0.912354 -4.000000 -0.372862 -1.327444 -5.733666
-0.783447 -0.914429 -4.000000 -0.380219 -1.307508 -5.732717
-0.788818 -0.911865 -4.000000 -0.387339 -1.292793 -5.714917
-0.776367 -0.915649 -4.000000 -0.397308 -1.295166 -5.710645
-0.790894 -0.916016 -4.000000 -0.421754 -1.314628 -5.730581
-0.785645 -0.920654 -4.000000 -0.416058 -1.341447 -5.750992
-0.776733 -0.920898 -4.000000 -0.387814 -1.363995 -5.760011
-0.787842 -0.924316 -4.000000 -0.380931 -1.382745 -5.786593
-0.780762 -0.917114 -4.000000 -0.389713 -1.387254 -5.792764
-0.791260 -0.911865 -4.000000 -0.379507 -1.377760 -5.793477
-0.782471 -0.920288 -4.000000 -0.362656 -1.373488 -5.782084
-0.787964 -0.916016 -4.000000 -0.338685 -1.380134 -5.779711
-0.787598 -0.916748 -4.000000 -0.310678 -1.383694 -5.773065
-0.789185 -0.922974 -4.000000 -0.300947 -1.390102 -5.753366
-0.780029 -0.921753 -4.000000 -0.314239 -1.405766 -5.763809
-0.778564 -0.920898 -4.000000 -0.342482 -1.418108 -5.779711
-0.781860 -0.916748 -4.000000 -0.369064 -1.418108 -5.788492
-0.787964 -0.913452 -4.000000 -0.374998 -1.406953 -5.790154
