-0.781494 -0.926636 -4.000000 -0.252530 -1.709562 -5.746720
-0.790649 -0.922974 -4.000000 -0.214793 -1.706239 -5.713255
-0.776367 -0.914917 -4.000000 -0.168037 -1.643582 -5.718002
-0.783325 -0.914551 -4.000000 -0.113449 -1.563123 -5.713967
-0.781982 -0.917969 -4.000000 -0.079984 -1.494294 -5.700439
-0.776855 -0.917236 -4.000000 -0.086155 -1.444928 -5.689759
-0.787354 -0.918213 -4.000000 -0.108702 -1.396510 -5.690708
-0.784180 -0.917480 -4.000000 -0.140268 -1.347143 -5.695930
-0.786011 -0.919067 -4.000000 -0.154509 -1.343583 -5.715629
-0.784180 -0.912476 -4.000000 -0.203875 -1.397697 -5.752179
-0.780884 -0.912720 -4.000000 -0.292878 -1.462965 -5.765470
-0.776001 -0.915161 -4.000000 -0.360283 -1.496193 -5.776151
-0.781738 -0.909546 -4.000000 -0.382355 -1.483139 -5.758587
-0.783447 -0.920044 -4.000000 -0.402766 -1.433773 -5.737701
-0.791870 -0.915894 -4.000000 -0.445013 -1.399596 -5.724411
-0.784668 -0.921753 -4.000000 -0.495804 -1.367317 -5.706847
-0.790771 -0.922974 -4.000000 -0.537101 -1.361859 -5.699727
-0.782349 -0.916748 -4.000000 -0.571041 -1.378472 -5.686911
-0.786987 -0.912842 -4.000000 -0.616847 -1.387017 -5.668161
-0.785645 -0.923096 -4.000000 -0.674758 -1.367317 -5.634933
-0.788696 -0.917236 -4.000000 -0.715581 -1.339549 -5.615708
-0.783447 -0.917847 -4.000000 -0.761625 -1.311780 -5.599332
-0.785034 -0.919800 -4.000000 -0.809805 -1.287334 -5.582955
-0.781982 -0.924438 -4.000000 -0.850153 -1.262176 -5.570851
-0.781738 -0.921997 -4.000000 -0.873887 -1.272381 -5.587940
-0.781616 -0.915283 -4.000000 -0.892874 -1.337887 -5.597196
-0.786865 -0.917114 -4.000000 -0.916846 -1.439232 -5.597908
-0.783081 -0.923096 -4.000000 -0.915184 -1.539389 -5.592449
-0.787109 -0.917358 -4.000000 -0.869615 -1.607743 -5.561595
-0.786133 -0.913452 -4.000000 -0.796514 -1.617237 -5.536911
-0.781860 -0.919800 -4.000000 -0.736942 -1.558851 -5.490868
-0.785767 -0.914673 -4.000000 -0.724837 -1.443741 -5.431295
-0.785522 -0.919067 -4.000000 -0.754030 -1.294454 -5.395694
-0.775513 -0.922729 -4.000000 -0.841134 -1.164154 -5.403526
-0.789307 -0.924194 -4.000000 -0.956244 -1.082746 -5.431770
-0.783081 -0.921509 -4.000000 -1.079898 -1.099360 -5.486833
-0.779785 -0.918335 -4.000000 -1.256242 -1.224676 -5.541421
-0.785767 -0.921875 -4.000000 -1.422380 -1.382507 -5.590075
-0.783691 -0.915771 -4.000000 -1.518266 -1.494294 -5.621642
-0.780273 -0.917358 -4.000000 -1.515655 -1.542237 -5.643952
-0.778564 -0.921143 -4.000000 -1.425466 -1.549357 -5.651309
-0.792725 -0.916748 -4.000000 -1.298251 -1.477443 -5.636594
-0.784912 -0.915161 -4.000000 -1.131876 -1.353077 -5.605978
-0.786011 -0.921509 -4.000000 -0.956956 -1.236068 -5.608826
-0.781860 -0.918335 -4.000000 -0.809093 -1.164391 -5.635882
-0.782715 -0.918091 -4.000000 -0.687100 -1.156559 -5.674094
-0.789795 -0.917114 -4.000000 -0.604268 -1.199755 -5.711831
-0.784546 -0.920410 -4.000000 -0.552766 -1.259802 -5.753603
-0.785645 -0.923340 -4.000000 -0.510282 -1.324596 -5.762859
-0.785767 -0.921021 -4.000000 -0.464475 -1.368029 -5.768793
-0.787354 -0.916748 -4.000000 -0.439317 -1.362808 -5.779473
-0.780762 -0.921265 -4.000000 -0.416295 -1.334802 -5.806767
-0.787354 -0.916626 -4.000000 -0.392561 -1.301811 -5.830976
-0.780029 -0.919312 -4.000000 -0.384966 -1.299913 -5.844979
-0.782471 -0.918457 -4.000000 -0.372624 -1.328868 -5.865153
-0.781372 -0.911743 -4.000000 -0.345093 -1.370165 -5.870375
-0.783813 -0.919067 -4.000000 -0.304270 -1.407903 -5.884140
-0.785034 -0.918579 -4.000000 -0.264634 -1.419532 -5.891261
-0.784180 -0.913086 -4.000000 -0.230695 -1.401732 -5.885802
-0.786499 -0.920166 -4.000000 -0.213369 -1.360672 -5.889836
-0.787720 -0.926025 -4.000000 -0.212182 -1.318188 -5.881055
-0.780029 -0.920410 -4.000000 -0.219540 -1.277128 -5.862780
-0.781006 -0.920166 -4.000000 -0.242087 -1.264786 -5.841894
-0.784790 -0.917480 -4.000000 -0.267008 -1.256717 -5.810090
-0.788818 -0.916748 -4.000000 -0.273179 -1.259802 -5.798223
-0.781128 -0.924805 -4.000000 -0.270331 -1.277603 -5.783271
-0.787476 -0.918945 -4.000000 -0.233068 -1.291368 -5.750518
-0.790283 -0.918091 -4.000000 -0.170885 -1.293979 -5.711119
-0.783447 -0.917969 -4.000000 -0.092800 -1.302049 -5.681926
-0.788574 -0.914307 -4.000000 -0.002373 -1.305372 -5.660328
-0.782593 -0.914185 -4.000000 0.069303 -1.298014 -5.658192
-0.788452 -0.917969 -4.000000 0.118195 -1.299201 -5.647038
-0.784668 -0.921143 -4.000000 0.157119 -1.284011 -5.634459
-0.781250 -0.925293 -4.000000 0.149999 -1.271907 -5.629237
-0.783447 -0.925537 -4.000000 0.115822 -1.271907 -5.622117
-0.777710 -0.917114 -4.000000 0.046044 -1.295166 -5.556136
-0.785767 -0.921631 -4.000000 -0.010443 -1.297065 -5.547355
-0.785156 -0.923584 -4.000000 -0.046044 -1.287571 -5.507719
-0.788574 -0.919678 -4.000000 -0.068117 -1.242476 -5.515314
-0.785767 -0.926392 -4.000000 -0.082594 -1.194296 -5.482323
-0.783813 -0.925415 -4.000000 -0.072389 -1.190261 -5.516975
-0.784424 -0.927124 -4.000000 -0.183939 -1.264786 -5.718239
-0.783813 -0.916138 -4.000000 -0.422940 -1.430450 -5.519348
-0.787476 -0.922363 -4.000000 -0.529032 -1.580924 -5.471168
-0.783081 -0.918335 -4.000000 -0.396833 -1.759641 -5.434381
-0.778564 -0.918091 -4.000000 -0.371438 -1.705290 -5.400204
-0.786743 -0.920898 -4.000000 -0.354586 -1.585433 -5.310964
-0.781250 -0.921387 -4.000000 -0.326580 -1.506636 -5.316897
-0.789063 -0.916016 -4.000000 -0.316137 -1.299675 -5.258037
-0.789673 -0.918823 -4.000000 -0.423415 -1.071829 -5.184461
-0.789307 -0.921021 -4.000000 -0.476342 -1.027683 -5.196566
-0.786987 -0.914673 -4.000000 -0.458067 -1.119771 -5.268954
-0.784546 -0.912354 -4.000000 -0.413447 -1.269771 -5.341343
-0.782227 -0.922852 -4.000000 -0.345093 -1.391051 -5.406612
-0.790161 -0.916870 -4.000000 -0.332039 -1.422855 -5.429159
-0.783203 -0.912842 -4.000000 -0.466848 -1.119771 -5.389286
-0.788330 -0.919556 -4.000000 -0.931561 -0.655059 -5.250679
-0.781982 -0.917480 -4.000000 -0.891450 -0.722701 -5.311913
-0.780518 -0.918335 -4.000000 -0.623730 -0.988522 -5.408036
-0.786621 -0.916016 -4.000000 -0.452133 -1.112889 -5.467608
-0.782715 -0.909180 -4.000000 -0.454269 -1.175546 -5.498225
-0.783203 -0.919189 -4.000000 -0.412023 -1.300862 -5.550440
-0.781128 -0.925049 -4.000000 -0.387814 -1.365893 -5.568478
-0.786987 -0.918701 -4.000000 -0.393510 -1.413124 -5.628287
-0.785278 -0.918945 -4.000000 -0.363368 -1.494532 -5.655819
-0.786499 -0.913696 -4.000000 -0.295726 -1.559563 -5.675993
-0.783569 -0.916870 -4.000000 -0.289792 -1.590892 -5.703287
-0.790649 -0.917114 -4.000000 -0.367640 -1.553155 -5.724411
-0.784058 -0.912354 -4.000000 -0.407039 -1.508535 -5.732955
-0.776245 -0.919067 -4.000000 -0.452845 -1.427602 -5.725834
-0.786499 -0.922363 -4.000000 -0.474443 -1.347143 -5.721087
-0.781982 -0.911133 -4.000000 -0.425788 -1.330292 -5.713967
-0.784180 -0.918945 -4.000000 -0.366216 -1.334090 -5.706135
-0.791382 -0.917969 -4.000000 -0.346042 -1.353077 -5.708983
-0.785034 -0.918335 -4.000000 -0.351976 -1.374200 -5.710170
-0.787354 -0.928589 -4.000000 -0.346992 -1.369216 -5.712543
-0.780518 -0.914917 -4.000000 -0.340583 -1.353077 -5.699490
-0.786011 -0.915283 -4.000000 -0.330378 -1.344058 -5.656294
-0.784058 -0.921875 -4.000000 -0.304508 -1.356400 -5.641816
-0.785034 -0.917114 -4.000000 -0.320409 -1.392238 -5.684300
-0.788696 -0.915771 -4.000000 -0.351026 -1.419295 -5.716578
-0.785400 -0.920410 -4.000000 -0.372624 -1.437570 -5.730581
-0.781494 -0.922607 -4.000000 -0.355061 -1.446589 -5.729869
-0.780151 -0.917847 -4.000000 -0.342007 -1.419532 -5.736278
-0.788574 -0.911865 -4.000000 -0.323020 -1.414311 -5.736515
-0.778564 -0.914185 -4.000000 -0.314951 -1.393188 -5.739838
-0.786865 -0.917114 -4.000000 -0.314476 -1.366843 -5.729869
-0.782837 -0.921143 -4.000000 -0.318748 -1.355925 -5.725360
-0.781372 -0.919067 -4.000000 -0.330615 -1.348330 -5.727971
-0.787598 -0.914917 -4.000000 -0.347704 -1.363757 -5.726309
-0.786621 -0.920044 -4.000000 -0.362656 -1.398172 -5.736989
-0.785767 -0.915649 -4.000000 -0.373099 -1.425466 -5.747670
-0.779785 -0.922852 -4.000000 -0.357197 -1.467950 -5.749806
-0.785645 -0.918945 -4.000000 -0.323969 -1.477681 -5.748382
-0.781982 -0.912109 -4.000000 -0.290267 -1.469848 -5.755265
-0.787964 -0.910034 -4.000000 -0.259176 -1.446352 -5.739363
-0.789063 -0.912842 -4.000000 -0.240900 -1.419770 -5.736278
-0.787231 -0.918823 -4.000000 -0.231407 -1.414548 -5.745296
-0.788818 -0.917847 -4.000000 -0.245173 -1.417159 -5.750280
-0.780640 -0.918945 -4.000000 -0.276976 -1.419295 -5.758587
-0.786865 -0.919067 -4.000000 -0.302846 -1.420719 -5.771641
-0.788330 -0.924194 -4.000000 -0.331802 -1.434010 -5.754078
-0.782715 -0.916992 -4.000000 -0.348890 -1.446589 -5.752891
-0.782349 -0.919312 -4.000000 -0.342957 -1.441368 -5.752417
-0.785278 -0.921265 -4.000000 -0.324682 -1.419532 -5.756451
-0.777710 -0.915283 -4.000000 -0.310441 -1.414785 -5.750518
-0.784180 -0.918823 -4.000000 -0.307118 -1.406716 -5.738176
-0.783569 -0.920654 -4.000000 -0.299761 -1.382745 -5.736040
-0.789795 -0.915527 -4.000000 -0.298099 -1.386542 -5.756214
-0.785767 -0.919800 -4.000000 -0.299761 -1.404817 -5.746246
