-0.780640 -0.917114 -4.000000 0.173496 -1.437570 -5.793002
-0.781738 -0.914551 -4.000000 0.135996 -1.473883 -5.811039
-0.785889 -0.913818 -4.000000 0.078085 -1.555291 -5.818872
-0.782593 -0.924561 -4.000000 -0.012342 -1.637173 -5.819821
-0.781006 -0.920410 -4.000000 -0.129350 -1.666841 -5.808666
-0.785767 -0.924316 -4.000000 -0.246834 -1.650227 -5.802021
-0.780273 -0.918335 -4.000000 -0.302846 -1.594452 -5.781847
-0.786499 -0.916382 -4.000000 -0.314001 -1.539626 -5.746483
-0.785522 -0.919312 -4.000000 -0.355536 -1.473408 -5.722037
-0.792114 -0.914917 -4.000000 -0.401105 -1.410039 -5.694031
-0.786377 -0.914063 -4.000000 -0.416770 -1.338599 -5.658905
-0.783081 -0.918091 -4.000000 -0.451896 -1.274280 -5.631610
-0.791138 -0.920288 -4.000000 -0.530693 -1.211622 -5.606452
-0.784302 -0.924683 -4.000000 -0.617559 -1.179581 -5.603129
-0.783813 -0.916260 -4.000000 -0.736467 -1.194059 -5.603604
-0.785767 -0.915161 -4.000000 -0.883855 -1.235356 -5.611436
-0.790161 -0.917847 -4.000000 -1.049519 -1.289944 -5.633984
-0.777344 -0.915894 -4.000000 -1.218505 -1.368741 -5.645613
-0.786865 -0.914917 -4.000000 -1.382507 -1.464627 -5.624965
-0.782715 -0.914063 -4.000000 -1.537016 -1.594452 -5.612860
-0.782471 -0.917847 -4.000000 -1.646904 -1.703629 -5.607164
-0.785889 -0.919312 -4.000000 -1.666603 -1.765574 -5.597671
-0.789307 -0.921265 -4.000000 -1.645718 -1.779103 -5.566342
-0.785767 -0.914307 -4.000000 -1.616999 -1.700781 -5.518874
-0.780884 -0.910767 -4.000000 -1.544373 -1.540813 -5.492529
-0.781128 -0.914917 -4.000000 -1.448013 -1.409327 -5.490868
-0.784912 -0.913696 -4.000000 -1.383694 -1.344295 -5.479950
-0.783325 -0.922363 -4.000000 -1.371827 -1.295403 -5.480662
-0.784546 -0.918579 -4.000000 -1.387254 -1.282587 -5.495140
-0.783447 -0.916138 -4.000000 -1.440893 -1.295641 -5.503921
-0.786133 -0.917114 -4.000000 -1.520877 -1.274517 -5.520061
-0.783447 -0.918823 -4.000000 -1.576414 -1.213996 -5.525994
-0.788696 -0.920166 -4.000000 -1.614626 -1.160119 -5.542845
-0.782227 -0.918091 -4.000000 -1.618186 -1.156559 -5.574886
-0.785278 -0.919556 -4.000000 -1.592316 -1.216369 -5.599807
-0.784058 -0.916870 -4.000000 -1.525623 -1.317951 -5.619268
-0.784668 -0.914551 -4.000000 -1.415497 -1.409327 -5.636594
-0.783447 -0.924561 -4.000000 -1.275467 -1.431637 -5.630898
-0.787109 -0.916016 -4.000000 -1.131876 -1.396985 -5.604079
-0.784180 -0.915405 -4.000000 -1.006086 -1.332666 -5.596009
-0.783569 -0.913452 -4.000000 -0.911861 -1.282824 -5.605266
-0.780029 -0.917480 -4.000000 -0.836625 -1.258853 -5.638968
-0.789795 -0.924316 -4.000000 -0.772305 -1.255293 -5.676705
-0.785156 -0.926025 -4.000000 -0.713920 -1.252682 -5.688809
-0.784668 -0.929443 -4.000000 -0.680929 -1.250309 -5.708271
-0.790039 -0.916626 -4.000000 -0.651024 -1.268346 -5.724411
-0.782715 -0.913208 -4.000000 -0.625866 -1.298726 -5.749806
-0.785889 -0.919678 -4.000000 -0.583857 -1.322460 -5.760724
-0.782104 -0.920776 -4.000000 -0.512180 -1.336226 -5.778286
-0.778198 -0.913330 -4.000000 -0.436943 -1.365656 -5.796087
-0.782715 -0.921265 -4.000000 -0.360520 -1.390577 -5.792764
-0.785400 -0.914917 -4.000000 -0.299286 -1.378235 -5.803445
-0.785522 -0.922974 -4.000000 -0.232119 -1.366605 -5.818635
-0.783081 -0.914917 -4.000000 -0.174208 -1.352840 -5.831925
-0.780762 -0.920288 -4.000000 -0.130062 -1.323409 -5.838809
-0.786133 -0.916870 -4.000000 -0.079509 -1.303236 -5.863017
-0.784912 -0.915527 -4.000000 -0.043908 -1.337175 -5.891261
-0.791138 -0.914185 -4.000000 -0.031566 -1.397222 -5.900754
-0.784790 -0.914063 -4.000000 -0.043671 -1.441368 -5.928998
-0.785156 -0.913818 -4.000000 -0.052927 -1.476019 -5.934219
-0.778442 -0.912231 -4.000000 -0.065981 -1.474595 -5.947510
-0.783325 -0.918213 -4.000000 -0.076898 -1.454659 -5.938966
-0.785522 -0.925415 -4.000000 -0.100870 -1.414073 -5.952257
-0.791138 -0.922974 -4.000000 -0.121281 -1.378235 -5.969583
-0.787964 -0.918213 -4.000000 -0.136708 -1.359960 -5.974329
-0.787598 -0.916382 -4.000000 -0.145490 -1.367792 -5.915707
-0.788574 -0.914551 -4.000000 -0.166613 -1.373963 -5.824093
-0.785400 -0.924561 -4.000000 -0.196992 -1.390814 -5.752654
-0.781250 -0.918213 -4.000000 -0.214318 -1.435434 -5.707559
-0.784546 -0.921021 -4.000000 -0.204350 -1.524199 -5.652496
-0.785156 -0.920776 -4.000000 -0.165901 -1.615101 -5.602180
-0.779663 -0.916382 -4.000000 -0.085205 -1.654974 -5.549965
-0.785889 -0.916138 -4.000000 0.012579 -1.576651 -5.497513
-0.790771 -0.920898 -4.000000 0.093987 -1.438282 -5.445061
-0.785522 -0.916138 -4.000000 0.141929 -1.278552 -5.382403
-0.783813 -0.917358 -4.000000 0.148575 -1.157983 -5.289128
-0.778442 -0.914307 -4.000000 0.131012 -1.110753 -5.160964
-0.779053 -0.921265 -4.000000 0.087341 -1.158221 -5.072911
-0.786377 -0.916016 -4.000000 0.028481 -1.276416 -5.070063
-0.792725 -0.918335 -4.000000 -0.056012 -1.437095 -5.140790
-0.784424 -0.915161 -4.000000 -0.179667 -1.568345 -5.228132
-0.783813 -0.922119 -4.000000 -0.265346 -1.679183 -5.290790
-0.789673 -0.925293 -4.000000 -0.324207 -1.706002 -5.356770
-0.784546 -0.917480 -4.000000 -0.367877 -1.628154 -5.403051
-0.783936 -0.918213 -4.000000 -0.371438 -1.451810 -5.455978
-0.785889 -0.921387 -4.000000 -0.349602 -1.264312 -5.462862
-0.784668 -0.919800 -4.000000 -0.334412 -1.102683 -5.464285
-0.780151 -0.915527 -4.000000 -0.328242 -1.051655 -5.475915
-0.785156 -0.921021 -4.000000 -0.335836 -1.115737 -5.507481
-0.781128 -0.919189 -4.000000 -0.370726 -1.213046 -5.560883
-0.780884 -0.915039 -4.000000 -0.376184 -1.296827 -5.598145
-0.787476 -0.917603 -4.000000 -0.360995 -1.356162 -5.612860
-0.781982 -0.917603 -4.000000 -0.357909 -1.366368 -5.583193
-0.778809 -0.919189 -4.000000 -0.356010 -1.288758 -5.559459
-0.785400 -0.921997 -4.000000 -0.380931 -1.178395 -5.566579
-0.791260 -0.913208 -4.000000 -0.406327 -1.133537 -5.602655
-0.789673 -0.919312 -4.000000 -0.419618 -1.160594 -5.630898
-0.785645 -0.916504 -4.000000 -0.443826 -1.250783 -5.631847
-0.776245 -0.918701 -4.000000 -0.483462 -1.341922 -5.620455
-0.787109 -0.914795 -4.000000 -0.516690 -1.380371 -5.621879
-0.791382 -0.917236 -4.000000 -0.486073 -1.366131 -5.641579
-0.787476 -0.916504 -4.000000 -0.463526 -1.334564 -5.668398
-0.789063 -0.915894 -4.000000 -0.438368 -1.353314 -5.715391
-0.791870 -0.917603 -4.000000 -0.413447 -1.406716 -5.779236
-0.789673 -0.913452 -4.000000 -0.379032 -1.446114 -5.821957
-0.782715 -0.914917 -4.000000 -0.319223 -1.455371 -5.849489
-0.780884 -0.911621 -4.000000 -0.252767 -1.443266 -5.847827
-0.781860 -0.913574 -4.000000 -0.226897 -1.429975 -5.827891
-0.789551 -0.922241 -4.000000 -0.222863 -1.407665 -5.812464
-0.794312 -0.925659 -4.000000 -0.219777 -1.380371 -5.802970
-0.783936 -0.920532 -4.000000 -0.237815 -1.378947 -5.806293
-0.786499 -0.913086 -4.000000 -0.267245 -1.405766 -5.821245
-0.786987 -0.918701 -4.000000 -0.308780 -1.450387 -5.831925
-0.789551 -0.921387 -4.000000 -0.337735 -1.482427 -5.845454
-0.785400 -0.919189 -4.000000 -0.342482 -1.485276 -5.861356
-0.786743 -0.919922 -4.000000 -0.321359 -1.455845 -5.853998
-0.788574 -0.921753 -4.000000 -0.283859 -1.419532 -5.832875
-0.783447 -0.924194 -4.000000 -0.255615 -1.392238 -5.825280
-0.789185 -0.917847 -4.000000 -0.235916 -1.379184 -5.823381
-0.782593 -0.923218 -4.000000 -0.240663 -1.391051 -5.830739
-0.782593 -0.920654 -4.000000 -0.264634 -1.406953 -5.841656
-0.788086 -0.916626 -4.000000 -0.285995 -1.414548 -5.835485
-0.783325 -0.918091 -4.000000 -0.299286 -1.402206 -5.825517
-0.793091 -0.922852 -4.000000 -0.296201 -1.402681 -5.831688
-0.782593 -0.920898 -4.000000 -0.291691 -1.419295 -5.838334
-0.784546 -0.921021 -4.000000 -0.287656 -1.417159 -5.833587
-0.784058 -0.913696 -4.000000 -0.283147 -1.414785 -5.816736
-0.788574 -0.923218 -4.000000 -0.267957 -1.397222 -5.816736
-0.786987 -0.914063 -4.000000 -0.264634 -1.376099 -5.807717
-0.788208 -0.914307 -4.000000 -0.282672 -1.363045 -5.789916
-0.785645 -0.916992 -4.000000 -0.308542 -1.360909 -5.793477
-0.788940 -0.914185 -4.000000 -0.322545 -1.368741 -5.798935
-0.788452 -0.914429 -4.000000 -0.342957 -1.388203 -5.803445
-0.786743 -0.920044 -4.000000 -0.349365 -1.405529 -5.795850
-0.780518 -0.914307 -4.000000 -0.356010 -1.390814 -5.793239
-0.792969 -0.922852 -4.000000 -0.356010 -1.369928 -5.784932
-0.783325 -0.922241 -4.000000 -0.346042 -1.359010 -5.777337
-0.789429 -0.916748 -4.000000 -0.342719 -1.362333 -5.778286
-0.784790 -0.924316 -4.000000 -0.336311 -1.365419 -5.775676
-0.780884 -0.914307 -4.000000 -0.333463 -1.370878 -5.778524
-0.787354 -0.924927 -4.000000 -0.332039 -1.368267 -5.771641
-0.785522 -0.914429 -4.000000 -0.340109 -1.374912 -5.760486
-0.790894 -0.917725 -4.000000 -0.341058 -1.375862 -5.748857
-0.782349 -0.916260 -4.000000 -0.340583 -1.377760 -5.745533
-0.779663 -0.920044 -4.000000 -0.346279 -1.393188 -5.747195
-0.783813 -0.911987 -4.000000 -0.348890 -1.414548 -5.738413
-0.781860 -0.913330 -4.000000 -0.358384 -1.418583 -5.731768
-0.787109 -0.918945 -4.000000 -0.377846 -1.402681 -5.720376
-0.779785 -0.920654 -4.000000 -0.372862 -1.382270 -5.723461
-0.782471 -0.915771 -4.000000 -0.348178 -1.360197 -5.715154
