-0.786865 -0.915894 -4.000000 -0.115110 -1.190499 -5.687623
-0.781372 -0.919678 -4.000000 -0.167800 -1.284248 -5.674094
-0.784424 -0.916382 -4.000000 -0.215980 -1.348330 -5.689996
-0.790283 -0.915649 -4.000000 -0.264634 -1.430212 -5.684300
-0.788696 -0.921143 -4.000000 -0.292403 -1.445402 -5.666737
-0.777100 -0.919434 -4.000000 -0.318511 -1.436146 -5.656768
-0.786377 -0.910645 -4.000000 -0.329903 -1.420007 -5.647749
-0.786621 -0.917603 -4.000000 -0.347941 -1.416684 -5.623778
-0.783081 -0.917847 -4.000000 -0.404191 -1.384406 -5.598382
-0.777710 -0.920288 -4.000000 -0.465187 -1.356162 -5.569427
-0.786011 -0.917847 -4.000000 -0.503636 -1.328156 -5.551389
-0.782715 -0.916870 -4.000000 -0.556563 -1.315103 -5.529316
-0.783203 -0.922363 -4.000000 -0.616135 -1.344533 -5.502022
-0.792603 -0.916016 -4.000000 -0.682353 -1.406004 -5.468083
-0.787720 -0.913330 -4.000000 -0.723413 -1.457269 -5.416105
-0.786133 -0.921387 -4.000000 -0.723888 -1.465339 -5.343242
-0.787109 -0.916504 -4.000000 -0.715818 -1.424516 -5.263495
-0.784180 -0.915283 -4.000000 -0.679268 -1.346194 -5.203923
-0.778198 -0.921631 -4.000000 -0.660755 -1.261938 -5.178053
-0.784058 -0.916748 -4.000000 -0.683065 -1.205451 -5.180901
-0.788086 -0.918335 -4.000000 -0.746435 -1.139708 -5.189208
-0.779419 -0.917847 -4.000000 -0.864868 -1.110278 -5.210568
-0.784424 -0.918579 -4.000000 -1.021987 -1.146828 -5.224334
-0.787354 -0.914185 -4.000000 -1.172461 -1.211859 -5.222435
-0.781494 -0.918091 -4.000000 -1.272619 -1.250783 -5.206771
-0.783203 -0.928223 -4.000000 -1.319137 -1.257903 -5.193955
-0.788208 -0.917236 -4.000000 -1.318188 -1.257429 -5.206059
-0.786255 -0.920166 -4.000000 -1.295878 -1.250783 -5.191344
-0.791138 -0.918335 -4.000000 -1.286622 -1.204027 -5.207008
-0.785034 -0.917969 -4.000000 -1.345245 -1.154898 -5.182088
-0.781860 -0.920532 -4.000000 -1.428077 -1.148964 -5.195379
-0.786255 -0.912598 -4.000000 -1.481003 -1.289944 -5.213654
-0.784546 -0.919678 -4.000000 -1.528709 -1.365181 -5.153844
-0.784790 -0.927002 -4.000000 -1.494532 -1.363283 -5.114683
-0.784790 -0.916870 -4.000000 -1.366368 -1.359722 -5.109936
-0.787842 -0.915527 -4.000000 -1.275704 -1.271195 -5.121803
-0.787842 -0.910400 -4.000000 -1.186464 -1.140657 -5.125363
-0.778564 -0.914063 -4.000000 -1.152524 -0.978791 -5.169271
-0.783203 -0.918335 -4.000000 -1.180293 -0.851340 -5.193006
-0.781250 -0.922974 -4.000000 -1.224913 -0.813603 -5.199414
-0.780273 -0.915161 -4.000000 -1.230847 -0.815739 -5.202024
-0.784424 -0.917358 -4.000000 -1.190974 -0.851102 -5.220537
-0.790039 -0.919067 -4.000000 -1.123094 -0.887890 -5.252578
-0.789551 -0.917480 -4.000000 -1.042873 -0.925627 -5.314524
-0.787109 -0.917358 -4.000000 -0.953871 -0.937257 -5.376232
-0.789795 -0.914307 -4.000000 -0.855849 -0.930137 -5.436991
-0.786743 -0.916138 -4.000000 -0.756166 -0.925864 -5.486358
-0.780640 -0.916992 -4.000000 -0.657433 -0.945564 -5.531215
-0.787842 -0.915405 -4.000000 -0.564158 -1.013918 -5.565392
-0.783203 -0.913940 -4.000000 -0.494617 -1.118585 -5.586515
-0.783813 -0.918945 -4.000000 -0.460915 -1.211622 -5.608588
-0.784424 -0.915527 -4.000000 -0.458779 -1.259328 -5.634933
-0.786255 -0.922729 -4.000000 -0.473969 -1.265261 -5.638731
-0.784424 -0.920532 -4.000000 -0.471120 -1.250783 -5.637306
-0.778687 -0.915649 -4.000000 -0.454269 -1.237492 -5.634933
-0.787231 -0.915039 -4.000000 -0.435757 -1.241764 -5.643240
-0.778564 -0.917603 -4.000000 -0.405377 -1.276179 -5.647038
-0.786743 -0.916870 -4.000000 -0.359571 -1.316289 -5.647987
-0.781982 -0.917480 -4.000000 -0.315188 -1.354976 -5.647038
-0.787109 -0.912354 -4.000000 -0.281723 -1.382033 -5.652733
-0.779541 -0.914917 -4.000000 -0.262498 -1.407428 -5.660803
-0.776611 -0.919556 -4.000000 -0.250157 -1.420007 -5.660328
-0.778687 -0.916260 -4.000000 -0.237815 -1.418583 -5.661515
-0.786865 -0.918091 -4.000000 -0.211708 -1.417871 -5.663651
-0.784180 -0.924072 -4.000000 -0.196992 -1.410276 -5.663177
-0.781616 -0.915405 -4.000000 -0.190347 -1.388915 -5.662939
-0.781006 -0.911255 -4.000000 -0.186075 -1.382982 -5.670059
-0.782959 -0.919189 -4.000000 -0.176819 -1.380608 -5.690471
-0.788208 -0.924561 -4.000000 -0.199841 -1.360435 -5.710407
-0.784424 -0.919067 -4.000000 -0.239002 -1.349517 -5.710645
-0.782959 -0.914551 -4.000000 -0.303321 -1.353789 -5.718714
-0.785278 -0.917236 -4.000000 -0.379507 -1.374912 -5.722512
-0.787964 -0.924316 -4.000000 -0.349128 -1.398646 -5.692607
-0.789063 -0.917480 -4.000000 -0.386627 -1.388678 -5.589127
-0.786743 -0.924805 -4.000000 -0.439792 -1.391051 -5.458115
-0.787842 -0.921631 -4.000000 -0.658145 -1.448962 -5.379080
-0.787842 -0.921875 -4.000000 -0.693983 -1.473646 -5.325679
-0.780762 -0.920654 -4.000000 -0.568193 -1.512332 -5.300046
-0.791504 -0.918335 -4.000000 -0.312577 -1.576651 -5.331850
-0.787354 -0.914551 -4.000000 -0.123180 -1.693186 -5.427260
-0.778320 -0.912964 -4.000000 -0.161154 -1.850542 -5.540234
-0.789551 -0.920166 -4.000000 -0.306169 -1.846982 -5.595534
-0.781738 -0.924683 -4.000000 -0.293115 -1.618898 -5.680265
-0.781372 -0.921631 -4.000000 -0.154509 -1.296353 -5.783508
-0.785767 -0.924561 -4.000000 0.132436 -1.040025 -5.863729
-0.785522 -0.921631 -4.000000 0.398494 -0.960041 -5.933033
-0.787109 -0.916504 -4.000000 0.682591 -0.953871 -5.928998
-0.787598 -0.916504 -4.000000 0.959092 -1.013680 -5.910960
-0.785156 -0.915405 -4.000000 1.133062 -1.160831 -5.851624
-0.781616 -0.917847 -4.000000 1.168426 -1.228473 -5.742685
-0.784668 -0.913696 -4.000000 1.169376 -1.211622 -5.679078
-0.781250 -0.919067 -4.000000 1.113601 -1.164154 -5.637781
-0.783081 -0.920288 -4.000000 1.079661 -1.104344 -5.651784
-0.785278 -0.922119 -4.000000 0.980453 -1.119534 -5.699015
-0.786377 -0.917847 -4.000000 0.752606 -1.277603 -5.739600
-0.778564 -0.919312 -4.000000 0.550155 -1.481241 -5.765233
-0.789185 -0.911987 -4.000000 0.476342 -1.659009 -5.795375
-0.781372 -0.916748 -4.000000 0.480851 -1.794767 -5.813650
-0.782593 -0.922363 -4.000000 0.542323 -1.838912 -5.788730
-0.779907 -0.911499 -4.000000 0.695407 -1.764862 -5.755027
-0.785645 -0.918701 -4.000000 0.810042 -1.669452 -5.717053
-0.783081 -0.919556 -4.000000 0.777764 -1.574515 -5.677180
-0.785522 -0.918823 -4.000000 0.681167 -1.430925 -5.653683
-0.784180 -0.913086 -4.000000 0.569379 -1.288520 -5.677180
-0.785400 -0.924805 -4.000000 0.428874 -1.229185 -5.719901
-0.785278 -0.917480 -4.000000 0.253954 -1.255530 -5.773540
-0.785400 -0.915527 -4.000000 0.104904 -1.336463 -5.844742
-0.784302 -0.921875 -4.000000 -0.023259 -1.415972 -5.874172
-0.781250 -0.915283 -4.000000 -0.076186 -1.467238 -5.867052
-0.787354 -0.914063 -4.000000 -0.099208 -1.471747 -5.868950
-0.785034 -0.911255 -4.000000 -0.125316 -1.450387 -5.875834
-0.784058 -0.919189 -4.000000 -0.174208 -1.431162 -5.870375
-0.778564 -0.918091 -4.000000 -0.206723 -1.418583 -5.849489
-0.785278 -0.913452 -4.000000 -0.231169 -1.420482 -5.841419
-0.780884 -0.913574 -4.000000 -0.253479 -1.442080 -5.840944
-0.785034 -0.919067 -4.000000 -0.254429 -1.477443 -5.832637
-0.789063 -0.920654 -4.000000 -0.283384 -1.506161 -5.814837
-0.786987 -0.923828 -4.000000 -0.306881 -1.535592 -5.810328
-0.782715 -0.916870 -4.000000 -0.294539 -1.573566 -5.809141
-0.790771 -0.915771 -4.000000 -0.271992 -1.596825 -5.803207
-0.780273 -0.917236 -4.000000 -0.245647 -1.579025 -5.789916
-0.786133 -0.919922 -4.000000 -0.252530 -1.553392 -5.767606
-0.788208 -0.918701 -4.000000 -0.297387 -1.526573 -5.753603
-0.784668 -0.918579 -4.000000 -0.325156 -1.488361 -5.743398
-0.789673 -0.914429 -4.000000 -0.345330 -1.473646 -5.744584
-0.791992 -0.914185 -4.000000 -0.343431 -1.485988 -5.753366
-0.781494 -0.916748 -4.000000 -0.343194 -1.526335 -5.759299
-0.790405 -0.912964 -4.000000 -0.358858 -1.581873 -5.764996
-0.785400 -0.917358 -4.000000 -0.375235 -1.579500 -5.740312
-0.786133 -0.917480 -4.000000 -0.357434 -1.511146 -5.707797
-0.786743 -0.915771 -4.000000 -0.337735 -1.452048 -5.702575
-0.787842 -0.916016 -4.000000 -0.336311 -1.420482 -5.713255
-0.784668 -0.919189 -4.000000 -0.328004 -1.422380 -5.717290
-0.788330 -0.920288 -4.000000 -0.328479 -1.454421 -5.718239
-0.786133 -0.909668 -4.000000 -0.341295 -1.485276 -5.721799
-0.791016 -0.912964 -4.000000 -0.346042 -1.499991 -5.724885
-0.788452 -0.918213 -4.000000 -0.355773 -1.497380 -5.724648
-0.784058 -0.916138 -4.000000 -0.363605 -1.488361 -5.734616
-0.783325 -0.913696 -4.000000 -0.377134 -1.452997 -5.745059
-0.779419 -0.912964 -4.000000 -0.382830 -1.410039 -5.747907
-0.790771 -0.914429 -4.000000 -0.374760 -1.364944 -5.745533
-0.786865 -0.910889 -4.000000 -0.386153 -1.327919 -5.739838
-0.787964 -0.915527 -4.000000 -0.396121 -1.319375 -5.740312
-0.789795 -0.916260 -4.000000 -0.392798 -1.321036 -5.745533
-0.787964 -0.912964 -4.000000 -0.401342 -1.330530 -5.742685
-0.783081 -0.916626 -4.000000 -0.405140 -1.335751 -5.738176
-0.788208 -0.916992 -4.000000 -0.389001 -1.346669 -5.740787
-0.787354 -0.916748 -4.000000 -0.362181 -1.370403 -5.741736
-0.785034 -0.914551 -4.000000 -0.339871 -1.391763 -5.739125
-0.791748 -0.917358 -4.000000 -0.318511 -1.408615 -5.739363
