-0.788330 -0.921631 -4.000000 -0.222388 -1.563835 -5.917605
-0.782959 -0.905884 -4.000000 -0.276739 -1.490972 -5.912384
-0.795288 -0.912109 -4.000000 -0.301185 -1.402681 -5.933507
-0.789795 -0.913208 -4.000000 -0.325631 -1.373251 -5.940627
-0.783813 -0.919678 -4.000000 -0.337023 -1.370403 -5.939441
-0.782959 -0.910522 -4.000000 -0.329666 -1.454896 -5.961276
-0.781616 -0.915771 -4.000000 -0.327530 -1.485988 -5.964124
-0.790649 -0.906372 -4.000000 -0.369064 -1.506161 -5.927811
-0.789917 -0.914795 -4.000000 -0.422703 -1.536778 -5.868238
-0.777466 -0.910767 -4.000000 -0.444538 -1.531082 -5.832400
-0.782471 -0.916626 -4.000000 -0.477291 -1.470086 -5.827891
-0.788574 -0.913574 -4.000000 -0.499364 -1.416209 -5.848302
-0.778687 -0.914185 -4.000000 -0.515028 -1.409327 -5.844030
-0.789917 -0.914307 -4.000000 -0.536152 -1.441130 -5.847115
-0.790161 -0.918823 -4.000000 -0.564158 -1.491209 -5.842606
-0.786255 -0.916870 -4.000000 -0.596911 -1.550069 -5.840232
-0.781860 -0.924438 -4.000000 -0.619933 -1.609404 -5.845691
-0.787109 -0.916138 -4.000000 -0.641056 -1.654024 -5.843318
-0.783936 -0.916626 -4.000000 -0.658619 -1.674910 -5.823144
-0.791504 -0.925171 -4.000000 -0.698018 -1.665179 -5.807005
-0.785889 -0.917725 -4.000000 -0.771356 -1.630290 -5.768318
-0.785889 -0.919556 -4.000000 -0.880770 -1.571905 -5.717527
-0.784180 -0.926880 -4.000000 -0.979266 -1.513994 -5.653446
-0.787476 -0.919434 -4.000000 -1.024361 -1.542712 -5.596721
-0.782471 -0.913818 -4.000000 -1.010595 -1.651176 -5.513652
-0.790039 -0.921997 -4.000000 -0.954820 -1.786698 -5.432482
-0.786255 -0.916260 -4.000000 -0.865580 -1.852441 -5.400678
-0.784424 -0.914795 -4.000000 -0.804821 -1.783138 -5.410172
-0.786499 -0.916260 -4.000000 -0.782274 -1.680132 -5.432719
-0.785889 -0.918213 -4.000000 -0.815027 -1.580449 -5.438178
-0.784180 -0.919922 -4.000000 -0.913760 -1.460355 -5.434381
-0.789429 -0.916138 -4.000000 -1.054978 -1.327207 -5.443162
-0.775146 -0.919800 -4.000000 -1.168426 -1.225151 -5.482561
-0.785034 -0.911255 -4.000000 -1.253869 -1.224439 -5.507481
-0.783325 -0.912598 -4.000000 -1.309169 -1.309881 -5.508905
-0.781006 -0.913818 -4.000000 -1.298014 -1.382270 -5.494902
-0.790527 -0.916016 -4.000000 -1.231084 -1.379659 -5.480662
-0.791260 -0.917480 -4.000000 -1.144455 -1.281875 -5.443874
-0.782227 -0.919312 -4.000000 -1.085594 -1.091291 -5.430583
-0.786133 -0.921021 -4.000000 -1.078712 -0.860833 -5.433669
-0.779663 -0.917358 -4.000000 -1.085594 -0.680455 -5.457877
-0.792603 -0.916748 -4.000000 -1.136623 -0.626341 -5.501310
-0.791870 -0.916504 -4.000000 -1.171986 -0.721752 -5.557323
-0.784302 -0.915771 -4.000000 -1.173648 -0.883381 -5.592924
-0.785278 -0.918457 -4.000000 -1.162018 -1.035516 -5.620930
-0.787598 -0.914551 -4.000000 -1.149202 -1.092715 -5.658192
-0.793335 -0.913818 -4.000000 -1.122857 -1.103870 -5.681689
-0.782349 -0.913330 -4.000000 -1.107904 -1.118822 -5.702575
-0.784302 -0.918457 -4.000000 -1.072778 -1.141607 -5.723936
-0.787842 -0.922363 -4.000000 -1.003949 -1.192160 -5.741736
-0.786743 -0.915649 -4.000000 -0.918032 -1.254343 -5.742211
-0.788574 -0.915649 -4.000000 -0.819061 -1.291606 -5.750992
-0.777588 -0.911743 -4.000000 -0.729821 -1.293267 -5.762859
-0.783203 -0.921143 -4.000000 -0.666689 -1.280213 -5.765945
-0.781616 -0.915283 -4.000000 -0.624205 -1.246037 -5.768556
-0.785645 -0.913696 -4.000000 -0.601420 -1.238916 -5.797749
-0.789917 -0.917114 -4.000000 -0.608303 -1.247223 -5.801546
-0.786255 -0.916504 -4.000000 -0.625866 -1.300387 -5.831451
-0.787598 -0.915039 -4.000000 -0.611626 -1.375624 -5.856846
-0.782837 -0.917480 -4.000000 -0.566057 -1.435909 -5.868001
-0.782715 -0.910767 -4.000000 -0.507671 -1.445402 -5.878682
-0.785400 -0.918091 -4.000000 -0.459016 -1.420482 -5.904314
-0.786987 -0.921387 -4.000000 -0.404665 -1.396985 -5.907400
-0.785522 -0.916992 -4.000000 -0.386865 -1.347143 -5.919741
-0.785767 -0.911987 -4.000000 -0.399681 -1.295166 -5.942289
-0.786499 -0.912720 -4.000000 -0.448810 -1.278315 -5.964361
-0.781982 -0.916016 -4.000000 -0.497228 -1.307745 -5.996640
-0.788940 -0.912476 -4.000000 -0.532354 -1.369453 -6.011829
-0.787842 -0.924927 -4.000000 -0.553478 -1.412887 -6.028681
-0.786011 -0.919189 -4.000000 -0.570566 -1.432586 -6.032478
-0.787598 -0.911621 -4.000000 -0.575076 -1.461779 -6.024171
-0.793579 -0.918823 -4.000000 -0.561784 -1.441605 -6.018000
-0.786743 -0.921021 -4.000000 -0.529506 -1.446352 -6.070215
-0.778198 -0.920410 -4.000000 -0.517639 -1.404342 -6.013254
-0.781128 -0.914917 -4.000000 -0.489396 -1.375862 -5.970057
-0.787476 -0.915283 -4.000000 -0.448573 -1.331242 -5.951782
-0.786499 -0.921021 -4.000000 -0.384017 -1.373488 -5.949646
-0.784546 -0.917603 -4.000000 -0.337973 -1.464627 -5.951308
-0.794678 -0.920044 -4.000000 -0.329428 -1.456557 -5.935406
-0.785522 -0.919067 -4.000000 -0.340821 -1.422380 -5.938254
-0.785645 -0.914795 -4.000000 -0.358384 -1.428789 -5.949409
-0.788696 -0.916138 -4.000000 -0.376422 -1.449674 -5.945374
-0.783203 -0.913940 -4.000000 -0.381643 -1.460117 -5.967921
-0.784302 -0.911743 -4.000000 -0.363843 -1.463678 -6.002573
-0.788452 -0.917114 -4.000000 -0.358621 -1.471510 -6.039835
-0.788818 -0.909668 -4.000000 -0.360520 -1.459880 -6.054076
-0.779541 -0.911987 -4.000000 -0.372387 -1.396748 -6.051465
-0.784424 -0.911377 -4.000000 -0.378320 -1.324121 -6.056924
-0.783447 -0.917969 -4.000000 -0.382118 -1.272856 -6.062383
-0.783691 -0.915039 -4.000000 -0.374286 -1.237255 -6.059772
-0.790649 -0.916138 -4.000000 -0.364555 -1.198806 -6.059535
-0.782471 -0.918823 -4.000000 -0.361707 -1.134487 -6.051228
-0.788208 -0.915527 -4.000000 -0.357197 -1.059487 -6.046956
-0.785645 -0.921265 -4.000000 -0.358146 -0.998016 -6.067842
-0.784668 -0.915771 -4.000000 -0.360283 -0.963127 -6.080658
-0.785522 -0.916138 -4.000000 -0.341770 -0.940817 -6.101069
-0.780640 -0.915161 -4.000000 -0.316375 -0.945801 -6.127177
-0.776855 -0.918457 -4.000000 -0.299286 -0.956956 -6.156844
-0.781250 -0.909302 -4.000000 -0.294065 -0.946750 -6.178679
-0.782715 -0.917114 -4.000000 -0.307830 -0.941292 -6.206449
-0.788330 -0.921631 -4.000000 -0.344855 -0.967636 -6.239913
-0.792725 -0.918213 -4.000000 -0.352213 -1.014630 -6.259375
-0.784424 -0.908081 -4.000000 -0.324919 -1.072778 -6.274090
-0.789429 -0.918213 -4.000000 -0.244460 -1.152524 -6.271480
-0.778931 -0.921753 -4.000000 -0.095648 -1.223964 -6.251069
-0.783813 -0.911133 -4.000000 0.107040 -1.258853 -6.233268
-0.785156 -0.918823 -4.000000 0.293827 -1.240340 -6.189835
-0.780396 -0.921631 -4.000000 0.442877 -1.205926 -6.146639
-0.789063 -0.917114 -4.000000 0.533778 -1.164866 -6.081845
-0.781982 -0.920044 -4.000000 0.561547 -1.142793 -6.046956
-0.784424 -0.909546 -4.000000 0.535914 -1.169138 -6.014678
-0.785645 -0.913330 -4.000000 0.478241 -1.256242 -5.999725
-0.785522 -0.914917 -4.000000 0.407039 -1.375624 -5.997352
-0.775879 -0.915039 -4.000000 0.351026 -1.490260 -6.004234
-0.783081 -0.912842 -4.000000 0.336786 -1.588044 -5.990469
-0.792725 -0.913818 -4.000000 0.415108 -1.663518 -5.977415
-0.789551 -0.908813 -4.000000 0.513130 -1.703629 -5.957241
-0.787354 -0.923096 -4.000000 0.612575 -1.700306 -5.940627
-0.785156 -0.916138 -4.000000 0.678081 -1.647616 -5.924251
-0.785767 -0.913940 -4.000000 0.714394 -1.583534 -5.911909
-0.786377 -0.915405 -4.000000 0.723651 -1.557902 -5.895770
-0.784424 -0.918945 -4.000000 0.679505 -1.569057 -5.888650
-0.778198 -0.916382 -4.000000 0.572465 -1.552443 -5.873697
-0.779663 -0.917236 -4.000000 0.440504 -1.465339 -5.858508
-0.785156 -0.918335 -4.000000 0.291217 -1.378710 -5.855422
-0.784058 -0.922363 -4.000000 0.155458 -1.404342 -5.882716
-0.786133 -0.921875 -4.000000 0.021598 -1.406004 -5.865865
-0.784424 -0.912598 -4.000000 0.014003 -1.317713 -5.916656
-0.790649 -0.923584 -4.000000 -0.078322 -1.163205 -5.961513
-0.785156 -0.918823 -4.000000 -0.148338 -1.289707 -5.978602
-0.783936 -0.922119 -4.000000 -0.231407 -1.456557 -5.948460
-0.784180 -0.913208 -4.000000 -0.326818 -1.491684 -5.938729
-0.780762 -0.923584 -4.000000 -0.433383 -1.435197 -5.933033
-0.781128 -0.919434 -4.000000 -0.531168 -1.399358 -5.936593
-0.789185 -0.917847 -4.000000 -0.576737 -1.350704 -5.949172
-0.784546 -0.921143 -4.000000 -0.584094 -1.313916 -5.957241
-0.782959 -0.919312 -4.000000 -0.579822 -1.302049 -5.962462
-0.782349 -0.916260 -4.000000 -0.564158 -1.312729 -5.975991
-0.790527 -0.913452 -4.000000 -0.556088 -1.325546 -5.975279
-0.790161 -0.911743 -4.000000 -0.543272 -1.336226 -5.987858
-0.786987 -0.913208 -4.000000 -0.548256 -1.364232 -6.002099
-0.784302 -0.910522 -4.000000 -0.568430 -1.401020 -6.005421
-0.785889 -0.909302 -4.000000 -0.573177 -1.415023 -5.992842
-0.787964 -0.917725 -4.000000 -0.549443 -1.417634 -5.992842
-0.785645 -0.918945 -4.000000 -0.507908 -1.411463 -5.993792
-0.783081 -0.918945 -4.000000 -0.474443 -1.402444 -5.987146
-0.785767 -0.913208 -4.000000 -0.463526 -1.394137 -5.981925
-0.787598 -0.911987 -4.000000 -0.462576 -1.391289 -5.981687
-0.785400 -0.914673 -4.000000 -0.477766 -1.399596 -5.968634
-0.786133 -0.913818 -4.000000 -0.498652 -1.410751 -5.971482
