-0.788574 -0.917236 -4.000000 -0.210283 -1.333140 -5.983348
-0.783936 -0.916626 -4.000000 -0.183464 -1.295641 -5.991418
-0.788696 -0.921387 -4.000000 -0.164002 -1.257903 -6.009456
-0.787598 -0.924561 -4.000000 -0.180379 -1.289470 -5.996877
-0.785034 -0.918213 -4.000000 -0.230932 -1.352128 -5.983111
-0.779419 -0.917236 -4.000000 -0.290267 -1.395324 -5.983111
-0.781982 -0.910645 -4.000000 -0.332988 -1.441130 -5.981450
-0.786743 -0.922363 -4.000000 -0.346754 -1.513282 -5.980263
-0.784058 -0.920776 -4.000000 -0.343906 -1.560512 -5.970532
-0.781006 -0.914429 -4.000000 -0.326818 -1.566683 -5.950596
-0.787109 -0.922485 -4.000000 -0.296913 -1.529895 -5.925437
-0.783569 -0.913452 -4.000000 -0.261074 -1.481241 -5.905976
-0.777954 -0.914307 -4.000000 -0.249207 -1.449437 -5.883666
-0.781738 -0.915894 -4.000000 -0.265346 -1.455133 -5.876783
-0.780518 -0.919189 -4.000000 -0.315188 -1.489073 -5.876308
-0.782837 -0.923340 -4.000000 -0.387339 -1.521351 -5.887226
-0.785400 -0.919922 -4.000000 -0.464475 -1.527759 -5.912621
-0.782104 -0.918335 -4.000000 -0.546120 -1.518978 -5.942051
-0.787964 -0.922607 -4.000000 -0.612813 -1.501415 -5.964599
-0.785034 -0.915527 -4.000000 -0.666926 -1.490497 -5.983823
-0.784668 -0.920532 -4.000000 -0.707749 -1.487649 -5.960089
-0.788330 -0.925171 -4.000000 -0.751182 -1.513756 -5.908824
-0.792236 -0.918701 -4.000000 -0.792717 -1.530370 -5.841656
-0.783081 -0.914429 -4.000000 -0.812890 -1.509247 -5.790865
-0.787231 -0.910767 -4.000000 -0.820248 -1.484563 -5.756451
-0.781616 -0.915405 -4.000000 -0.857273 -1.495481 -5.757164
-0.782471 -0.920410 -4.000000 -0.919694 -1.576177 -5.746008
-0.786621 -0.918457 -4.000000 -0.994456 -1.661382 -5.695692
-0.782349 -0.914917 -4.000000 -1.030294 -1.757980 -5.658430
-0.788086 -0.913452 -4.000000 -0.995880 -1.836064 -5.608351
-0.783081 -0.916992 -4.000000 -0.942716 -1.843897 -5.568003
-0.782593 -0.911865 -4.000000 -0.899520 -1.758692 -5.550440
-0.785278 -0.912354 -4.000000 -0.913760 -1.593503 -5.553051
-0.776489 -0.911377 -4.000000 -1.016766 -1.381083 -5.544981
-0.785156 -0.913086 -4.000000 -1.122857 -1.231321 -5.542370
-0.782837 -0.914551 -4.000000 -1.159407 -1.147540 -5.526706
-0.779419 -0.921997 -4.000000 -1.132825 -1.073727 -5.496801
-0.785522 -0.914185 -4.000000 -1.067319 -1.044297 -5.473304
-0.785400 -0.913086 -4.000000 -1.016528 -1.067082 -5.453130
-0.795166 -0.916382 -4.000000 -1.021987 -1.087968 -5.444586
-0.793945 -0.918701 -4.000000 -1.109091 -1.140657 -5.478289
-0.781128 -0.918579 -4.000000 -1.257429 -1.274755 -5.516026
-0.781860 -0.914551 -4.000000 -1.412412 -1.396273 -5.539285
-0.785400 -0.916504 -4.000000 -1.556003 -1.431637 -5.567054
-0.783447 -0.915771 -4.000000 -1.635512 -1.374912 -5.594822
-0.787598 -0.909058 -4.000000 -1.629104 -1.294217 -5.580107
-0.785522 -0.915283 -4.000000 -1.508298 -1.261226 -5.565392
-0.787231 -0.922363 -4.000000 -1.318425 -1.226812 -5.541421
-0.781372 -0.912598 -4.000000 -1.120484 -1.167002 -5.529316
-0.783203 -0.913818 -4.000000 -0.981639 -1.092952 -5.523858
-0.789551 -0.916626 -4.000000 -0.938681 -1.007984 -5.552814
-0.784668 -0.916504 -4.000000 -0.988760 -0.953396 -5.589601
-0.783691 -0.918579 -4.000000 -1.101259 -0.996592 -5.642291
-0.784180 -0.907837 -4.000000 -1.193347 -1.089155 -5.700676
-0.787842 -0.907471 -4.000000 -1.222777 -1.164391 -5.765945
-0.787231 -0.912720 -4.000000 -1.160831 -1.209249 -5.809853
-0.785156 -0.920532 -4.000000 -1.035990 -1.200704 -5.830264
-0.783691 -0.913574 -4.000000 -0.906640 -1.155135 -5.832400
-0.784668 -0.920776 -4.000000 -0.804346 -1.067794 -5.812701
-0.786865 -0.921509 -4.000000 -0.757828 -0.990896 -5.816736
-0.786377 -0.918091 -4.000000 -0.745723 -1.009171 -5.860881
-0.781128 -0.914429 -4.000000 -0.783460 -1.090104 -5.894583
-0.779663 -0.920898 -4.000000 -0.813840 -1.201891 -5.921877
-0.780396 -0.919556 -4.000000 -0.792242 -1.305372 -5.944188
-0.777588 -0.920776 -4.000000 -0.740739 -1.379896 -5.957004
-0.784668 -0.913574 -4.000000 -0.653635 -1.444928 -5.972668
-0.786743 -0.920166 -4.000000 -0.560835 -1.463203 -5.984535
-0.790039 -0.917236 -4.000000 -0.496041 -1.423330 -5.986197
-0.783447 -0.920044 -4.000000 -0.461152 -1.378947 -5.982874
-0.781738 -0.915527 -4.000000 -0.463763 -1.381320 -6.008981
-0.785400 -0.914307 -4.000000 -0.473969 -1.400308 -6.028206
-0.781860 -0.920898 -4.000000 -0.505772 -1.407191 -6.055500
-0.783813 -0.916870 -4.000000 -0.538762 -1.443978 -6.093712
-0.784546 -0.913208 -4.000000 -0.572227 -1.464152 -6.085880
-0.781006 -0.916382 -4.000000 -0.586231 -1.458456 -6.085880
-0.786499 -0.913940 -4.000000 -0.576500 -1.445640 -6.104392
-0.783203 -0.911743 -4.000000 -0.546595 -1.486462 -6.075199
-0.783325 -0.914795 -4.000000 -0.494380 -1.529658 -6.072588
-0.785645 -0.913452 -4.000000 -0.448573 -1.535117 -6.078522
-0.780518 -0.920166 -4.000000 -0.419855 -1.520639 -6.058348
-0.785767 -0.920654 -4.000000 -0.394460 -1.450387 -6.030342
-0.780640 -0.916748 -4.000000 -0.363368 -1.397934 -6.027968
-0.790405 -0.912231 -4.000000 -0.327292 -1.429501 -6.036513
-0.786377 -0.916016 -4.000000 -0.302609 -1.484801 -6.039124
-0.785645 -0.910522 -4.000000 -0.304270 -1.517554 -6.056449
-0.786987 -0.917358 -4.000000 -0.313764 -1.494057 -6.069740
-0.779907 -0.923584 -4.000000 -0.319935 -1.436383 -6.088727
-0.784424 -0.920776 -4.000000 -0.325156 -1.368267 -6.084218
-0.782959 -0.910645 -4.000000 -0.335362 -1.332191 -6.099171
-0.781128 -0.912354 -4.000000 -0.354349 -1.329343 -6.114123
-0.788818 -0.915405 -4.000000 -0.402529 -1.338362 -6.125041
-0.791138 -0.919434 -4.000000 -0.459016 -1.346194 -6.126227
-0.787964 -0.913330 -4.000000 -0.520725 -1.364944 -6.132636
-0.790527 -0.915527 -4.000000 -0.607354 -1.396510 -6.135721
-0.784790 -0.919312 -4.000000 -0.674996 -1.449674 -6.171322
-0.781738 -0.918213 -4.000000 -0.680217 -1.483139 -6.166575
-0.789185 -0.913330 -4.000000 -0.653635 -1.471035 -6.154233
-0.788696 -0.917236 -4.000000 -0.628002 -1.432823 -6.137857
-0.787598 -0.913940 -4.000000 -0.600234 -1.356162 -6.124329
-0.784668 -0.909790 -4.000000 -0.566057 -1.249834 -6.127414
-0.783325 -0.918701 -4.000000 -0.549917 -1.153236 -6.142366
-0.784790 -0.916748 -4.000000 -0.551104 -1.115025 -6.174882
-0.784668 -0.911987 -4.000000 -0.510282 -1.168664 -6.215230
-0.782959 -0.912720 -4.000000 -0.408463 -1.315103 -6.237303
-0.781494 -0.914185 -4.000000 -0.239239 -1.501415 -6.252967
-0.784790 -0.918579 -4.000000 -0.050553 -1.626018 -6.254154
-0.780396 -0.919312 -4.000000 0.155695 -1.639547 -6.241575
-0.779785 -0.918823 -4.000000 0.342957 -1.545085 -6.210721
-0.784546 -0.914185 -4.000000 0.464712 -1.388203 -6.183189
-0.783325 -0.920166 -4.000000 0.518114 -1.281400 -6.176544
-0.785767 -0.916504 -4.000000 0.511468 -1.250071 -6.187461
-0.781006 -0.914917 -4.000000 0.487972 -1.247460 -6.204787
-0.779541 -0.916016 -4.000000 0.449285 -1.247698 -6.228521
-0.782104 -0.915894 -4.000000 0.402766 -1.277840 -6.257477
-0.786865 -0.914185 -4.000000 0.371200 -1.342871 -6.267920
-0.783081 -0.909302 -4.000000 0.384729 -1.397697 -6.281448
-0.788818 -0.919189 -4.000000 0.413684 -1.428077 -6.272192
-0.786987 -0.922485 -4.000000 0.438605 -1.466288 -6.256290
-0.785889 -0.913940 -4.000000 0.467323 -1.459880 -6.234929
-0.784546 -0.918945 -4.000000 0.483225 -1.416447 -6.208110
-0.779053 -0.915039 -4.000000 0.508858 -1.405529 -6.201227
-0.786865 -0.919067 -4.000000 0.527845 -1.417634 -6.177018
-0.787720 -0.913574 -4.000000 0.548019 -1.424754 -6.165626
-0.783081 -0.911743 -4.000000 0.557512 -1.466763 -6.148538
-0.791382 -0.915894 -4.000000 0.516927 -1.498567 -6.126702
-0.787231 -0.915405 -4.000000 0.454507 -1.543424 -6.143079
-0.779419 -0.921021 -4.000000 0.359571 -1.578313 -6.162778
-0.787354 -0.916748 -4.000000 0.262261 -1.618898 -6.167999
-0.790283 -0.916870 -4.000000 0.155458 -1.682980 -6.183189
-0.785034 -0.918823 -4.000000 0.052690 -1.753707 -6.194344
-0.788696 -0.908936 -4.000000 -0.009731 -1.785986 -6.196955
-0.786255 -0.912354 -4.000000 -0.048655 -1.766049 -6.185325
-0.790771 -0.915039 -4.000000 -0.046993 -1.689626 -6.143079
-0.786499 -0.919800 -4.000000 0.022310 -1.545085 -6.077098
-0.786865 -0.920532 -4.000000 0.123417 -1.401969 -5.994503
-0.782104 -0.920410 -4.000000 0.230220 -1.334327 -5.940865
-0.781372 -0.919800 -4.000000 0.288368 -1.341447 -5.922827
-0.786377 -0.909912 -4.000000 0.265346 -1.360672 -5.896719
-0.784302 -0.911865 -4.000000 0.167325 -1.393425 -5.911197
-0.785645 -0.918579 -4.000000 0.018513 -1.436146 -5.926624
-0.786621 -0.916138 -4.000000 -0.130300 -1.462728 -5.959852
-0.793335 -0.916748 -4.000000 -0.230457 -1.470323 -6.010880
-0.786377 -0.917847 -4.000000 -0.280536 -1.467000 -6.037225
-0.784912 -0.917236 -4.000000 -0.289555 -1.461541 -6.036275
-0.784546 -0.916992 -4.000000 -0.291217 -1.396510 -6.007557
-0.784790 -0.915405 -4.000000 -0.287894 -1.317713 -5.983823
-0.783325 -0.914063 -4.000000 -0.291691 -1.266685 -5.969583
-0.790161 -0.912720 -4.000000 -0.310678 -1.269533 -5.965548
-0.788208 -0.915649 -4.000000 -0.327530 -1.323172 -5.989757
-0.785889 -0.917847 -4.000000 -0.349128 -1.356162 -6.000912
