-0.778687 -0.918823 -4.000000 0.032278 -2.164306 -5.623778
-0.789429 -0.923340 -4.000000 -0.104192 -1.941444 -5.673857
-0.791626 -0.921387 -4.000000 -0.265109 -1.624357 -5.746958
-0.784546 -0.920166 -4.000000 -0.359571 -1.392713 -5.798935
-0.781616 -0.923584 -4.000000 -0.387102 -1.370403 -5.809853
-0.787476 -0.919312 -4.000000 -0.359333 -1.355925 -5.790865
-0.790649 -0.918579 -4.000000 -0.357909 -1.338125 -5.740075
-0.782349 -0.917725 -4.000000 -0.366928 -1.379659 -5.714442
-0.785522 -0.919556 -4.000000 -0.350789 -1.418108 -5.707559
-0.790405 -0.919189 -4.000000 -0.343431 -1.424042 -5.695692
-0.783569 -0.926758 -4.000000 -0.359333 -1.467950 -5.688334
-0.781616 -0.920776 -4.000000 -0.363605 -1.526098 -5.696404
-0.780884 -0.916504 -4.000000 -0.307830 -1.510908 -5.707322
-0.786743 -0.923828 -4.000000 -0.359333 -1.529184 -5.694980
-0.784546 -0.919312 -4.000000 -0.355536 -1.613439 -5.664363
-0.784424 -0.921387 -4.000000 -0.295014 -1.624594 -5.659142
-0.783936 -0.912476 -4.000000 -0.257989 -1.553392 -5.661753
-0.784180 -0.913818 -4.000000 -0.229508 -1.493108 -5.662465
-0.787842 -0.917480 -4.000000 -0.232356 -1.418346 -5.667686
-0.782471 -0.915405 -4.000000 -0.291929 -1.362571 -5.676942
-0.785278 -0.918579 -4.000000 -0.316849 -1.316764 -5.667923
-0.780273 -0.916626 -4.000000 -0.305220 -1.314865 -5.680502
-0.788452 -0.922974 -4.000000 -0.290742 -1.341210 -5.700439
-0.786133 -0.927979 -4.000000 -0.284571 -1.355213 -5.724648
-0.779541 -0.916260 -4.000000 -0.325394 -1.336463 -5.735091
-0.780518 -0.914551 -4.000000 -0.374286 -1.309406 -5.732717
-0.783569 -0.917236 -4.000000 -0.379507 -1.247935 -5.714917
-0.793945 -0.916870 -4.000000 -0.363605 -1.159882 -5.680977
-0.787109 -0.915649 -4.000000 -0.377608 -1.068981 -5.639917
-0.787598 -0.924194 -4.000000 -0.391849 -1.016291 -5.597196
-0.788330 -0.917725 -4.000000 -0.451421 -1.000627 -5.548067
-0.786133 -0.916138 -4.000000 -0.569617 -0.998965 -5.496089
-0.785278 -0.914185 -4.000000 -0.717480 -0.997779 -5.470456
-0.782104 -0.925781 -4.000000 -0.852052 -1.008696 -5.394745
-0.785278 -0.919434 -4.000000 -0.920168 -1.004899 -5.334935
-0.785400 -0.921021 -4.000000 -0.981877 -1.022937 -5.291739
-0.788086 -0.908813 -4.000000 -1.016291 -1.136385 -5.300046
-0.783203 -0.915283 -4.000000 -1.057114 -1.330055 -5.311676
-0.791870 -0.921021 -4.000000 -1.056164 -1.527522 -5.302419
-0.784302 -0.916748 -4.000000 -1.081797 -1.653075 -5.277261
-0.774292 -0.918457 -4.000000 -1.160357 -1.790495 -5.214128
-0.780640 -0.922852 -4.000000 -1.180293 -1.978706 -5.150996
-0.782593 -0.919312 -4.000000 -1.226812 -2.067708 -5.114208
-0.783813 -0.922485 -4.000000 -1.294454 -2.070319 -5.056060
-0.784424 -0.915283 -4.000000 -1.360435 -1.965415 -5.000997
-0.790649 -0.909180 -4.000000 -1.468187 -1.820875 -4.931219
-0.783569 -0.916382 -4.000000 -1.450387 -1.649990 -4.829400
-0.787598 -0.915649 -4.000000 -1.457744 -1.377998 -4.757723
-0.784180 -0.916260 -4.000000 -1.517554 -1.223964 -4.761995
-0.777832 -0.917358 -4.000000 -1.568107 -1.162493 -4.834621
-0.787354 -0.914917 -4.000000 -1.670164 -1.158695 -4.934067
-0.781860 -0.922119 -4.000000 -1.694610 -1.141607 -4.973703
-0.786987 -0.920410 -4.000000 -1.618186 -1.122857 -4.993402
-0.786987 -0.921875 -4.000000 -1.451810 -1.142556 -5.009778
-0.793335 -0.918701 -4.000000 -1.243426 -1.073490 -5.093560
-0.780884 -0.917603 -4.000000 -1.127129 -1.081322 -5.155743
-0.790649 -0.916504 -4.000000 -1.065183 -1.101734 -5.190157
-0.788086 -0.915771 -4.000000 -0.988522 -1.059250 -5.219587
-0.790283 -0.915894 -4.000000 -0.941529 -1.023174 -5.266106
-0.794312 -0.915161 -4.000000 -0.888602 -1.071354 -5.298859
-0.781738 -0.908691 -4.000000 -0.817637 -1.143980 -5.342530
-0.787354 -0.918945 -4.000000 -0.791767 -1.194771 -5.418242
-0.785156 -0.906738 -4.000000 -0.814789 -1.270245 -5.433431
-0.777466 -0.911133 -4.000000 -0.810517 -1.317713 -5.445298
-0.781738 -0.916748 -4.000000 -0.844219 -1.348093 -5.487782
-0.788452 -0.918701 -4.000000 -0.821435 -1.332903 -5.489681
-0.782349 -0.919189 -4.000000 -0.760201 -1.283299 -5.479001
-0.785400 -0.914307 -4.000000 -0.722464 -1.257192 -5.508905
-0.786011 -0.921143 -4.000000 -0.691372 -1.283062 -5.540234
-0.789673 -0.916992 -4.000000 -0.671198 -1.361859 -5.575835
-0.780640 -0.922852 -4.000000 -0.621357 -1.441842 -5.622591
-0.792114 -0.914429 -4.000000 -0.604268 -1.480291 -5.630424
-0.783325 -0.912109 -4.000000 -0.538525 -1.482427 -5.618556
-0.784302 -0.917114 -4.000000 -0.452845 -1.452523 -5.609300
-0.785522 -0.914551 -4.000000 -0.363131 -1.418820 -5.625440
-0.794678 -0.917725 -4.000000 -0.301897 -1.415023 -5.633746
-0.782349 -0.916748 -4.000000 -0.266296 -1.378947 -5.630661
-0.789429 -0.920288 -4.000000 -0.209334 -1.349517 -5.617370
-0.780762 -0.916626 -4.000000 -0.138132 -1.375387 -5.636832
-0.788574 -0.911377 -4.000000 -0.061234 -1.422380 -5.666262
-0.784180 -0.916260 -4.000000 0.010443 -1.453709 -5.709933
-0.791748 -0.915771 -4.000000 0.061234 -1.476969 -5.747432
-0.777222 -0.917480 -4.000000 0.117009 -1.504263 -5.767844
-0.788574 -0.916260 -4.000000 0.209571 -1.530133 -5.785407
-0.783569 -0.919434 -4.000000 0.333463 -1.522063 -5.802732
-0.781616 -0.921509 -4.000000 0.459728 -1.543424 -5.848064
-0.781616 -0.919434 -4.000000 0.533778 -1.555054 -5.869188
-0.786133 -0.924072 -4.000000 0.505772 -1.526098 -5.880580
-0.779663 -0.912598 -4.000000 0.549680 -1.487174 -5.875596
-0.783325 -0.921509 -4.000000 0.616610 -1.437807 -5.894109
-0.782104 -0.910889 -4.000000 0.659569 -1.347143 -5.895533
-0.786011 -0.906860 -4.000000 0.616847 -1.236306 -5.878919
-0.787842 -0.915161 -4.000000 0.551579 -1.090816 -5.821008
-0.783936 -0.912598 -4.000000 0.583382 -0.900706 -5.780185
-0.786865 -0.915771 -4.000000 0.630613 -0.904029 -5.750043
-0.781982 -0.913940 -4.000000 0.862257 -1.147540 -5.807717
-0.787231 -0.917847 -4.000000 0.789394 -1.256717 -5.817210
-0.778564 -0.917358 -4.000000 0.622306 -1.261226 -5.787305
-0.791138 -0.920776 -4.000000 0.508146 -1.274517 -5.811039
-0.784424 -0.918213 -4.000000 0.428399 -1.325308 -5.932321
-0.781982 -0.918457 -4.000000 0.267957 -1.405292 -6.041022
-0.782593 -0.917236 -4.000000 0.218116 -1.545560 -6.132636
-0.782593 -0.921631 -4.000000 0.158306 -1.734483 -6.184613
-0.784180 -0.917114 -4.000000 0.084493 -1.768422 -6.128838
-0.791992 -0.911011 -4.000000 0.080221 -1.697458 -6.042921
-0.781250 -0.920532 -4.000000 0.108227 -1.589468 -5.934931
-0.790527 -0.913696 -4.000000 0.191296 -1.446114 -5.846166
-0.788208 -0.920776 -4.000000 0.231169 -1.319849 -5.803445
-0.789917 -0.917847 -4.000000 0.166376 -1.312729 -5.830027
-0.783447 -0.918213 -4.000000 0.085680 -1.406241 -5.898618
-0.786499 -0.912354 -4.000000 -0.049129 -1.499516 -6.000200
-0.786133 -0.920288 -4.000000 -0.204113 -1.589231 -6.063332
-0.784546 -0.922729 -4.000000 -0.268195 -1.569769 -6.072351
-0.784424 -0.916504 -4.000000 -0.274603 -1.503076 -6.030579
-0.791992 -0.920166 -4.000000 -0.256328 -1.426652 -5.950833
-0.778198 -0.916992 -4.000000 -0.166613 -1.348567 -5.857083
-0.779175 -0.919434 -4.000000 -0.056012 -1.270008 -5.788018
-0.783325 -0.913086 -4.000000 0.061708 -1.363520 -5.808191
-0.790894 -0.919922 -4.000000 0.148100 -1.499753 -5.915232
-0.788208 -0.914795 -4.000000 0.000000 -1.693423 -5.983586
-0.783813 -0.924072 -4.000000 -0.103243 -1.844134 -5.988333
-0.787354 -0.915649 -4.000000 -0.035838 -1.912251 -5.954393
-0.784302 -0.915771 -4.000000 0.114873 -1.850542 -5.932795
-0.780518 -0.915771 -4.000000 0.141217 -1.761302 -5.912621
-0.782593 -0.914551 -4.000000 0.152610 -1.703391 -5.905026
-0.789429 -0.916870 -4.000000 0.129588 -1.684641 -5.914995
-0.784668 -0.914673 -4.000000 0.018987 -1.655686 -5.950833
-0.777466 -0.916626 -4.000000 -0.107990 -1.669214 -5.992130
-0.781372 -0.925537 -4.000000 -0.153559 -1.654499 -5.999488
-0.783569 -0.916260 -4.000000 -0.182040 -1.574990 -5.982636
-0.786255 -0.916626 -4.000000 -0.195331 -1.449200 -5.961039
-0.791138 -0.910278 -4.000000 -0.218353 -1.352602 -5.936355
-0.784912 -0.914673 -4.000000 -0.227135 -1.318900 -5.943475
-0.783447 -0.913940 -4.000000 -0.296438 -1.328868 -5.930896
-0.787476 -0.914551 -4.000000 -0.351264 -1.303710 -5.881055
-0.790771 -0.917114 -4.000000 -0.371675 -1.267397 -5.863966
-0.785156 -0.912476 -4.000000 -0.399206 -1.284960 -5.887938
-0.786743 -0.917603 -4.000000 -0.441690 -1.323647 -5.928761
-0.785645 -0.918945 -4.000000 -0.486073 -1.364232 -5.981213
-0.779419 -0.919434 -4.000000 -0.528794 -1.410039 -6.019187
-0.783203 -0.921753 -4.000000 -0.534253 -1.457744 -6.042209
-0.784546 -0.918579 -4.000000 -0.513604 -1.463203 -6.031766
-0.786743 -0.918457 -4.000000 -0.408700 -1.413124 -5.981450
-0.784790 -0.917114 -4.000000 -0.300473 -1.340023 -5.911435
-0.784180 -0.915771 -4.000000 -0.271517 -1.218980 -5.804394
-0.783203 -0.918945 -4.000000 -0.277451 -1.199518 -5.797274
-0.780151 -0.921387 -4.000000 -0.364317 -1.221828 -5.811514
-0.786865 -0.916016 -4.000000 -0.439317 -1.240578 -5.826229
-0.788940 -0.912354 -4.000000 -0.499839 -1.302286 -5.876783
-0.784546 -0.921021 -4.000000 -0.530218 -1.338125 -5.912858
