-0.789063 -0.916382 -4.000000 -0.063607 -1.539389 -5.906688
-0.781616 -0.911255 -4.000000 -0.154983 -1.533693 -5.903128
-0.787476 -0.917480 -4.000000 -0.218116 -1.507348 -5.941102
-0.785645 -0.917358 -4.000000 -0.274128 -1.504737 -5.966260
-0.779297 -0.916382 -4.000000 -0.308542 -1.497855 -5.985722
-0.781860 -0.912109 -4.000000 -0.329666 -1.485276 -5.994978
-0.783813 -0.918091 -4.000000 -0.375235 -1.510196 -5.993792
-0.789185 -0.911743 -4.000000 -0.415583 -1.550544 -5.993792
-0.788208 -0.913208 -4.000000 -0.430773 -1.594689 -5.999250
-0.785767 -0.915283 -4.000000 -0.438605 -1.618186 -5.999962
-0.787476 -0.911621 -4.000000 -0.447149 -1.617711 -5.990469
-0.785034 -0.917847 -4.000000 -0.470171 -1.595876 -5.975516
-0.791748 -0.918213 -4.000000 -0.511706 -1.583297 -5.962462
-0.785889 -0.919189 -4.000000 -0.552766 -1.563598 -5.938254
-0.785400 -0.919922 -4.000000 -0.564158 -1.560275 -5.928048
-0.780884 -0.920044 -4.000000 -0.562259 -1.580212 -5.898143
-0.785767 -0.917603 -4.000000 -0.556088 -1.610591 -5.861356
-0.784546 -0.913940 -4.000000 -0.545645 -1.626730 -5.834062
-0.784790 -0.912842 -4.000000 -0.531642 -1.640259 -5.804869
-0.782104 -0.917725 -4.000000 -0.535677 -1.654499 -5.772116
-0.789917 -0.915527 -4.000000 -0.554190 -1.682031 -5.766657
-0.789795 -0.917725 -4.000000 -0.604268 -1.735907 -5.758587
-0.787720 -0.915283 -4.000000 -0.696831 -1.766286 -5.750755
-0.780518 -0.911987 -4.000000 -0.810754 -1.748249 -5.738888
-0.787109 -0.909912 -4.000000 -0.938443 -1.688201 -5.732955
-0.781128 -0.914795 -4.000000 -1.050231 -1.657585 -5.717053
-0.783081 -0.907959 -4.000000 -1.131401 -1.667315 -5.708034
-0.785156 -0.921143 -4.000000 -1.181717 -1.642157 -5.702812
-0.787354 -0.915405 -4.000000 -1.204739 -1.610829 -5.674806
-0.779663 -0.915405 -4.000000 -1.195483 -1.619373 -5.629474
-0.780762 -0.909424 -4.000000 -1.140895 -1.631952 -5.545930
-0.792114 -0.916138 -4.000000 -1.058063 -1.611066 -5.476627
-0.786743 -0.913818 -4.000000 -0.962890 -1.556952 -5.436279
-0.787231 -0.923340 -4.000000 -0.899282 -1.454184 -5.390235
-0.785400 -0.914551 -4.000000 -0.891450 -1.289232 -5.353210
-0.782715 -0.911377 -4.000000 -0.955769 -1.135673 -5.341818
-0.787964 -0.920044 -4.000000 -1.087493 -1.080373 -5.322119
-0.782104 -0.918701 -4.000000 -1.239154 -1.109803 -5.343479
-0.786865 -0.910400 -4.000000 -1.341447 -1.204502 -5.384302
-0.788818 -0.915771 -4.000000 -1.382982 -1.300387 -5.415156
-0.782349 -0.922485 -4.000000 -1.348805 -1.340973 -5.448384
-0.783569 -0.924072 -4.000000 -1.268346 -1.324834 -5.459538
-0.782349 -0.917114 -4.000000 -1.174122 -1.244850 -5.477576
-0.787964 -0.917847 -4.000000 -1.109329 -1.131164 -5.469744
-0.787231 -0.912964 -4.000000 -1.079898 -1.057826 -5.482086
-0.785767 -0.913086 -4.000000 -1.083221 -1.022462 -5.493003
-0.782349 -0.917114 -4.000000 -1.103870 -1.020326 -5.493716
-0.788086 -0.923096 -4.000000 -1.126654 -1.098886 -5.514839
-0.791382 -0.919312 -4.000000 -1.107904 -1.235831 -5.555661
-0.785034 -0.915771 -4.000000 -1.054265 -1.353552 -5.622354
-0.787354 -0.919434 -4.000000 -0.987810 -1.399121 -5.652259
-0.782349 -0.913452 -4.000000 -0.928475 -1.350941 -5.688097
-0.786377 -0.913818 -4.000000 -0.884093 -1.251733 -5.714205
-0.787354 -0.917358 -4.000000 -0.847780 -1.139471 -5.717290
-0.791992 -0.910889 -4.000000 -0.811704 -1.115499 -5.741973
-0.784546 -0.912720 -4.000000 -0.770881 -1.168189 -5.777337
-0.786011 -0.913330 -4.000000 -0.715106 -1.277128 -5.831213
-0.784546 -0.923828 -4.000000 -0.665027 -1.323409 -5.832163
-0.786499 -0.918213 -4.000000 -0.624917 -1.303236 -5.842131
-0.789673 -0.920532 -4.000000 -0.591215 -1.284011 -5.884377
-0.792969 -0.920288 -4.000000 -0.576500 -1.292555 -5.924251
-0.782227 -0.924805 -4.000000 -0.567718 -1.310356 -5.930184
-0.783813 -0.918335 -4.000000 -0.579110 -1.321036 -5.957716
-0.785400 -0.921997 -4.000000 -0.590028 -1.338837 -5.970295
-0.783081 -0.918335 -4.000000 -0.576737 -1.363757 -5.985722
-0.784790 -0.919800 -4.000000 -0.545171 -1.381083 -6.006133
-0.786743 -0.917847 -4.000000 -0.504348 -1.393188 -6.022510
-0.784180 -0.921631 -4.000000 -0.448573 -1.408140 -6.044108
-0.783447 -0.916748 -4.000000 -0.417007 -1.418583 -6.045294
-0.782715 -0.920654 -4.000000 -0.392561 -1.417871 -6.034140
-0.786255 -0.919312 -4.000000 -0.372624 -1.410988 -6.021323
-0.781860 -0.917847 -4.000000 -0.328954 -1.408377 -6.009219
-0.787109 -0.914185 -4.000000 -0.294065 -1.403630 -6.002336
-0.781738 -0.918335 -4.000000 -0.265109 -1.386779 -5.995453
-0.779297 -0.914917 -4.000000 -0.257752 -1.342397 -5.992605
-0.781128 -0.919067 -4.000000 -0.264397 -1.271669 -5.982636
-0.790527 -0.919067 -4.000000 -0.286470 -1.186464 -5.956292
-0.782837 -0.924561 -4.000000 -0.331090 -1.103158 -5.969346
-0.779053 -0.914185 -4.000000 -0.399206 -1.043823 -5.994978
-0.790161 -0.923950 -4.000000 -0.479665 -1.023174 -6.019187
-0.785645 -0.926880 -4.000000 -0.540424 -1.035753 -6.048854
-0.785278 -0.915894 -4.000000 -0.554427 -1.054978 -6.065943
-0.782349 -0.917114 -4.000000 -0.512180 -1.081322 -6.076149
-0.788574 -0.916748 -4.000000 -0.421516 -1.101971 -6.083269
-0.783447 -0.917969 -4.000000 -0.271517 -1.092715 -6.063095
-0.781982 -0.915649 -4.000000 -0.058148 -1.075626 -6.020136
-0.788330 -0.918213 -4.000000 0.198416 -1.005373 -5.947273
-0.788086 -0.912598 -4.000000 0.462102 -0.859884 -5.868950
-0.790649 -0.916016 -4.000000 0.707749 -0.679980 -5.799647
-0.784912 -0.923218 -4.000000 0.893349 -0.528319 -5.738413
-0.784546 -0.915771 -4.000000 0.932747 -0.485361 -5.703050
-0.788208 -0.915161 -4.000000 0.855612 -0.559886 -5.716815
-0.784912 -0.913452 -4.000000 0.677844 -0.752369 -5.781610
-0.783081 -0.917847 -4.000000 0.480139 -1.010358 -5.846166
-0.783813 -0.917114 -4.000000 0.318273 -1.277365 -5.911909
-0.783569 -0.917358 -4.000000 0.249207 -1.506636 -5.972431
-0.781128 -0.920776 -4.000000 0.255378 -1.668740 -5.997114
-0.788940 -0.915283 -4.000000 0.326106 -1.773644 -5.989994
-0.787720 -0.917725 -4.000000 0.421042 -1.808770 -5.975516
-0.791870 -0.918579 -4.000000 0.521911 -1.753945 -5.933270
-0.785645 -0.916382 -4.000000 0.619221 -1.646667 -5.899805
-0.786011 -0.915894 -4.000000 0.676657 -1.519215 -5.875122
-0.789795 -0.917114 -4.000000 0.680929 -1.412412 -5.855897
-0.790894 -0.913086 -4.000000 0.645328 -1.323409 -5.874172
-0.783081 -0.912476 -4.000000 0.595487 -1.318425 -5.895058
-0.786987 -0.920410 -4.000000 0.532354 -1.409327 -5.936118
-0.784668 -0.922363 -4.000000 0.449522 -1.561224 -5.990706
-0.785400 -0.912109 -4.000000 0.404665 -1.698407 -6.033427
-0.784790 -0.914673 -4.000000 0.341295 -1.796903 -6.060959
-0.790894 -0.921875 -4.000000 0.250869 -1.839625 -6.061433
-0.781250 -0.917480 -4.000000 0.165189 -1.832979 -6.056449
-0.787231 -0.923584 -4.000000 0.088291 -1.840811 -6.059298
-0.783936 -0.915283 -4.000000 0.052690 -1.906554 -6.045294
-0.786987 -0.916748 -4.000000 0.056012 -1.634800 -6.048142
-0.785889 -0.913208 -4.000000 0.001661 -1.509484 -6.027494
-0.784058 -0.911499 -4.000000 0.006883 -1.516604 -5.952969
-0.785156 -0.914795 -4.000000 0.017326 -1.512570 -5.880580
-0.789185 -0.911865 -4.000000 0.002373 -1.406716 -5.842606
-0.791382 -0.913574 -4.000000 -0.008307 -1.259802 -5.853049
-0.783569 -0.912720 -4.000000 -0.042721 -1.123332 -5.856371
-0.783325 -0.916260 -4.000000 -0.140268 -1.052130 -5.863017
-0.786377 -0.923706 -4.000000 -0.266296 -1.070167 -5.910010
-0.786743 -0.918457 -4.000000 -0.382593 -1.128553 -5.975279
-0.782471 -0.917480 -4.000000 -0.470883 -1.200230 -6.024883
-0.783447 -0.918945 -4.000000 -0.518589 -1.243663 -6.055737
-0.788696 -0.915039 -4.000000 -0.526183 -1.231321 -6.075912
-0.782349 -0.910400 -4.000000 -0.499364 -1.237018 -6.085880
-0.785645 -0.918823 -4.000000 -0.496753 -1.264549 -6.080895
-0.778320 -0.917480 -4.000000 -0.495329 -1.333140 -6.093237
-0.788696 -0.915405 -4.000000 -0.477054 -1.401257 -6.099645
-0.780762 -0.917725 -4.000000 -0.455219 -1.417634 -6.093237
-0.789673 -0.916382 -4.000000 -0.438605 -1.418583 -6.076623
-0.777466 -0.912598 -4.000000 -0.426263 -1.428077 -6.067842
-0.783081 -0.913208 -4.000000 -0.409412 -1.465102 -6.055737
-0.786743 -0.915527 -4.000000 -0.376659 -1.485513 -6.045769
-0.779297 -0.919189 -4.000000 -0.355773 -1.478393 -6.042921
-0.782959 -0.919067 -4.000000 -0.360045 -1.491446 -6.029867
-0.789063 -0.924194 -4.000000 -0.384017 -1.496905 -6.038412
-0.791382 -0.917358 -4.000000 -0.414633 -1.492633 -6.040785
-0.789185 -0.918701 -4.000000 -0.443589 -1.475545 -6.055026
-0.784424 -0.914063 -4.000000 -0.455456 -1.465576 -6.057873
-0.779663 -0.918823 -4.000000 -0.472782 -1.451810 -6.058111
-0.784546 -0.904419 -4.000000 -0.482275 -1.447064 -6.053601
-0.787720 -0.921875 -4.000000 -0.477291 -1.455133 -6.041497
-0.780762 -0.912231 -4.000000 -0.470171 -1.471272 -6.025833
-0.781738 -0.920654 -4.000000 -0.445962 -1.481715 -6.027731
-0.783081 -0.919678 -4.000000 -0.419143 -1.491921 -6.016101
-0.791382 -0.919312 -4.000000 -0.397545 -1.493820 -6.003048
-0.785522 -0.912231 -4.000000 -0.363131 -1.476494 -5.983823
-0.782104 -0.920532 -4.000000 -0.326343 -1.469611 -5.974804
