-0.784180 -0.916870 -4.000000 0.023734 -1.232745 -5.658430
-0.783203 -0.924683 -4.000000 -0.027769 -1.241527 -5.689759
-0.786377 -0.911499 -4.000000 -0.113686 -1.280926 -5.703525
-0.793457 -0.915771 -4.000000 -0.178480 -1.322223 -5.681452
-0.792847 -0.923340 -4.000000 -0.235679 -1.373726 -5.666737
-0.786011 -0.921387 -4.000000 -0.299761 -1.421906 -5.668635
-0.782593 -0.917847 -4.000000 -0.365979 -1.468662 -5.654632
-0.782837 -0.917847 -4.000000 -0.416058 -1.487174 -5.641104
-0.786865 -0.920776 -4.000000 -0.435994 -1.475070 -5.633272
-0.785889 -0.918823 -4.000000 -0.449285 -1.439944 -5.648699
-0.781006 -0.918335 -4.000000 -0.453083 -1.380846 -5.639205
-0.788330 -0.917725 -4.000000 -0.454744 -1.324596 -5.624490
-0.786621 -0.912720 -4.000000 -0.459491 -1.285435 -5.609063
-0.779053 -0.908325 -4.000000 -0.481563 -1.273805 -5.593399
-0.786133 -0.916992 -4.000000 -0.521674 -1.276653 -5.575361
-0.790894 -0.911987 -4.000000 -0.568430 -1.282824 -5.541896
-0.781006 -0.919189 -4.000000 -0.578398 -1.271432 -5.501073
-0.775513 -0.915894 -4.000000 -0.591689 -1.243426 -5.467371
-0.785034 -0.924683 -4.000000 -0.616847 -1.211385 -5.425836
-0.780029 -0.913940 -4.000000 -0.643904 -1.204739 -5.375283
-0.786865 -0.916504 -4.000000 -0.685439 -1.187888 -5.337071
-0.784546 -0.918457 -4.000000 -0.700629 -1.199518 -5.260647
-0.782715 -0.913818 -4.000000 -0.704663 -1.192160 -5.197040
-0.790894 -0.917358 -4.000000 -0.712258 -1.189787 -5.150522
-0.786865 -0.922852 -4.000000 -0.749995 -1.179107 -5.101629
-0.786865 -0.922729 -4.000000 -0.815501 -1.133775 -5.067452
-0.782837 -0.920898 -4.000000 -0.874362 -1.073015 -5.061994
-0.786011 -0.918091 -4.000000 -0.953396 -1.029819 -5.083829
-0.791626 -0.918579 -4.000000 -1.032193 -1.043348 -5.088338
-0.783081 -0.914063 -4.000000 -1.117398 -1.104582 -5.098781
-0.784668 -0.916748 -4.000000 -1.181480 -1.169850 -5.113734
-0.787354 -0.917847 -4.000000 -1.226337 -1.207587 -5.121329
-0.785645 -0.918945 -4.000000 -1.231796 -1.220166 -5.155743
-0.781738 -0.910889 -4.000000 -1.252919 -1.153474 -5.181613
-0.780640 -0.911865 -4.000000 -1.273805 -1.127604 -5.198701
-0.784424 -0.916138 -4.000000 -1.299201 -1.100072 -5.212467
-0.786865 -0.913330 -4.000000 -1.274043 -1.124281 -5.239761
-0.781372 -0.917358 -4.000000 -1.220166 -1.188838 -5.262546
-0.776855 -0.920776 -4.000000 -1.157271 -1.196907 -5.293638
-0.787354 -0.921387 -4.000000 -1.087968 -1.144930 -5.318084
-0.784424 -0.913940 -4.000000 -1.061623 -1.080610 -5.338495
-0.778442 -0.920410 -4.000000 -1.063759 -1.028633 -5.379555
-0.788574 -0.912354 -4.000000 -1.095325 -1.052130 -5.431532
-0.783691 -0.918579 -4.000000 -1.121433 -1.139233 -5.488019
-0.788940 -0.915161 -4.000000 -1.141369 -1.212572 -5.491580
-0.791138 -0.915283 -4.000000 -1.116923 -1.238679 -5.497513
-0.783447 -0.919800 -4.000000 -1.046433 -1.262413 -5.513652
-0.785034 -0.917236 -4.000000 -0.956719 -1.260752 -5.513652
-0.782471 -0.914429 -4.000000 -0.881719 -1.232508 -5.531928
-0.792480 -0.917480 -4.000000 -0.824520 -1.231084 -5.543794
-0.782959 -0.915771 -4.000000 -0.764710 -1.229185 -5.560883
-0.786377 -0.920410 -4.000000 -0.702527 -1.241764 -5.582955
-0.784790 -0.913452 -4.000000 -0.636547 -1.291606 -5.593399
-0.779907 -0.917480 -4.000000 -0.568430 -1.341922 -5.596959
-0.782349 -0.914307 -4.000000 -0.511943 -1.382507 -5.626152
-0.780640 -0.922607 -4.000000 -0.481326 -1.419295 -5.639680
-0.791992 -0.922485 -4.000000 -0.472307 -1.418108 -5.655581
-0.788208 -0.910034 -4.000000 -0.467086 -1.414073 -5.667923
-0.787720 -0.913574 -4.000000 -0.467323 -1.404342 -5.686673
-0.785889 -0.916748 -4.000000 -0.462814 -1.418820 -5.704237
-0.786621 -0.913452 -4.000000 -0.452845 -1.421431 -5.712069
-0.785156 -0.921387 -4.000000 -0.443114 -1.446826 -5.722749
-0.781250 -0.919067 -4.000000 -0.418906 -1.486462 -5.735091
-0.781982 -0.918457 -4.000000 -0.372624 -1.525623 -5.741736
-0.777588 -0.918335 -4.000000 -0.317087 -1.558139 -5.771878
-0.785278 -0.915771 -4.000000 -0.264397 -1.573091 -5.770692
-0.784180 -0.920044 -4.000000 -0.206961 -1.531794 -5.759537
-0.787842 -0.917480 -4.000000 -0.173496 -1.483614 -5.738413
-0.779541 -0.912842 -4.000000 -0.160917 -1.447776 -5.727021
-0.789307 -0.919312 -4.000000 -0.173496 -1.443029 -5.735091
-0.789429 -0.917358 -4.000000 -0.186787 -1.462965 -5.740312
-0.787598 -0.916992 -4.000000 -0.210521 -1.502601 -5.741024
-0.788696 -0.912476 -4.000000 -0.223337 -1.538440 -5.751942
-0.781860 -0.916992 -4.000000 -0.224999 -1.545085 -5.766894
-0.785522 -0.917358 -4.000000 -0.205537 -1.529184 -5.777100
-0.783813 -0.915894 -4.000000 -0.160205 -1.480054 -5.785407
-0.788208 -0.918579 -4.000000 -0.094699 -1.414785 -5.813888
-0.782715 -0.914429 -4.000000 -0.016139 -1.351890 -5.829790
-0.785278 -0.916138 -4.000000 0.048417 -1.312966 -5.832637
-0.786621 -0.921143 -4.000000 0.130774 -1.295166 -5.809616
-0.782593 -0.925049 -4.000000 0.209809 -1.298489 -5.788255
-0.785400 -0.921875 -4.000000 0.248970 -1.349992 -5.778049
-0.787231 -0.916504 -4.000000 0.248733 -1.426890 -5.747432
-0.786499 -0.916626 -4.000000 0.257277 -1.498092 -5.746246
-0.785645 -0.919189 -4.000000 0.263685 -1.537016 -5.749331
-0.790039 -0.923462 -4.000000 0.227847 -1.527997 -5.709458
-0.782471 -0.920898 -4.000000 0.182989 -1.491446 -5.661515
-0.777100 -0.917114 -4.000000 0.133623 -1.420007 -5.621167
-0.782593 -0.915649 -4.000000 0.166850 -1.332666 -5.589601
-0.781372 -0.920166 -4.000000 0.272941 -1.183379 -5.591262
-0.788696 -0.921631 -4.000000 0.379507 -0.998728 -5.601468
-0.785645 -0.919312 -4.000000 0.383067 -0.902368 -5.624490
-0.791626 -0.917603 -4.000000 0.236866 -0.928713 -5.619743
-0.781128 -0.920288 -4.000000 -0.132673 -1.028395 -5.585804
-0.786621 -0.922485 -4.000000 -0.528794 -1.061148 -5.531928
-0.783569 -0.919067 -4.000000 -0.639632 -1.070167 -5.486595
-0.789063 -0.917847 -4.000000 -0.419380 -1.195483 -5.513889
-0.781982 -0.915527 -4.000000 -0.182040 -1.469848 -5.569902
-0.790771 -0.916504 -4.000000 0.010918 -1.792156 -5.602417
-0.779541 -0.915771 -4.000000 0.208622 -1.969687 -5.583430
-0.789673 -0.912598 -4.000000 0.365741 -1.915573 -5.506295
-0.784424 -0.911865 -4.000000 0.487260 -1.634325 -5.409935
-0.783447 -0.921143 -4.000000 0.667876 -1.245562 -5.350837
-0.787476 -0.915894 -4.000000 0.872700 -0.961940 -5.355821
-0.786743 -0.917480 -4.000000 0.819299 -0.915421 -5.404001
-0.780151 -0.919922 -4.000000 0.604268 -1.062098 -5.466422
-0.786621 -0.921143 -4.000000 0.389001 -1.189075 -5.550677
-0.782715 -0.919556 -4.000000 0.209809 -1.313679 -5.626389
-0.788696 -0.921021 -4.000000 0.112025 -1.411225 -5.656531
-0.782715 -0.916748 -4.000000 0.086392 -1.481715 -5.668873
-0.778198 -0.915527 -4.000000 0.076661 -1.528234 -5.677892
-0.786865 -0.923340 -4.000000 0.085205 -1.554816 -5.662939
-0.783691 -0.917725 -4.000000 0.140743 -1.493582 -5.626152
-0.786987 -0.923340 -4.000000 0.232593 -1.411937 -5.587940
-0.785522 -0.919434 -4.000000 0.259650 -1.363283 -5.557797
-0.775635 -0.923096 -4.000000 0.227372 -1.364469 -5.556136
-0.794800 -0.917236 -4.000000 0.141929 -1.401257 -5.572513
-0.780640 -0.918823 -4.000000 0.062895 -1.452285 -5.572750
-0.779663 -0.919312 -4.000000 -0.010206 -1.467475 -5.592687
-0.781250 -0.926636 -4.000000 -0.081645 -1.479817 -5.603841
-0.788330 -0.917358 -4.000000 -0.123892 -1.466763 -5.607639
-0.782471 -0.914063 -4.000000 -0.126502 -1.453472 -5.626626
-0.783081 -0.921997 -4.000000 -0.123180 -1.437807 -5.639205
-0.785767 -0.919556 -4.000000 -0.118670 -1.417634 -5.635645
-0.783447 -0.919067 -4.000000 -0.120332 -1.418583 -5.645851
-0.792236 -0.916260 -4.000000 -0.140743 -1.421194 -5.652021
-0.785645 -0.913086 -4.000000 -0.170885 -1.438045 -5.662939
-0.786499 -0.914551 -4.000000 -0.178717 -1.466526 -5.669585
-0.786011 -0.920654 -4.000000 -0.193670 -1.478630 -5.682401
-0.787842 -0.915161 -4.000000 -0.196280 -1.474833 -5.675044
-0.793457 -0.924438 -4.000000 -0.209097 -1.467475 -5.666025
-0.784180 -0.920776 -4.000000 -0.244223 -1.448488 -5.675044
-0.784424 -0.913330 -4.000000 -0.271992 -1.415972 -5.666262
-0.786743 -0.917725 -4.000000 -0.291691 -1.403393 -5.664838
-0.787720 -0.917603 -4.000000 -0.309017 -1.414548 -5.665075
-0.788696 -0.918457 -4.000000 -0.313052 -1.422380 -5.660091
-0.787109 -0.915649 -4.000000 -0.311865 -1.420482 -5.660803
-0.787476 -0.915405 -4.000000 -0.321833 -1.415972 -5.653446
-0.780029 -0.921021 -4.000000 -0.320647 -1.412412 -5.661753
-0.783447 -0.911865 -4.000000 -0.327055 -1.402444 -5.657718
-0.783325 -0.912598 -4.000000 -0.348890 -1.403868 -5.665313
-0.779785 -0.916260 -4.000000 -0.361469 -1.416921 -5.663651
-0.790283 -0.918945 -4.000000 -0.353874 -1.411463 -5.666974
-0.786743 -0.920532 -4.000000 -0.345330 -1.385593 -5.665787
-0.791382 -0.914063 -4.000000 -0.352925 -1.372776 -5.673382
-0.782959 -0.919556 -4.000000 -0.362419 -1.385830 -5.688097
-0.780762 -0.921387 -4.000000 -0.384966 -1.400308 -5.691183
-0.780029 -0.918823 -4.000000 -0.402054 -1.417634 -5.694743
-0.783936 -0.915039 -4.000000 -0.420330 -1.419058 -5.715629
-0.786255 -0.915527 -4.000000 -0.428637 -1.416684 -5.702575
