-0.788452 -0.910645 -4.000000 -0.277688 -1.518741 -5.906925
-0.780273 -0.912720 -4.000000 -0.219065 -1.477681 -5.925200
-0.790283 -0.913086 -4.000000 -0.201027 -1.459643 -5.921640
-0.787476 -0.917969 -4.000000 -0.227847 -1.463915 -5.931134
-0.788940 -0.914673 -4.000000 -0.279112 -1.466526 -5.938016
-0.786011 -0.919678 -4.000000 -0.342482 -1.482190 -5.961751
-0.786987 -0.920166 -4.000000 -0.407276 -1.478630 -5.979788
-0.778442 -0.916382 -4.000000 -0.454744 -1.490734 -5.985485
-0.780884 -0.919800 -4.000000 -0.493668 -1.526335 -5.992605
-0.788818 -0.912109 -4.000000 -0.526658 -1.567870 -6.010406
-0.791138 -0.913086 -4.000000 -0.548968 -1.587332 -6.005896
-0.785522 -0.916748 -4.000000 -0.544221 -1.598724 -5.994266
-0.782715 -0.915894 -4.000000 -0.513842 -1.603234 -5.979551
-0.780640 -0.920166 -4.000000 -0.456405 -1.586857 -5.938966
-0.779907 -0.915283 -4.000000 -0.400868 -1.568582 -5.896245
-0.794067 -0.918335 -4.000000 -0.377846 -1.542712 -5.859931
-0.788086 -0.912476 -4.000000 -0.381168 -1.496668 -5.847590
-0.789063 -0.912964 -4.000000 -0.401817 -1.462016 -5.837859
-0.792847 -0.920776 -4.000000 -0.458541 -1.472222 -5.810328
-0.781372 -0.918945 -4.000000 -0.533541 -1.497380 -5.807479
-0.782837 -0.920288 -4.000000 -0.607828 -1.534880 -5.812938
-0.788208 -0.917603 -4.000000 -0.670012 -1.565259 -5.801309
-0.787231 -0.913452 -4.000000 -0.698255 -1.543187 -5.777337
-0.787964 -0.912964 -4.000000 -0.712496 -1.472459 -5.732243
-0.787109 -0.917480 -4.000000 -0.706325 -1.380134 -5.683113
-0.786743 -0.923340 -4.000000 -0.695882 -1.299675 -5.648461
-0.782837 -0.913696 -4.000000 -0.728635 -1.277840 -5.637544
-0.783447 -0.914429 -4.000000 -0.770881 -1.332666 -5.650360
-0.788818 -0.915894 -4.000000 -0.841609 -1.461067 -5.651547
-0.786621 -0.917969 -4.000000 -0.908064 -1.601335 -5.639680
-0.782471 -0.916626 -4.000000 -0.913997 -1.675385 -5.608114
-0.786377 -0.913696 -4.000000 -0.884093 -1.640259 -5.547592
-0.784546 -0.922119 -4.000000 -0.846118 -1.518028 -5.501548
-0.786011 -0.914185 -4.000000 -0.858934 -1.350466 -5.474016
-0.788818 -0.912354 -4.000000 -0.933459 -1.223727 -5.470931
-0.794678 -0.911377 -4.000000 -1.062810 -1.170088 -5.476864
-0.792847 -0.919800 -4.000000 -1.193347 -1.199281 -5.479950
-0.774170 -0.921143 -4.000000 -1.287096 -1.290894 -5.478526
-0.786011 -0.919922 -4.000000 -1.346194 -1.365419 -5.483747
-0.778198 -0.918091 -4.000000 -1.357349 -1.373488 -5.495615
-0.785034 -0.921387 -4.000000 -1.332666 -1.319849 -5.512940
-0.784424 -0.912476 -4.000000 -1.284248 -1.206401 -5.519823
-0.785522 -0.910278 -4.000000 -1.252207 -1.077525 -5.549490
-0.783447 -0.914429 -4.000000 -1.288520 -1.044060 -5.577497
-0.787598 -0.920654 -4.000000 -1.353314 -1.092240 -5.607876
-0.786499 -0.912354 -4.000000 -1.397222 -1.129740 -5.641104
-0.791382 -0.914429 -4.000000 -1.389153 -1.142319 -5.701626
-0.789673 -0.916626 -4.000000 -1.370878 -1.176970 -5.751942
-0.786011 -0.914429 -4.000000 -1.320799 -1.245562 -5.787068
-0.784424 -0.920654 -4.000000 -1.237730 -1.316289 -5.801309
-0.781494 -0.914551 -4.000000 -1.125705 -1.380371 -5.801309
-0.784058 -0.912231 -4.000000 -0.991133 -1.415972 -5.779948
-0.785522 -0.915649 -4.000000 -0.843033 -1.390339 -5.758825
-0.787476 -0.913452 -4.000000 -0.733856 -1.328394 -5.758825
-0.785522 -0.912354 -4.000000 -0.667164 -1.275467 -5.751705
-0.787354 -0.916748 -4.000000 -0.641531 -1.226812 -5.766182
-0.787720 -0.920166 -4.000000 -0.642717 -1.204739 -5.810802
-0.782837 -0.912354 -4.000000 -0.667876 -1.227999 -5.839758
-0.783081 -0.920044 -4.000000 -0.683540 -1.246511 -5.865390
-0.782349 -0.916870 -4.000000 -0.677132 -1.229660 -5.897669
-0.786865 -0.912598 -4.000000 -0.666689 -1.227761 -5.936593
-0.790894 -0.915649 -4.000000 -0.660281 -1.259802 -5.972668
-0.786011 -0.918945 -4.000000 -0.639157 -1.297065 -6.009456
-0.780518 -0.913208 -4.000000 -0.600471 -1.339074 -6.038174
-0.786377 -0.911621 -4.000000 -0.567481 -1.361859 -6.027256
-0.786011 -0.916382 -4.000000 -0.524759 -1.344295 -6.027731
-0.781372 -0.912720 -4.000000 -0.482275 -1.331004 -6.028206
-0.782349 -0.912231 -4.000000 -0.449760 -1.338837 -6.027019
-0.786621 -0.912720 -4.000000 -0.427213 -1.341922 -6.027731
-0.789063 -0.917480 -4.000000 -0.406327 -1.330292 -6.016101
-0.782227 -0.913330 -4.000000 -0.381168 -1.306321 -6.023459
-0.780273 -0.911133 -4.000000 -0.355061 -1.287571 -6.030817
-0.778564 -0.914063 -4.000000 -0.356960 -1.285672 -6.012541
-0.785645 -0.913574 -4.000000 -0.363368 -1.300387 -6.007557
-0.782349 -0.917236 -4.000000 -0.396358 -1.324359 -6.024408
-0.778320 -0.915771 -4.000000 -0.435757 -1.345719 -6.042921
-0.777466 -0.913940 -4.000000 -0.481563 -1.367792 -6.039835
-0.782471 -0.912231 -4.000000 -0.510044 -1.383456 -6.050516
-0.785034 -0.913452 -4.000000 -0.535440 -1.381320 -6.052177
-0.791138 -0.913818 -4.000000 -0.537338 -1.359960 -6.047193
-0.783691 -0.914429 -4.000000 -0.524997 -1.318425 -6.053127
-0.786377 -0.919189 -4.000000 -0.502687 -1.275704 -6.048380
-0.789551 -0.911987 -4.000000 -0.488209 -1.242002 -6.031291
-0.785767 -0.921753 -4.000000 -0.475867 -1.219217 -6.026782
-0.786987 -0.915283 -4.000000 -0.448336 -1.210436 -6.020136
-0.785889 -0.917603 -4.000000 -0.421516 -1.218980 -6.023459
-0.785645 -0.925049 -4.000000 -0.372624 -1.225625 -6.021798
-0.781128 -0.916260 -4.000000 -0.294065 -1.206638 -5.999250
-0.789673 -0.911743 -4.000000 -0.197467 -1.162967 -5.975042
-0.789307 -0.920410 -4.000000 -0.121518 -1.117398 -5.959852
-0.781006 -0.914551 -4.000000 -0.074762 -1.089155 -5.941102
-0.785889 -0.915771 -4.000000 -0.037737 -1.114550 -5.955342
-0.775635 -0.905762 -4.000000 0.013766 -1.199281 -5.958665
-0.790039 -0.912354 -4.000000 0.086392 -1.314153 -5.966735
-0.787231 -0.918457 -4.000000 0.191296 -1.421194 -5.965548
-0.784180 -0.916626 -4.000000 0.295251 -1.498804 -5.961751
-0.784058 -0.921631 -4.000000 0.393510 -1.552680 -5.953207
-0.780640 -0.913818 -4.000000 0.493193 -1.572379 -5.950358
-0.784912 -0.915771 -4.000000 0.574126 -1.561462 -5.943950
-0.781982 -0.916748 -4.000000 0.609015 -1.550069 -5.947985
-0.779419 -0.913452 -4.000000 0.616610 -1.515418 -5.941576
-0.776489 -0.915527 -4.000000 0.615423 -1.457744 -5.951545
-0.785156 -0.914063 -4.000000 0.575313 -1.363995 -5.948460
-0.786133 -0.911377 -4.000000 0.493193 -1.279264 -5.951070
-0.791504 -0.920288 -4.000000 0.401817 -1.286622 -5.968634
-0.785889 -0.924805 -4.000000 0.378083 -1.409327 -5.984298
-0.787476 -0.915161 -4.000000 0.407988 -1.536304 -5.975991
-0.789307 -0.917114 -4.000000 0.461864 -1.577838 -5.948697
-0.783081 -0.920410 -4.000000 0.519538 -1.553155 -5.910010
-0.785156 -0.916016 -4.000000 0.547781 -1.478393 -5.883191
-0.784180 -0.916992 -4.000000 0.505535 -1.404580 -5.883191
-0.784424 -0.918945 -4.000000 0.428874 -1.340498 -5.920691
-0.789185 -0.917603 -4.000000 0.342482 -1.316764 -5.974329
-0.785400 -0.918701 -4.000000 0.279350 -1.404342 -6.039361
-0.781860 -0.923706 -4.000000 0.297387 -1.576651 -6.089202
-0.783081 -0.915894 -4.000000 0.357909 -1.729499 -6.093949
-0.783813 -0.907227 -4.000000 0.442877 -1.795479 -6.059535
-0.778931 -0.915771 -4.000000 0.493905 -1.776017 -6.014203
-0.787964 -0.915894 -4.000000 0.498415 -1.715496 -5.974567
-0.789185 -0.910034 -4.000000 0.433858 -1.650464 -5.954868
-0.783569 -0.917358 -4.000000 0.361232 -1.386067 -5.970057
-0.784912 -0.919556 -4.000000 0.229508 -1.255530 -6.029867
-0.792480 -0.916870 -4.000000 0.103718 -1.406953 -6.046956
-0.787598 -0.922363 -4.000000 -0.003797 -1.559326 -6.056924
-0.787964 -0.915161 -4.000000 -0.055775 -1.603708 -6.108190
-0.788696 -0.921143 -4.000000 -0.086867 -1.612253 -6.127889
-0.788086 -0.920044 -4.000000 -0.117721 -1.606082 -6.126939
-0.791992 -0.917480 -4.000000 -0.138844 -1.574990 -6.102968
-0.787354 -0.921265 -4.000000 -0.135759 -1.533930 -6.073063
-0.785278 -0.914429 -4.000000 -0.117246 -1.491446 -6.052414
-0.785034 -0.917358 -4.000000 -0.081882 -1.448488 -6.025358
-0.788208 -0.919922 -4.000000 -0.057199 -1.416209 -5.991893
-0.787598 -0.917236 -4.000000 -0.047943 -1.396985 -5.960801
-0.781372 -0.921265 -4.000000 -0.076661 -1.370878 -5.949646
-0.785889 -0.923706 -4.000000 -0.135284 -1.344533 -5.951545
-0.787109 -0.925537 -4.000000 -0.207673 -1.349042 -5.981687
-0.791992 -0.914063 -4.000000 -0.268907 -1.373013 -6.008032
-0.791016 -0.919678 -4.000000 -0.314713 -1.406479 -6.055026
-0.785767 -0.916260 -4.000000 -0.341058 -1.424042 -6.066180
-0.784302 -0.919312 -4.000000 -0.350314 -1.447064 -6.073538
-0.791382 -0.919922 -4.000000 -0.335599 -1.471272 -6.054076
-0.786011 -0.916504 -4.000000 -0.314239 -1.456320 -6.010168
-0.788330 -0.916016 -4.000000 -0.294302 -1.400782 -5.966023
-0.782959 -0.909302 -4.000000 -0.281011 -1.352365 -5.925912
-0.785034 -0.910156 -4.000000 -0.284096 -1.321273 -5.909536
-0.782715 -0.914795 -4.000000 -0.302609 -1.305846 -5.905738
-0.775513 -0.921509 -4.000000 -0.332514 -1.316289 -5.915707
-0.780762 -0.917603 -4.000000 -0.362419 -1.344295 -5.941339
-0.783447 -0.917236 -4.000000 -0.387577 -1.387017 -5.958190
-0.786743 -0.913818 -4.000000 -0.413447 -1.415023 -5.979076
