-0.783936 -0.914185 -4.000000 -0.098496 -1.241052 -5.617370
-0.778931 -0.914063 -4.000000 -0.100870 -1.184565 -5.620218
-0.782471 -0.914795 -4.000000 -0.133623 -1.164154 -5.615708
-0.786011 -0.912964 -4.000000 -0.178480 -1.181955 -5.603841
-0.777344 -0.919434 -4.000000 -0.240188 -1.192160 -5.614047
-0.791260 -0.914063 -4.000000 -0.288843 -1.217318 -5.611911
-0.789551 -0.915894 -4.000000 -0.332514 -1.267872 -5.615234
-0.786987 -0.911987 -4.000000 -0.368115 -1.298489 -5.609300
-0.785278 -0.922363 -4.000000 -0.391611 -1.302286 -5.604554
-0.780884 -0.922729 -4.000000 -0.405852 -1.292793 -5.597671
-0.783813 -0.925659 -4.000000 -0.416770 -1.282587 -5.593399
-0.789673 -0.920776 -4.000000 -0.435994 -1.257192 -5.585566
-0.787598 -0.918457 -4.000000 -0.460678 -1.223964 -5.574411
-0.787964 -0.921387 -4.000000 -0.484886 -1.218980 -5.566342
-0.787109 -0.919678 -4.000000 -0.522149 -1.263125 -5.561120
-0.778442 -0.911377 -4.000000 -0.567006 -1.326020 -5.540472
-0.783081 -0.914185 -4.000000 -0.620645 -1.398172 -5.511279
-0.783203 -0.912964 -4.000000 -0.651262 -1.467000 -5.461437
-0.782837 -0.914429 -4.000000 -0.657907 -1.507823 -5.407324
-0.785889 -0.916626 -4.000000 -0.650787 -1.500228 -5.340631
-0.783325 -0.915039 -4.000000 -0.640344 -1.441368 -5.285806
-0.777588 -0.918701 -4.000000 -0.652923 -1.376574 -5.245220
-0.779663 -0.916382 -4.000000 -0.705138 -1.355213 -5.220300
-0.782959 -0.912842 -4.000000 -0.769695 -1.402918 -5.205822
-0.788208 -0.919800 -4.000000 -0.828792 -1.473171 -5.198701
-0.783691 -0.919434 -4.000000 -0.876735 -1.535592 -5.194192
-0.792725 -0.916138 -4.000000 -0.915659 -1.532269 -5.193717
-0.790649 -0.915405 -4.000000 -0.972146 -1.519690 -5.206534
-0.788818 -0.916016 -4.000000 -1.045959 -1.482902 -5.233353
-0.791748 -0.918457 -4.000000 -1.123569 -1.489073 -5.268242
-0.790649 -0.917603 -4.000000 -1.201416 -1.500228 -5.261122
-0.789795 -0.923706 -4.000000 -1.213046 -1.542949 -5.240948
-0.787109 -0.917114 -4.000000 -1.183379 -1.561699 -5.218875
-0.788208 -0.924561 -4.000000 -1.129502 -1.590180 -5.209857
-0.790527 -0.919312 -4.000000 -1.054503 -1.582822 -5.202024
-0.792969 -0.923584 -4.000000 -1.005848 -1.492870 -5.187309
-0.779541 -0.918823 -4.000000 -1.012256 -1.372302 -5.175205
-0.786255 -0.920166 -4.000000 -1.046196 -1.268821 -5.179477
-0.788208 -0.923340 -4.000000 -1.054978 -1.253869 -5.217452
-0.790894 -0.919922 -4.000000 -1.085357 -1.260752 -5.215553
-0.781616 -0.917236 -4.000000 -1.048095 -1.405529 -5.221012
-0.785645 -0.916870 -4.000000 -0.980453 -1.518978 -5.209145
-0.773438 -0.918213 -4.000000 -0.915659 -1.517079 -5.185885
-0.784302 -0.920044 -4.000000 -0.872938 -1.409327 -5.169509
-0.783447 -0.912598 -4.000000 -0.881482 -1.234882 -5.174968
-0.785522 -0.918213 -4.000000 -0.927526 -1.073727 -5.208195
-0.781982 -0.920288 -4.000000 -0.999677 -1.002525 -5.260410
-0.784180 -0.922363 -4.000000 -1.051892 -1.042161 -5.330900
-0.786621 -0.916382 -4.000000 -1.049281 -1.149202 -5.388574
-0.783936 -0.912720 -4.000000 -0.992557 -1.244612 -5.418953
-0.781616 -0.914429 -4.000000 -0.903317 -1.298726 -5.448146
-0.783569 -0.915527 -4.000000 -0.801261 -1.284960 -5.459064
-0.789795 -0.912476 -4.000000 -0.701578 -1.249122 -5.497276
-0.787720 -0.913940 -4.000000 -0.637496 -1.193822 -5.526706
-0.780884 -0.911133 -4.000000 -0.595012 -1.168189 -5.550677
-0.777222 -0.913452 -4.000000 -0.573414 -1.185515 -5.563494
-0.782593 -0.919556 -4.000000 -0.581246 -1.233695 -5.569190
-0.782349 -0.917725 -4.000000 -0.572939 -1.307508 -5.565867
-0.776733 -0.916016 -4.000000 -0.572465 -1.318425 -5.527181
-0.778320 -0.917114 -4.000000 -0.546120 -1.406479 -5.577971
-0.782471 -0.915405 -4.000000 -0.546120 -1.409564 -5.532402
-0.781982 -0.919922 -4.000000 -0.527607 -1.360197 -5.543082
-0.781128 -0.918335 -4.000000 -0.525471 -1.319849 -5.523858
-0.785522 -0.921753 -4.000000 -0.525946 -1.274280 -5.529316
-0.793213 -0.918701 -4.000000 -0.515266 -1.271432 -5.533351
-0.780396 -0.927612 -4.000000 -0.502212 -1.298963 -5.548067
-0.782959 -0.920898 -4.000000 -0.486548 -1.332428 -5.582955
-0.784790 -0.918335 -4.000000 -0.466136 -1.351653 -5.608588
-0.785278 -0.920532 -4.000000 -0.440504 -1.339549 -5.621642
-0.791382 -0.913696 -4.000000 -0.446912 -1.317001 -5.635408
-0.784180 -0.916504 -4.000000 -0.453795 -1.287334 -5.640629
-0.784058 -0.918579 -4.000000 -0.451659 -1.269771 -5.645851
-0.786133 -0.914063 -4.000000 -0.453320 -1.290894 -5.664600
-0.785278 -0.919556 -4.000000 -0.449048 -1.333378 -5.679790
-0.785645 -0.913940 -4.000000 -0.432909 -1.381558 -5.681689
-0.782593 -0.914551 -4.000000 -0.412260 -1.394374 -5.665075
-0.784790 -0.910522 -4.000000 -0.374048 -1.411937 -5.670297
-0.792236 -0.920898 -4.000000 -0.331327 -1.416209 -5.678604
-0.787231 -0.917236 -4.000000 -0.309492 -1.417159 -5.684062
-0.779541 -0.919312 -4.000000 -0.304033 -1.396748 -5.693081
-0.791504 -0.919922 -4.000000 -0.318985 -1.332428 -5.701151
-0.787109 -0.916016 -4.000000 -0.333938 -1.246037 -5.706610
-0.786011 -0.914429 -4.000000 -0.370963 -1.133537 -5.715866
-0.786987 -0.909424 -4.000000 -0.396833 -1.012731 -5.725597
-0.787476 -0.915161 -4.000000 -0.406327 -0.939156 -5.761198
-0.786621 -0.917114 -4.000000 -0.393748 -0.972146 -5.815786
-0.781982 -0.915039 -4.000000 -0.331327 -1.111702 -5.859457
-0.777954 -0.911865 -4.000000 -0.228084 -1.266448 -5.894821
-0.784668 -0.917847 -4.000000 -0.138132 -1.432349 -5.892684
-0.783203 -0.916016 -4.000000 -0.053402 -1.612253 -5.871562
-0.782837 -0.913086 -4.000000 0.031092 -1.743502 -5.833350
-0.779541 -0.916504 -4.000000 0.106091 -1.835352 -5.796562
-0.786011 -0.913208 -4.000000 0.167325 -1.904181 -5.785644
-0.786987 -0.921509 -4.000000 0.172546 -1.929577 -5.764996
-0.781616 -0.917114 -4.000000 0.060522 -1.875700 -5.724648
-0.789063 -0.919556 -4.000000 -0.017563 -1.693186 -5.696641
-0.782837 -0.917603 -4.000000 0.072389 -1.462965 -5.671721
-0.785645 -0.921753 -4.000000 0.230457 -1.264074 -5.636594
-0.782959 -0.926270 -4.000000 0.371675 -1.128316 -5.644427
-0.784790 -0.913696 -4.000000 0.486310 -1.120246 -5.666025
-0.782593 -0.915894 -4.000000 0.566294 -1.210198 -5.682401
-0.785889 -0.914185 -4.000000 0.595249 -1.342871 -5.688572
-0.788452 -0.914429 -4.000000 0.578398 -1.466526 -5.688097
-0.786255 -0.929932 -4.000000 0.500313 -1.526098 -5.652971
-0.789673 -0.913696 -4.000000 0.460915 -1.459880 -5.630424
-0.788940 -0.918091 -4.000000 0.515266 -1.301574 -5.624490
-0.787109 -0.917480 -4.000000 0.598098 -1.134724 -5.633034
-0.787964 -0.910156 -4.000000 0.619221 -1.082509 -5.646800
-0.783325 -0.915894 -4.000000 0.573414 -1.164629 -5.670059
-0.781372 -0.923096 -4.000000 0.503399 -1.326970 -5.704237
-0.788574 -0.914795 -4.000000 0.425551 -1.457269 -5.722274
-0.782593 -0.920044 -4.000000 0.383067 -1.521351 -5.725122
-0.789917 -0.916870 -4.000000 0.384491 -1.500228 -5.716341
-0.792725 -0.918823 -4.000000 0.409887 -1.429263 -5.694743
-0.787842 -0.914063 -4.000000 0.427213 -1.368979 -5.671009
-0.783936 -0.915283 -4.000000 0.417244 -1.331716 -5.661040
-0.790405 -0.920532 -4.000000 0.385441 -1.312729 -5.667212
-0.781738 -0.914429 -4.000000 0.331090 -1.321985 -5.682164
-0.784180 -0.907593 -4.000000 0.224999 -1.363757 -5.692132
-0.777344 -0.912598 -4.000000 0.120332 -1.369453 -5.704948
-0.780273 -0.911987 -4.000000 0.066218 -1.336700 -5.724648
-0.790527 -0.918091 -4.000000 0.031329 -1.350466 -5.740075
-0.781982 -0.914917 -4.000000 -0.004035 -1.365656 -5.735803
-0.777954 -0.913818 -4.000000 -0.017563 -1.365181 -5.725597
-0.782715 -0.921143 -4.000000 -0.025633 -1.372302 -5.701863
-0.785400 -0.917236 -4.000000 -0.052452 -1.363283 -5.671484
-0.782959 -0.913086 -4.000000 -0.088053 -1.327444 -5.653920
-0.789307 -0.919434 -4.000000 -0.104667 -1.348567 -5.638493
-0.783691 -0.914185 -4.000000 -0.168512 -1.333378 -5.645139
-0.784668 -0.919800 -4.000000 -0.229983 -1.396036 -5.657006
-0.785522 -0.921509 -4.000000 -0.275552 -1.468899 -5.643240
-0.788574 -0.915283 -4.000000 -0.267720 -1.506873 -5.633509
-0.781372 -0.917114 -4.000000 -0.236154 -1.529895 -5.624490
-0.784302 -0.913330 -4.000000 -0.192008 -1.521351 -5.628525
-0.783936 -0.919312 -4.000000 -0.154509 -1.520402 -5.625440
-0.790405 -0.916748 -4.000000 -0.151660 -1.510671 -5.631610
-0.785522 -0.917480 -4.000000 -0.168274 -1.474595 -5.632322
-0.784180 -0.914795 -4.000000 -0.193907 -1.424754 -5.620693
-0.784790 -0.916016 -4.000000 -0.247783 -1.386779 -5.631847
-0.795166 -0.913086 -4.000000 -0.314476 -1.374200 -5.670772
-0.786133 -0.911255 -4.000000 -0.381168 -1.379896 -5.697828
-0.786011 -0.918945 -4.000000 -0.428162 -1.390577 -5.715629
-0.790527 -0.915161 -4.000000 -0.453557 -1.389627 -5.714205
-0.784180 -0.911011 -4.000000 -0.432909 -1.384169 -5.708034
-0.787598 -0.921021 -4.000000 -0.415108 -1.397222 -5.698778
-0.789795 -0.915771 -4.000000 -0.404665 -1.417871 -5.699490
-0.783203 -0.918213 -4.000000 -0.385441 -1.416209 -5.687623
-0.785522 -0.917480 -4.000000 -0.353162 -1.386542 -5.669822
-0.782227 -0.908936 -4.000000 -0.320884 -1.360435 -5.666499
-0.786743 -0.917847 -4.000000 -0.329666 -1.349042 -5.658667
