-0.785034 -0.918823 -4.000000 0.046044 -1.370165 -5.837622
-0.783936 -0.921387 -4.000000 -0.030617 -1.288283 -5.851624
-0.790161 -0.921265 -4.000000 -0.136471 -1.198806 -5.879868
-0.777588 -0.916870 -4.000000 -0.262498 -1.195483 -5.919504
-0.783081 -0.918579 -4.000000 -0.354824 -1.275704 -5.960801
-0.787964 -0.917969 -4.000000 -0.407751 -1.383456 -6.004709
-0.783813 -0.921753 -4.000000 -0.434807 -1.448962 -6.014203
-0.769897 -0.917603 -4.000000 -0.417956 -1.456557 -6.024883
-0.785522 -0.916992 -4.000000 -0.384729 -1.431162 -6.011117
-0.787354 -0.919067 -4.000000 -0.340583 -1.417871 -5.996640
-0.788452 -0.919189 -4.000000 -0.302134 -1.418108 -5.980263
-0.782349 -0.918213 -4.000000 -0.286232 -1.417159 -5.957953
-0.784302 -0.915039 -4.000000 -0.289080 -1.418108 -5.926387
-0.790039 -0.917358 -4.000000 -0.294065 -1.422380 -5.913096
-0.783691 -0.918213 -4.000000 -0.290979 -1.428077 -5.906925
-0.783691 -0.914307 -4.000000 -0.289080 -1.451098 -5.885564
-0.781982 -0.916260 -4.000000 -0.303796 -1.467475 -5.879394
-0.788330 -0.918457 -4.000000 -0.321121 -1.479105 -5.873935
-0.790039 -0.921631 -4.000000 -0.359333 -1.478867 -5.885090
-0.788452 -0.919800 -4.000000 -0.401817 -1.482902 -5.883666
-0.787231 -0.916016 -4.000000 -0.469459 -1.478867 -5.890786
-0.792480 -0.919800 -4.000000 -0.532117 -1.497380 -5.890786
-0.785889 -0.915405 -4.000000 -0.589553 -1.527997 -5.894821
-0.786011 -0.913208 -4.000000 -0.641056 -1.584484 -5.909298
-0.784668 -0.920654 -4.000000 -0.690660 -1.656160 -5.908349
-0.788574 -0.908936 -4.000000 -0.717717 -1.715970 -5.900517
-0.782715 -0.916138 -4.000000 -0.721514 -1.716920 -5.866577
-0.780762 -0.919556 -4.000000 -0.729584 -1.641683 -5.813888
-0.779053 -0.922852 -4.000000 -0.756404 -1.544611 -5.762859
-0.788330 -0.914795 -4.000000 -0.797701 -1.497617 -5.735328
-0.793579 -0.916382 -4.000000 -0.851102 -1.448250 -5.690233
-0.787109 -0.919067 -4.000000 -0.918744 -1.472696 -5.645139
-0.789063 -0.914551 -4.000000 -0.998965 -1.566208 -5.619031
-0.790039 -0.919800 -4.000000 -1.055452 -1.687489 -5.591974
-0.786987 -0.914917 -4.000000 -1.042399 -1.785036 -5.549490
-0.782715 -0.923218 -4.000000 -0.973095 -1.844846 -5.524333
-0.781982 -0.916260 -4.000000 -0.901418 -1.860273 -5.489443
-0.782104 -0.911865 -4.000000 -0.864393 -1.768660 -5.457165
-0.786865 -0.915894 -4.000000 -0.881007 -1.556003 -5.418953
-0.781616 -0.911743 -4.000000 -0.995168 -1.311780 -5.400916
-0.783447 -0.915039 -4.000000 -1.135673 -1.153474 -5.418242
-0.783813 -0.918091 -4.000000 -1.258853 -1.105531 -5.435092
-0.787476 -0.917236 -4.000000 -1.370403 -1.165578 -5.459776
-0.780884 -0.918701 -4.000000 -1.463915 -1.255530 -5.522434
-0.784912 -0.914795 -4.000000 -1.537490 -1.345245 -5.578921
-0.785034 -0.915527 -4.000000 -1.584484 -1.385593 -5.623541
-0.787354 -0.916016 -4.000000 -1.620085 -1.325546 -5.647038
-0.787231 -0.917358 -4.000000 -1.627442 -1.230609 -5.653446
-0.782349 -0.912964 -4.000000 -1.592079 -1.174122 -5.655819
-0.777466 -0.915039 -4.000000 -1.491921 -1.181243 -5.657480
-0.784546 -0.913574 -4.000000 -1.328868 -1.247460 -5.643240
-0.790405 -0.921143 -4.000000 -1.168664 -1.307745 -5.642765
-0.783325 -0.917114 -4.000000 -1.045959 -1.324834 -5.628525
-0.789063 -0.924194 -4.000000 -0.956007 -1.287808 -5.644664
-0.787231 -0.914917 -4.000000 -0.902368 -1.225151 -5.656056
-0.780396 -0.917480 -4.000000 -0.895248 -1.159645 -5.681689
-0.785645 -0.916138 -4.000000 -0.904979 -1.124993 -5.719901
-0.779297 -0.913208 -4.000000 -0.921830 -1.149439 -5.765945
-0.785400 -0.917236 -4.000000 -0.910675 -1.229897 -5.792764
-0.784790 -0.916382 -4.000000 -0.887415 -1.305134 -5.815786
-0.789307 -0.914063 -4.000000 -0.872226 -1.330530 -5.836435
-0.787964 -0.918091 -4.000000 -0.845643 -1.306796 -5.862780
-0.789673 -0.911133 -4.000000 -0.787970 -1.196432 -5.881530
-0.784424 -0.919678 -4.000000 -0.704426 -1.034566 -5.895533
-0.789307 -0.916016 -4.000000 -0.598098 -0.921592 -5.886751
-0.785034 -0.919189 -4.000000 -0.490345 -0.914472 -5.890074
-0.784302 -0.918579 -4.000000 -0.426026 -0.994693 -5.877969
-0.775757 -0.915039 -4.000000 -0.392323 -1.125230 -5.881530
-0.790039 -0.908203 -4.000000 -0.368589 -1.266210 -5.902653
-0.788208 -0.913452 -4.000000 -0.351976 -1.395561 -5.911435
-0.791504 -0.918335 -4.000000 -0.346042 -1.481953 -5.909773
-0.788086 -0.918945 -4.000000 -0.345805 -1.521589 -5.897431
-0.785522 -0.922241 -4.000000 -0.379507 -1.494294 -5.910248
-0.787842 -0.919067 -4.000000 -0.429586 -1.434010 -5.898855
-0.793823 -0.922852 -4.000000 -0.464238 -1.374912 -5.928048
-0.787598 -0.918213 -4.000000 -0.516452 -1.334327 -5.925437
-0.783081 -0.916138 -4.000000 -0.537576 -1.345957 -5.955580
-0.784424 -0.923462 -4.000000 -0.553952 -1.381083 -5.974804
-0.777954 -0.917236 -4.000000 -0.571515 -1.412887 -5.977178
-0.783569 -0.910889 -4.000000 -0.588129 -1.420244 -5.968159
-0.783447 -0.910034 -4.000000 -0.610202 -1.428551 -5.978602
-0.790894 -0.919189 -4.000000 -0.609727 -1.447776 -5.992130
-0.780762 -0.918945 -4.000000 -0.595487 -1.497617 -6.007082
-0.784790 -0.920776 -4.000000 -0.573889 -1.452997 -5.999962
-0.790039 -0.916748 -4.000000 -0.525471 -1.422855 -5.985010
-0.787964 -0.912842 -4.000000 -0.466611 -1.417634 -5.978127
-0.783325 -0.918945 -4.000000 -0.399444 -1.418820 -5.990469
-0.786255 -0.919312 -4.000000 -0.337023 -1.397460 -6.018000
-0.785034 -0.921265 -4.000000 -0.299049 -1.367317 -6.001624
-0.793945 -0.920288 -4.000000 -0.268195 -1.369216 -5.994503
-0.784546 -0.921631 -4.000000 -0.235679 -1.384881 -5.983586
-0.785767 -0.918335 -4.000000 -0.206723 -1.389390 -5.966735
-0.787109 -0.924072 -4.000000 -0.156645 -1.355925 -5.949409
-0.778564 -0.918579 -4.000000 -0.089715 -1.289232 -5.915944
-0.790283 -0.919678 -4.000000 -0.027057 -1.194771 -5.891973
-0.787476 -0.916016 -4.000000 0.012104 -1.069930 -5.866815
-0.790283 -0.917114 -4.000000 0.004747 -0.998016 -5.879156
-0.788818 -0.917725 -4.000000 -0.057199 -0.985674 -5.914045
-0.786743 -0.920166 -4.000000 -0.129350 -1.006560 -5.965074
-0.787231 -0.912476 -4.000000 -0.185363 -1.052130 -6.018950
-0.791626 -0.915405 -4.000000 -0.227847 -1.114550 -6.040073
-0.787842 -0.912720 -4.000000 -0.226897 -1.195246 -6.063095
-0.788330 -0.919800 -4.000000 -0.181328 -1.285198 -6.093237
-0.785278 -0.921509 -4.000000 -0.091851 -1.375862 -6.101069
-0.784180 -0.914063 -4.000000 0.011155 -1.455845 -6.096797
-0.788330 -0.917114 -4.000000 0.102056 -1.492396 -6.089914
-0.785278 -0.914063 -4.000000 0.159255 -1.497617 -6.080184
-0.783325 -0.918335 -4.000000 0.200315 -1.512570 -6.063807
-0.781372 -0.916504 -4.000000 0.245173 -1.561936 -6.051702
-0.787598 -0.917603 -4.000000 0.291691 -1.631002 -6.046006
-0.791504 -0.921143 -4.000000 0.338447 -1.682031 -6.031054
-0.783691 -0.916626 -4.000000 0.382355 -1.709087 -6.039598
-0.792725 -0.916504 -4.000000 0.418431 -1.702442 -6.041734
-0.782959 -0.917847 -4.000000 0.449285 -1.646430 -6.054551
-0.782227 -0.912109 -4.000000 0.460915 -1.570006 -6.083269
-0.791748 -0.913574 -4.000000 0.464712 -1.532032 -6.114123
-0.783813 -0.912354 -4.000000 0.456168 -1.520877 -6.150673
-0.777222 -0.915771 -4.000000 0.460203 -1.495244 -6.216891
-0.781860 -0.927612 -4.000000 0.483700 -1.469136 -6.278125
-0.788696 -0.922363 -4.000000 0.541373 -1.524437 -6.257002
-0.780640 -0.916138 -4.000000 0.626104 -1.725464 -6.168711
-0.792725 -0.911011 -4.000000 0.719616 -1.838675 -6.147351
-0.786499 -0.921265 -4.000000 0.811704 -1.855526 -6.140943
-0.783447 -0.916504 -4.000000 0.869852 -1.865257 -6.124566
-0.787598 -0.912109 -4.000000 0.906165 -1.837014 -6.104630
-0.784180 -0.920776 -4.000000 0.914709 -1.736144 -6.105104
-0.781860 -0.919922 -4.000000 0.892637 -1.660195 -6.097746
-0.787354 -0.917480 -4.000000 0.838998 -1.588281 -6.095136
-0.783203 -0.917480 -4.000000 0.761388 -1.517791 -6.102019
-0.789551 -0.921387 -4.000000 0.689236 -1.486937 -6.084455
-0.791992 -0.924438 -4.000000 0.619458 -1.493820 -6.074487
-0.785767 -0.918579 -4.000000 0.573889 -1.516130 -6.052177
-0.788086 -0.913330 -4.000000 0.537101 -1.530133 -6.035563
-0.793945 -0.915649 -4.000000 0.499364 -1.490260 -6.017288
-0.789307 -0.914307 -4.000000 0.441690 -1.420244 -5.994741
-0.785400 -0.918579 -4.000000 0.342245 -1.334090 -5.986434
-0.782227 -0.918213 -4.000000 0.225711 -1.241290 -5.957953
-0.784790 -0.916138 -4.000000 0.092325 -1.098173 -5.934694
-0.791992 -0.912842 -4.000000 -0.019225 -1.028633 -5.973618
-0.785889 -0.915283 -4.000000 -0.073338 -0.948886 -6.023696
-0.778564 -0.920288 -4.000000 -0.148100 -0.946988 -6.055500
-0.788574 -0.913208 -4.000000 -0.210521 -1.147303 -6.061433
-0.782104 -0.913818 -4.000000 -0.262261 -1.288283 -6.038649
-0.776611 -0.915771 -4.000000 -0.318511 -1.315340 -6.039598
-0.780151 -0.916138 -4.000000 -0.363368 -1.292555 -6.043870
-0.786255 -0.918701 -4.000000 -0.379270 -1.281400 -6.047905
-0.784180 -0.921753 -4.000000 -0.409412 -1.293742 -6.052889
-0.789429 -0.916016 -4.000000 -0.433621 -1.295403 -6.012541
-0.785889 -0.916870 -4.000000 -0.450709 -1.329580 -5.997826
-0.786377 -0.917725 -4.000000 -0.463763 -1.290894 -6.031054
