-0.789307 -0.916870 -4.000000 -0.057436 -1.128790 -5.796562
-0.787109 -0.912720 -4.000000 -0.083306 -1.184328 -5.822669
-0.782959 -0.921753 -4.000000 -0.164239 -1.305846 -5.829790
-0.785400 -0.922485 -4.000000 -0.274365 -1.387491 -5.857083
-0.784668 -0.918823 -4.000000 -0.307118 -1.419295 -5.836672
-0.787354 -0.916016 -4.000000 -0.327530 -1.467950 -5.815311
-0.789429 -0.918701 -4.000000 -0.295726 -1.535829 -5.764521
-0.781006 -0.922119 -4.000000 -0.287894 -1.556952 -5.720850
-0.777344 -0.919922 -4.000000 -0.306406 -1.538440 -5.676230
-0.793091 -0.913208 -4.000000 -0.284808 -1.520164 -5.629000
-0.785645 -0.913452 -4.000000 -0.233068 -1.467950 -5.592687
-0.785889 -0.921875 -4.000000 -0.234018 -1.421906 -5.567766
-0.790039 -0.922607 -4.000000 -0.267720 -1.417159 -5.552576
-0.785156 -0.924683 -4.000000 -0.316849 -1.421668 -5.533589
-0.785278 -0.917114 -4.000000 -0.374286 -1.417871 -5.511516
-0.781372 -0.917969 -4.000000 -0.442402 -1.390577 -5.462624
-0.780518 -0.915649 -4.000000 -0.499127 -1.349754 -5.408510
-0.782593 -0.911865 -4.000000 -0.559648 -1.346906 -5.371485
-0.780762 -0.916382 -4.000000 -0.616135 -1.384169 -5.349175
-0.786011 -0.921631 -4.000000 -0.623968 -1.444453 -5.306454
-0.781128 -0.919922 -4.000000 -0.623730 -1.498092 -5.271091
-0.786377 -0.916260 -4.000000 -0.603556 -1.515892 -5.220062
-0.789673 -0.909546 -4.000000 -0.616610 -1.535829 -5.175442
-0.784302 -0.918945 -4.000000 -0.651262 -1.602996 -5.132958
-0.787842 -0.914917 -4.000000 -0.711071 -1.696034 -5.113022
-0.778809 -0.921509 -4.000000 -0.811941 -1.781239 -5.112310
-0.785034 -0.918335 -4.000000 -0.901893 -1.808533 -5.100917
-0.784180 -0.914063 -4.000000 -0.969772 -1.776255 -5.094272
-0.784180 -0.912109 -4.000000 -0.998728 -1.686540 -5.063655
-0.784302 -0.918091 -4.000000 -0.949124 -1.492633 -5.046804
-0.779907 -0.919800 -4.000000 -0.912573 -1.279501 -5.033276
-0.780640 -0.918335 -4.000000 -0.899045 -1.162493 -5.057009
-0.779297 -0.919556 -4.000000 -0.907827 -1.119534 -5.085965
-0.784546 -0.917358 -4.000000 -0.962178 -1.080848 -5.112310
-0.788940 -0.920288 -4.000000 -1.032905 -1.061860 -5.152183
-0.781128 -0.917358 -4.000000 -1.165341 -0.997304 -5.197752
-0.790894 -0.921387 -4.000000 -1.302523 -0.890263 -5.248306
-0.784546 -0.920532 -4.000000 -1.411463 -0.759489 -5.321406
-0.788940 -0.913330 -4.000000 -1.490260 -0.682591 -5.389523
-0.785889 -0.916260 -4.000000 -1.507348 -0.698018 -5.401628
-0.787598 -0.910767 -4.000000 -1.458219 -0.786546 -5.385014
-0.786011 -0.916138 -4.000000 -1.368741 -0.924915 -5.378605
-0.783447 -0.920166 -4.000000 -1.262176 -1.059724 -5.370773
-0.786377 -0.917969 -4.000000 -1.122620 -1.131639 -5.339207
-0.778076 -0.912476 -4.000000 -0.990896 -1.114550 -5.331375
-0.783325 -0.917236 -4.000000 -0.885042 -1.087256 -5.340394
-0.783325 -0.914673 -4.000000 -0.789394 -1.085120 -5.369349
-0.786743 -0.921875 -4.000000 -0.712496 -1.110515 -5.414444
-0.783691 -0.914307 -4.000000 -0.663841 -1.144455 -5.444823
-0.782227 -0.921021 -4.000000 -0.625392 -1.164629 -5.473067
-0.785522 -0.920288 -4.000000 -0.599522 -1.139945 -5.464997
-0.786743 -0.917725 -4.000000 -0.576974 -1.143505 -5.565867
-0.786377 -0.916992 -4.000000 -0.578636 -1.179344 -5.570614
-0.786621 -0.920288 -4.000000 -0.595012 -1.187888 -5.603841
-0.786255 -0.912842 -4.000000 -0.604980 -1.207113 -5.609538
-0.786011 -0.913086 -4.000000 -0.605930 -1.224913 -5.644664
-0.783325 -0.914673 -4.000000 -0.602132 -1.260752 -5.667923
-0.778687 -0.921021 -4.000000 -0.583620 -1.317239 -5.666974
-0.782471 -0.914673 -4.000000 -0.543272 -1.356162 -5.684537
-0.786011 -0.919678 -4.000000 -0.495329 -1.385830 -5.713018
-0.781494 -0.917969 -4.000000 -0.452608 -1.416921 -5.717290
-0.786987 -0.912109 -4.000000 -0.416770 -1.419532 -5.722037
-0.794312 -0.913208 -4.000000 -0.405852 -1.421668 -5.735565
-0.784058 -0.916870 -4.000000 -0.424364 -1.459880 -5.724648
-0.785034 -0.911499 -4.000000 -0.440029 -1.477206 -5.697353
-0.779541 -0.920532 -4.000000 -0.449997 -1.477443 -5.680027
-0.777588 -0.917114 -4.000000 -0.461864 -1.474595 -5.657480
-0.779297 -0.915527 -4.000000 -0.457829 -1.469374 -5.636120
-0.786377 -0.904175 -4.000000 -0.464950 -1.458931 -5.624015
-0.781982 -0.916870 -4.000000 -0.472070 -1.469848 -5.620455
-0.784424 -0.918213 -4.000000 -0.469934 -1.495006 -5.618556
-0.790039 -0.914185 -4.000000 -0.444064 -1.528471 -5.631373
-0.785034 -0.924316 -4.000000 -0.403241 -1.529895 -5.628287
-0.790283 -0.919434 -4.000000 -0.380219 -1.480766 -5.634221
-0.787231 -0.912964 -4.000000 -0.358384 -1.396036 -5.624727
-0.787720 -0.915649 -4.000000 -0.342482 -1.302286 -5.626626
-0.785645 -0.915405 -4.000000 -0.324444 -1.223964 -5.631135
-0.784790 -0.921509 -4.000000 -0.301422 -1.150863 -5.653920
-0.783569 -0.912964 -4.000000 -0.373336 -1.141369 -5.700439
-0.785400 -0.915649 -4.000000 -0.508146 -1.277840 -5.761673
-0.782349 -0.915283 -4.000000 -0.694458 -1.505449 -5.837147
-0.784546 -0.912354 -4.000000 -0.861545 -1.777679 -5.909298
-0.786377 -0.914307 -4.000000 -0.942716 -2.033294 -5.967209
-0.784180 -0.918945 -4.000000 -0.954345 -2.239305 -6.005184
-0.780884 -0.916870 -4.000000 -0.918744 -2.361299 -6.018000
-0.784790 -0.921753 -4.000000 -0.841134 -2.357026 -5.993554
-0.785889 -0.918091 -4.000000 -0.692796 -2.280840 -5.956054
-0.791382 -0.909790 -4.000000 -0.548493 -2.129654 -5.911909
-0.784790 -0.914673 -4.000000 -0.430773 -1.907504 -5.825043
-0.778442 -0.917114 -4.000000 -0.316849 -1.649752 -5.809616
-0.785889 -0.916382 -4.000000 -0.115822 -1.328394 -5.826229
-0.780762 -0.916504 -4.000000 0.058860 -0.995642 -5.805106
-0.781616 -0.924561 -4.000000 0.242087 -0.759726 -5.787068
-0.786743 -0.918213 -4.000000 0.322071 -0.659806 -5.777100
-0.784546 -0.921631 -4.000000 0.273653 -0.717480 -5.789679
-0.782349 -0.917603 -4.000000 0.212894 -0.897858 -5.794663
-0.790771 -0.918335 -4.000000 0.147626 -1.112889 -5.792764
-0.780518 -0.919189 -4.000000 0.074525 -1.258853 -5.789204
-0.783691 -0.920532 -4.000000 0.011155 -1.294454 -5.766894
-0.779175 -0.918945 -4.000000 -0.089477 -1.165578 -5.685486
-0.785034 -0.921509 -4.000000 -0.075237 -0.920643 -5.616895
-0.784668 -0.924438 -4.000000 0.084256 -0.794141 -5.535962
-0.789551 -0.921021 -4.000000 0.226897 -0.782274 -5.465235
-0.780640 -0.920288 -4.000000 0.327055 -0.905928 -5.467845
-0.777832 -0.922974 -4.000000 0.493193 -1.066607 -5.483510
-0.784546 -0.913452 -4.000000 0.665265 -1.186939 -5.515314
-0.789307 -0.926514 -4.000000 0.727923 -1.208537 -5.525994
-0.786133 -0.921509 -4.000000 0.711546 -1.109329 -5.521959
-0.786377 -0.921265 -4.000000 0.643667 -0.969060 -5.539285
-0.781250 -0.914551 -4.000000 0.540899 -0.954345 -5.567291
-0.786987 -0.922241 -4.000000 0.407039 -1.085832 -5.623778
-0.786987 -0.908569 -4.000000 0.257040 -1.310356 -5.673145
-0.784668 -0.922241 -4.000000 0.181328 -1.500228 -5.714442
-0.785645 -0.913696 -4.000000 0.205062 -1.587806 -5.722749
-0.780151 -0.914673 -4.000000 0.298337 -1.572142 -5.708034
-0.786377 -0.923828 -4.000000 0.366691 -1.520402 -5.656056
-0.784424 -0.907837 -4.000000 0.373574 -1.462253 -5.618082
-0.778564 -0.916992 -4.000000 0.352925 -1.400308 -5.592212
-0.785156 -0.920776 -4.000000 0.312577 -1.375862 -5.582955
-0.787109 -0.922485 -4.000000 0.274365 -1.379184 -5.600756
-0.791626 -0.918701 -4.000000 0.244935 -1.415735 -5.612860
-0.789307 -0.918823 -4.000000 0.203638 -1.453709 -5.635408
-0.780884 -0.915283 -4.000000 0.191771 -1.464152 -5.657718
-0.793579 -0.921997 -4.000000 0.187736 -1.453472 -5.673145
-0.792847 -0.917358 -4.000000 0.155933 -1.450149 -5.686199
-0.784668 -0.916260 -4.000000 0.080933 -1.469611 -5.713018
-0.787109 -0.918457 -4.000000 -0.008307 -1.479342 -5.729869
-0.777344 -0.913208 -4.000000 -0.118433 -1.478630 -5.748857
-0.783569 -0.923462 -4.000000 -0.208622 -1.488361 -5.769030
-0.784668 -0.921997 -4.000000 -0.259650 -1.489785 -5.779236
-0.789795 -0.918701 -4.000000 -0.287894 -1.493345 -5.775438
-0.782349 -0.918091 -4.000000 -0.299998 -1.495006 -5.769742
-0.786499 -0.916138 -4.000000 -0.290505 -1.481478 -5.769030
-0.781250 -0.919434 -4.000000 -0.282910 -1.467950 -5.768081
-0.785400 -0.922119 -4.000000 -0.262498 -1.445165 -5.751942
-0.785767 -0.924194 -4.000000 -0.245647 -1.424042 -5.741736
-0.777100 -0.921265 -4.000000 -0.226897 -1.416921 -5.730581
-0.788574 -0.917480 -4.000000 -0.227609 -1.406241 -5.722986
-0.782471 -0.919189 -4.000000 -0.235679 -1.385355 -5.720613
-0.778564 -0.923218 -4.000000 -0.264397 -1.359722 -5.727733
-0.785156 -0.916626 -4.000000 -0.290979 -1.346431 -5.747432
-0.783081 -0.918823 -4.000000 -0.314713 -1.338362 -5.777337
-0.783203 -0.915527 -4.000000 -0.363843 -1.364944 -5.794188
-0.783936 -0.917114 -4.000000 -0.399444 -1.389865 -5.796799
-0.787720 -0.921021 -4.000000 -0.413921 -1.404105 -5.794663
-0.779053 -0.910156 -4.000000 -0.409175 -1.415972 -5.806530
-0.788452 -0.921997 -4.000000 -0.378795 -1.414785 -5.807717
-0.792358 -0.924927 -4.000000 -0.340821 -1.396748 -5.791103
-0.789063 -0.925659 -4.000000 -0.302372 -1.380846 -5.789679
-0.791870 -0.923096 -4.000000 -0.278163 -1.379422 -5.782796
