-0.785522 -0.915405 -4.000000 -0.369064 -1.321748 -6.058111
-0.784424 -0.918945 -4.000000 -0.401817 -1.402206 -6.036987
-0.786499 -0.915283 -4.000000 -0.401342 -1.495006 -6.041734
-0.781006 -0.917236 -4.000000 -0.399918 -1.546272 -6.034140
-0.782837 -0.914429 -4.000000 -0.390662 -1.575465 -6.053127
-0.776489 -0.916992 -4.000000 -0.369301 -1.587094 -6.048617
-0.784668 -0.915894 -4.000000 -0.350077 -1.565971 -6.040547
-0.786743 -0.915771 -4.000000 -0.333463 -1.515892 -6.019187
-0.779175 -0.911743 -4.000000 -0.342957 -1.464390 -5.988095
-0.782593 -0.916016 -4.000000 -0.347941 -1.419532 -5.985485
-0.784180 -0.919556 -4.000000 -0.368115 -1.394611 -5.983586
-0.780884 -0.916382 -4.000000 -0.373574 -1.415972 -5.995690
-0.783447 -0.923706 -4.000000 -0.367403 -1.480529 -5.991418
-0.786499 -0.920776 -4.000000 -0.357434 -1.534880 -5.999725
-0.777588 -0.917236 -4.000000 -0.370726 -1.545560 -6.007082
-0.786987 -0.918091 -4.000000 -0.421042 -1.535592 -6.001861
-0.778442 -0.915283 -4.000000 -0.510044 -1.532744 -5.988570
-0.775513 -0.918945 -4.000000 -0.595487 -1.542949 -5.983348
-0.779541 -0.908813 -4.000000 -0.661230 -1.569057 -5.966972
-0.780273 -0.913086 -4.000000 -0.721514 -1.635749 -5.936118
-0.787354 -0.914673 -4.000000 -0.740264 -1.777679 -5.892210
-0.780029 -0.921631 -4.000000 -0.697543 -1.951174 -5.830502
-0.789795 -0.917236 -4.000000 -0.633224 -2.025699 -5.777812
-0.790527 -0.912109 -4.000000 -0.590028 -1.908453 -5.719189
-0.784912 -0.910278 -4.000000 -0.601658 -1.694135 -5.670534
-0.787354 -0.913818 -4.000000 -0.649838 -1.563835 -5.645613
-0.788696 -0.916626 -4.000000 -0.740027 -1.530133 -5.614996
-0.787964 -0.915771 -4.000000 -0.858934 -1.550544 -5.570851
-0.781860 -0.914917 -4.000000 -0.974519 -1.541762 -5.512703
-0.783447 -0.911499 -4.000000 -1.053554 -1.476257 -5.420852
-0.788086 -0.916748 -4.000000 -1.117635 -1.429263 -5.323780
-0.786377 -0.921387 -4.000000 -1.180293 -1.377998 -5.259223
-0.788086 -0.919800 -4.000000 -1.256717 -1.307033 -5.204873
-0.779541 -0.922363 -4.000000 -1.387017 -1.302998 -5.176392
-0.782104 -0.912231 -4.000000 -1.502839 -1.367792 -5.153369
-0.786011 -0.912109 -4.000000 -1.607743 -1.368979 -5.138655
-0.784424 -0.914063 -4.000000 -1.658059 -1.374912 -5.121803
-0.786133 -0.916138 -4.000000 -1.575465 -1.383456 -5.056060
-0.779907 -0.921387 -4.000000 -1.427839 -1.343821 -5.011203
-0.786011 -0.914185 -4.000000 -1.267160 -1.227287 -5.007880
-0.781006 -0.915039 -4.000000 -1.187176 -0.986386 -5.034462
-0.775391 -0.915527 -4.000000 -1.231559 -0.696831 -5.091424
-0.778931 -0.921021 -4.000000 -1.393425 -0.451659 -5.194667
-0.778931 -0.915405 -4.000000 -1.629816 -0.299523 -5.329713
-0.783936 -0.910767 -4.000000 -1.842947 -0.302134 -5.461437
-0.776001 -0.920288 -4.000000 -1.952361 -0.431247 -5.563256
-0.785278 -0.916138 -4.000000 -1.882346 -0.679031 -5.622354
-0.780029 -0.922852 -4.000000 -1.677758 -0.913048 -5.652496
-0.786011 -0.915161 -4.000000 -1.428314 -1.019139 -5.677654
-0.784912 -0.919922 -4.000000 -1.228948 -0.965263 -5.699252
-0.784546 -0.919312 -4.000000 -1.140657 -0.820723 -5.723461
-0.781616 -0.910645 -4.000000 -1.134249 -0.735755 -5.783271
-0.780640 -0.918457 -4.000000 -1.166765 -0.812890 -5.831213
-0.781738 -0.919678 -4.000000 -1.175072 -1.020801 -5.864678
-0.783203 -0.914063 -4.000000 -1.134487 -1.239391 -5.898381
-0.787598 -0.917480 -4.000000 -1.048569 -1.415497 -5.917843
-0.784790 -0.917847 -4.000000 -0.952447 -1.509959 -5.924251
-0.785767 -0.922852 -4.000000 -0.840659 -1.478155 -5.912621
-0.788696 -0.913696 -4.000000 -0.718429 -1.396273 -5.914995
-0.789551 -0.913208 -4.000000 -0.644616 -1.332903 -5.927336
-0.789307 -0.916382 -4.000000 -0.609015 -1.318900 -5.946561
-0.785889 -0.915649 -4.000000 -0.613525 -1.372064 -5.963412
-0.785156 -0.917847 -4.000000 -0.628477 -1.468662 -5.970769
-0.786987 -0.918579 -4.000000 -0.631088 -1.573566 -5.970295
-0.781250 -0.916992 -4.000000 -0.622781 -1.642157 -5.979788
-0.785156 -0.916138 -4.000000 -0.580534 -1.649515 -5.991893
-0.788330 -0.924683 -4.000000 -0.523810 -1.612015 -5.997826
-0.784790 -0.917969 -4.000000 -0.470171 -1.539864 -5.999962
-0.781372 -0.917236 -4.000000 -0.446674 -1.468187 -5.996640
-0.786621 -0.920898 -4.000000 -0.452371 -1.458456 -5.997114
-0.781982 -0.918579 -4.000000 -0.463288 -1.489548 -5.996640
-0.791626 -0.923096 -4.000000 -0.469459 -1.523250 -6.000437
-0.786011 -0.921143 -4.000000 -0.464950 -1.532032 -5.980263
-0.782959 -0.914185 -4.000000 -0.469459 -1.516842 -5.997826
-0.778320 -0.922119 -4.000000 -0.468747 -1.522538 -6.025120
-0.789673 -0.927124 -4.000000 -0.463288 -1.476019 -6.001861
-0.789307 -0.917114 -4.000000 -0.423178 -1.389865 -6.004709
-0.787109 -0.914917 -4.000000 -0.385915 -1.352128 -6.009456
-0.783569 -0.914795 -4.000000 -0.358384 -1.415497 -6.045057
-0.793823 -0.911621 -4.000000 -0.374048 -1.493345 -6.071402
-0.784302 -0.915405 -4.000000 -0.430535 -1.537016 -6.080421
-0.786011 -0.920288 -4.000000 -0.501263 -1.533693 -6.089677
-0.782959 -0.919922 -4.000000 -0.530693 -1.511146 -6.106291
-0.784790 -0.914307 -4.000000 -0.532592 -1.465576 -6.135484
-0.785889 -0.917725 -4.000000 -0.515740 -1.433773 -6.167525
-0.783936 -0.917480 -4.000000 -0.487022 -1.418346 -6.188648
-0.779907 -0.915039 -4.000000 -0.447149 -1.418583 -6.178205
-0.791016 -0.915283 -4.000000 -0.417482 -1.398409 -6.185800
-0.783325 -0.921021 -4.000000 -0.399681 -1.355213 -6.181053
-0.786499 -0.916016 -4.000000 -0.389713 -1.308694 -6.180578
-0.788086 -0.917114 -4.000000 -0.381881 -1.288283 -6.197430
-0.780396 -0.916382 -4.000000 -0.348178 -1.278315 -6.207160
-0.786011 -0.916016 -4.000000 -0.277688 -1.277603 -6.220689
-0.783447 -0.917114 -4.000000 -0.178005 -1.279027 -6.212382
-0.783813 -0.922241 -4.000000 -0.045095 -1.246986 -6.205262
-0.783813 -0.917603 -4.000000 0.103480 -1.203790 -6.210958
-0.787842 -0.923828 -4.000000 0.248970 -1.194059 -6.206686
-0.789551 -0.921875 -4.000000 0.359808 -1.196670 -6.224011
-0.780273 -0.919556 -4.000000 0.421279 -1.183141 -6.239202
-0.788208 -0.913452 -4.000000 0.515978 -1.231084 -6.280499
-0.782715 -0.911133 -4.000000 0.503873 -1.290894 -6.300198
-0.787964 -0.917725 -4.000000 0.470408 -1.225151 -6.271717
-0.787476 -0.914673 -4.000000 0.485836 -1.195008 -6.284059
-0.785156 -0.915649 -4.000000 0.552766 -1.256005 -6.295214
-0.785767 -0.920044 -4.000000 0.665265 -1.347143 -6.305894
-0.787720 -0.916992 -4.000000 0.759014 -1.428314 -6.286432
-0.787720 -0.917603 -4.000000 0.819536 -1.478867 -6.264597
-0.778198 -0.913208 -4.000000 0.809805 -1.483377 -6.249644
-0.786743 -0.919800 -4.000000 0.740027 -1.456083 -6.225436
-0.782715 -0.914063 -4.000000 0.661705 -1.414311 -6.207872
-0.780884 -0.926025 -4.000000 0.590977 -1.346906 -6.174407
-0.780273 -0.916382 -4.000000 0.589079 -1.263362 -6.160879
-0.781738 -0.913086 -4.000000 0.619458 -1.260752 -6.140705
-0.783325 -0.916260 -4.000000 0.597623 -1.380846 -6.126227
-0.780396 -0.910400 -4.000000 0.590977 -1.560275 -6.111038
-0.785034 -0.917236 -4.000000 0.667401 -1.764625 -6.077573
-0.791382 -0.914551 -4.000000 0.807669 -1.877599 -6.018475
-0.783936 -0.917236 -4.000000 0.895485 -1.862884 -5.953681
-0.781006 -0.920654 -4.000000 0.878396 -1.744926 -5.896957
-0.787964 -0.922974 -4.000000 0.815501 -1.574990 -5.880580
-0.784302 -0.910278 -4.000000 0.686388 -1.441368 -5.883903
-0.783691 -0.912354 -4.000000 0.533541 -1.418820 -5.920454
-0.785278 -0.907471 -4.000000 0.390187 -1.462965 -5.953918
-0.784424 -0.913940 -4.000000 0.245173 -1.597775 -6.018712
-0.782715 -0.916260 -4.000000 0.133148 -1.743264 -6.063570
-0.785034 -0.919556 -4.000000 -0.034652 -1.743976 -6.060721
-0.788330 -0.915039 -4.000000 -0.139319 -1.634800 -6.049329
-0.783691 -0.914185 -4.000000 -0.128876 -1.446352 -6.086592
-0.783569 -0.913696 -4.000000 -0.187973 -1.312017 -6.090864
-0.783813 -0.921997 -4.000000 -0.207910 -1.348567 -6.046006
-0.787476 -0.909424 -4.000000 -0.217166 -1.349754 -6.025595
-0.784546 -0.910156 -4.000000 -0.249919 -1.298726 -6.010643
-0.784546 -0.918701 -4.000000 -0.281248 -1.213046 -5.999250
-0.788208 -0.913452 -4.000000 -0.281011 -1.144692 -6.012541
-0.783569 -0.914795 -4.000000 -0.258226 -1.136385 -6.016576
-0.785522 -0.917236 -4.000000 -0.241612 -1.181005 -6.045769
-0.781372 -0.914185 -4.000000 -0.239476 -1.267872 -6.049092
-0.785156 -0.912842 -4.000000 -0.266296 -1.410039 -6.054551
-0.787720 -0.913330 -4.000000 -0.314476 -1.487886 -6.056449
-0.790161 -0.915649 -4.000000 -0.355536 -1.469848 -6.040310
-0.787720 -0.913940 -4.000000 -0.408463 -1.435671 -6.028918
-0.778931 -0.917480 -4.000000 -0.422940 -1.395561 -6.020136
-0.786743 -0.914551 -4.000000 -0.418668 -1.352128 -6.005421
-0.787109 -0.919556 -4.000000 -0.401342 -1.344533 -6.006608
-0.790649 -0.918701 -4.000000 -0.403716 -1.355925 -5.992842
-0.785889 -0.912109 -4.000000 -0.394934 -1.360197 -6.006845
-0.786499 -0.912354 -4.000000 -0.405852 -1.356874 -6.012067
-0.790161 -0.917969 -4.000000 -0.430061 -1.350704 -6.013728
-0.785034 -0.915649 -4.000000 -0.446674 -1.332191 -6.023222
-0.789551 -0.914185 -4.000000 -0.448810 -1.314153 -6.028443
