-0.787109 -0.907715 -4.000000 -0.321359 -1.374912 -5.992368
-0.784180 -0.923584 -4.000000 -0.342719 -1.364469 -5.951070
-0.784180 -0.915771 -4.000000 -0.345805 -1.306796 -5.929710
-0.788696 -0.913696 -4.000000 -0.379982 -1.284960 -5.932321
-0.781250 -0.911011 -4.000000 -0.392086 -1.322460 -5.932083
-0.788330 -0.917603 -4.000000 -0.393510 -1.392475 -5.920216
-0.784790 -0.916260 -4.000000 -0.406327 -1.458219 -5.921165
-0.791870 -0.918213 -4.000000 -0.418906 -1.495956 -5.919504
-0.787842 -0.920654 -4.000000 -0.433621 -1.499279 -5.913333
-0.783691 -0.919556 -4.000000 -0.443114 -1.486937 -5.913096
-0.795654 -0.916260 -4.000000 -0.454269 -1.486700 -5.925200
-0.784180 -0.914429 -4.000000 -0.474681 -1.504500 -5.939203
-0.794434 -0.914307 -4.000000 -0.497465 -1.537490 -5.941814
-0.785522 -0.918091 -4.000000 -0.542560 -1.569531 -5.930896
-0.784302 -0.917480 -4.000000 -0.604268 -1.583772 -5.933507
-0.783447 -0.913818 -4.000000 -0.666689 -1.606556 -5.915232
-0.785278 -0.913452 -4.000000 -0.722464 -1.651651 -5.893396
-0.779541 -0.913940 -4.000000 -0.782511 -1.711461 -5.879631
-0.781372 -0.916260 -4.000000 -0.834488 -1.788596 -5.865628
-0.786255 -0.918213 -4.000000 -0.881719 -1.840099 -5.829077
-0.781250 -0.914917 -4.000000 -0.936307 -1.818501 -5.794425
-0.780518 -0.916992 -4.000000 -0.990184 -1.783375 -5.752891
-0.792969 -0.912231 -4.000000 -1.026259 -1.752758 -5.704948
-0.788086 -0.915894 -4.000000 -1.037889 -1.699594 -5.667686
-0.785278 -0.908691 -4.000000 -1.042873 -1.663043 -5.630424
-0.781494 -0.910889 -4.000000 -1.032193 -1.657585 -5.589839
-0.785156 -0.915161 -4.000000 -1.019851 -1.649040 -5.561357
-0.794678 -0.913452 -4.000000 -1.023649 -1.648566 -5.531928
-0.789673 -0.912598 -4.000000 -1.059962 -1.698170 -5.509143
-0.783691 -0.922119 -4.000000 -1.113838 -1.754182 -5.489681
-0.782104 -0.917480 -4.000000 -1.178869 -1.786460 -5.490630
-0.783203 -0.907349 -4.000000 -1.236306 -1.785274 -5.489681
-0.789795 -0.922119 -4.000000 -1.312729 -1.717157 -5.485646
-0.792236 -0.920288 -4.000000 -1.392001 -1.606794 -5.447909
-0.779053 -0.912720 -4.000000 -1.434485 -1.518503 -5.437941
-0.785034 -0.916138 -4.000000 -1.429975 -1.460117 -5.435567
-0.793823 -0.911133 -4.000000 -1.382745 -1.407428 -5.441026
-0.785400 -0.919312 -4.000000 -1.293505 -1.332903 -5.447197
-0.783081 -0.917969 -4.000000 -1.202841 -1.232983 -5.436991
-0.781250 -0.920532 -4.000000 -1.143031 -1.143980 -5.423225
-0.786499 -0.912964 -4.000000 -1.127129 -1.086544 -5.429159
-0.789185 -0.915894 -4.000000 -1.160831 -1.125468 -5.448621
-0.779785 -0.911499 -4.000000 -1.195958 -1.266448 -5.460488
-0.787231 -0.921875 -4.000000 -1.214233 -1.419295 -5.459538
-0.786499 -0.914673 -4.000000 -1.193347 -1.476019 -5.470219
-0.789673 -0.912476 -4.000000 -1.132350 -1.430687 -5.487782
-0.788574 -0.915405 -4.000000 -1.060199 -1.288520 -5.508430
-0.786621 -0.914307 -4.000000 -1.001339 -1.091765 -5.547829
-0.788208 -0.913696 -4.000000 -0.972146 -0.935121 -5.594822
-0.787964 -0.914917 -4.000000 -0.960754 -0.896909 -5.635408
-0.787231 -0.914429 -4.000000 -0.971196 -0.960991 -5.670059
-0.793823 -0.921509 -4.000000 -0.969060 -1.049044 -5.700676
-0.784790 -0.916870 -4.000000 -0.933459 -1.102683 -5.725360
-0.784058 -0.918701 -4.000000 -0.881957 -1.096275 -5.749331
-0.790527 -0.916748 -4.000000 -0.825232 -1.056164 -5.764758
-0.781006 -0.914307 -4.000000 -0.781324 -1.027683 -5.788730
-0.786743 -0.914185 -4.000000 -0.745723 -1.029345 -5.813413
-0.783813 -0.911255 -4.000000 -0.703714 -1.063759 -5.839520
-0.779541 -0.915039 -4.000000 -0.657433 -1.140183 -5.867052
-0.785156 -0.916382 -4.000000 -0.582196 -1.245324 -5.877732
-0.780762 -0.909912 -4.000000 -0.477766 -1.329106 -5.883191
-0.788330 -0.913696 -4.000000 -0.392798 -1.360435 -5.877495
-0.779663 -0.916382 -4.000000 -0.350789 -1.341685 -5.884140
-0.783813 -0.918457 -4.000000 -0.343194 -1.312966 -5.901466
-0.786621 -0.914185 -4.000000 -0.377846 -1.293742 -5.923776
-0.790039 -0.918457 -4.000000 -0.442640 -1.293267 -5.966023
-0.793335 -0.914551 -4.000000 -0.519063 -1.315340 -5.986197
-0.785645 -0.916870 -4.000000 -0.592401 -1.354976 -6.014203
-0.788696 -0.912964 -4.000000 -0.628714 -1.390814 -6.035326
-0.786255 -0.923218 -4.000000 -0.609965 -1.410513 -6.043633
-0.783936 -0.914551 -4.000000 -0.553478 -1.397697 -6.037462
-0.786987 -0.915894 -4.000000 -0.501975 -1.355688 -6.018238
-0.786865 -0.915771 -4.000000 -0.470646 -1.328631 -6.037225
-0.781616 -0.916504 -4.000000 -0.459728 -1.302523 -6.022747
-0.786133 -0.916016 -4.000000 -0.464712 -1.287571 -6.003997
-0.790894 -0.917480 -4.000000 -0.447861 -1.271669 -5.991893
-0.785278 -0.910034 -4.000000 -0.433621 -1.301811 -6.000200
-0.787598 -0.914429 -4.000000 -0.412972 -1.389627 -6.001387
-0.781982 -0.921631 -4.000000 -0.389001 -1.448488 -5.995215
-0.781372 -0.915161 -4.000000 -0.375710 -1.506399 -6.004472
-0.784790 -0.913452 -4.000000 -0.365267 -1.469136 -6.005659
-0.786499 -0.918091 -4.000000 -0.343194 -1.442317 -6.019187
-0.786499 -0.913696 -4.000000 -0.303796 -1.413836 -6.041497
-0.788818 -0.924683 -4.000000 -0.260600 -1.351178 -6.070927
-0.785278 -0.919189 -4.000000 -0.242324 -1.314391 -6.088965
-0.786621 -0.911377 -4.000000 -0.269856 -1.349754 -6.099408
-0.784668 -0.916260 -4.000000 -0.314476 -1.410039 -6.111275
-0.794189 -0.916016 -4.000000 -0.383779 -1.470798 -6.132161
-0.787109 -0.920410 -4.000000 -0.475867 -1.517554 -6.154233
-0.781738 -0.919189 -4.000000 -0.517402 -1.529658 -6.185325
-0.792236 -0.912354 -4.000000 -0.507196 -1.484326 -6.200278
-0.788208 -0.916504 -4.000000 -0.431247 -1.364707 -6.199328
-0.780884 -0.914429 -4.000000 -0.301185 -1.219217 -6.186512
-0.786255 -0.922607 -4.000000 -0.161629 -1.106718 -6.165389
-0.784790 -0.916870 -4.000000 -0.009494 -1.057351 -6.142841
-0.783447 -0.923462 -4.000000 0.123417 -1.096987 -6.130974
-0.792969 -0.918457 -4.000000 0.234967 -1.156559 -6.128838
-0.787964 -0.912476 -4.000000 0.288606 -1.160357 -6.103680
-0.793213 -0.916992 -4.000000 0.320172 -1.113126 -6.088016
-0.785767 -0.914551 -4.000000 0.329903 -1.078949 -6.073538
-0.786011 -0.916382 -4.000000 0.305457 -1.069218 -6.033665
-0.792603 -0.913696 -4.000000 0.265346 -1.124756 -6.026070
-0.785400 -0.917236 -4.000000 0.237578 -1.199518 -6.016814
-0.784180 -0.914429 -4.000000 0.288131 -1.277128 -6.033902
-0.782471 -0.915894 -4.000000 0.353400 -1.360672 -6.030105
-0.784058 -0.916138 -4.000000 0.450947 -1.391051 -5.992605
-0.786133 -0.913086 -4.000000 0.554902 -1.356637 -5.952494
-0.783691 -0.910522 -4.000000 0.622781 -1.263125 -5.917843
-0.778320 -0.916748 -4.000000 0.661942 -1.126417 -5.912621
-0.786133 -0.917236 -4.000000 0.629189 -1.019614 -5.912858
-0.782593 -0.913208 -4.000000 0.581484 -0.993744 -5.930896
-0.785645 -0.918823 -4.000000 0.534965 -1.068981 -5.970532
-0.783447 -0.915161 -4.000000 0.501975 -1.219929 -6.004234
-0.781982 -0.913696 -4.000000 0.467798 -1.387491 -6.028918
-0.784058 -0.920776 -4.000000 0.438605 -1.503788 -6.059298
-0.795166 -0.912598 -4.000000 0.436943 -1.583772 -6.106528
-0.784058 -0.918091 -4.000000 0.404191 -1.676334 -6.152335
-0.783936 -0.920410 -4.000000 0.359571 -1.719530 -6.182714
-0.783203 -0.918335 -4.000000 0.312102 -1.673724 -6.204550
-0.779785 -0.918335 -4.000000 0.267008 -1.534880 -6.191258
-0.785522 -0.916260 -4.000000 0.208385 -1.405766 -6.181290
-0.781982 -0.916504 -4.000000 0.175632 -1.318900 -6.170610
-0.785522 -0.914917 -4.000000 0.186075 -1.317001 -6.156370
-0.786133 -0.918457 -4.000000 0.197467 -1.422143 -6.090864
-0.784668 -0.917847 -4.000000 0.193907 -1.511146 -6.089440
-0.792969 -0.918091 -4.000000 0.240663 -1.198806 -6.087541
-0.784912 -0.917725 -4.000000 0.132673 -1.120958 -6.087066
-0.788452 -0.912842 -4.000000 -0.016851 -1.255767 -6.045769
-0.782471 -0.918335 -4.000000 -0.169224 -1.345957 -6.022273
-0.787476 -0.917236 -4.000000 -0.302134 -1.352840 -6.039124
-0.787231 -0.911133 -4.000000 -0.396121 -1.333615 -6.061196
-0.785767 -0.915771 -4.000000 -0.446674 -1.322460 -6.078522
-0.780151 -0.917603 -4.000000 -0.462576 -1.312492 -6.069978
-0.786621 -0.909424 -4.000000 -0.445962 -1.319375 -6.035563
-0.783081 -0.917603 -4.000000 -0.390899 -1.331242 -5.999962
-0.785889 -0.917603 -4.000000 -0.313289 -1.340023 -5.966023
-0.782837 -0.916626 -4.000000 -0.244223 -1.346669 -5.934694
-0.780273 -0.916504 -4.000000 -0.199366 -1.329106 -5.905976
-0.782104 -0.917725 -4.000000 -0.195094 -1.309644 -5.898855
-0.787842 -0.920898 -4.000000 -0.243274 -1.310593 -5.916893
-0.786133 -0.911743 -4.000000 -0.304033 -1.319612 -5.938729
-0.793091 -0.919800 -4.000000 -0.380456 -1.351178 -5.972906
-0.783203 -0.918335 -4.000000 -0.425551 -1.387491 -6.012304
-0.787109 -0.916016 -4.000000 -0.436706 -1.415497 -6.031054
-0.790649 -0.912842 -4.000000 -0.420567 -1.441842 -6.035563
-0.786865 -0.916870 -4.000000 -0.406089 -1.474358 -6.025595
-0.790771 -0.922119 -4.000000 -0.400156 -1.469374 -6.008032
-0.785400 -0.919922 -4.000000 -0.400393 -1.443029 -6.000437
-0.780518 -0.914185 -4.000000 -0.415345 -1.410988 -5.968871
-0.784546 -0.915527 -4.000000 -0.426026 -1.372539 -5.957004
