-0.781860 -0.917114 -4.000000 -0.107752 -1.130926 -5.827653
-0.787231 -0.914917 -4.000000 0.021361 -0.927288 -5.975516
-0.796265 -0.927368 -4.000000 0.002848 -0.833302 -5.974567
-0.785889 -0.912598 -4.000000 -0.047468 -0.887415 -5.905026
-0.788574 -0.915283 -4.000000 -0.088528 -0.981877 -5.794425
-0.776367 -0.922241 -4.000000 -0.160205 -1.074440 -5.699252
-0.788696 -0.923828 -4.000000 -0.165901 -1.176970 -5.662702
-0.785889 -0.924683 -4.000000 -0.215268 -1.263362 -5.639442
-0.787231 -0.918335 -4.000000 -0.300710 -1.301099 -5.583668
-0.788574 -0.916138 -4.000000 -0.351026 -1.329818 -5.550915
-0.786377 -0.924561 -4.000000 -0.390662 -1.360197 -5.556848
-0.787842 -0.916748 -4.000000 -0.475393 -1.405766 -5.568715
-0.790039 -0.925781 -4.000000 -0.567718 -1.411937 -5.554237
-0.788574 -0.918945 -4.000000 -0.609965 -1.380134 -5.509617
-0.785522 -0.917236 -4.000000 -0.638208 -1.328394 -5.481611
-0.785767 -0.918213 -4.000000 -0.656958 -1.290419 -5.446485
-0.782104 -0.913574 -4.000000 -0.665502 -1.270957 -5.398779
-0.785522 -0.913086 -4.000000 -0.659331 -1.251021 -5.386912
-0.786377 -0.912598 -4.000000 -0.686625 -1.253869 -5.375045
-0.785278 -0.921265 -4.000000 -0.739078 -1.281400 -5.370536
-0.789917 -0.918091 -4.000000 -0.795802 -1.295641 -5.356770
-0.791504 -0.916626 -4.000000 -0.867716 -1.268109 -5.331138
-0.787109 -0.912109 -4.000000 -0.944377 -1.223014 -5.323543
-0.789307 -0.909912 -4.000000 -1.003000 -1.209961 -5.310964
-0.783569 -0.918335 -4.000000 -1.062098 -1.205451 -5.263733
-0.792603 -0.922852 -4.000000 -1.086306 -1.265261 -5.213654
-0.786743 -0.925415 -4.000000 -1.056876 -1.339074 -5.162626
-0.790283 -0.915894 -4.000000 -1.012968 -1.365656 -5.130585
-0.787842 -0.913818 -4.000000 -0.984250 -1.352840 -5.089525
-0.786499 -0.910278 -4.000000 -0.980690 -1.310118 -5.036123
-0.785645 -0.911255 -4.000000 -1.016766 -1.227524 -5.009067
-0.793823 -0.913818 -4.000000 -1.080610 -1.112177 -5.010491
-0.789551 -0.912720 -4.000000 -1.164154 -1.008934 -5.032801
-0.782104 -0.917603 -4.000000 -1.280688 -0.920880 -5.071724
-0.784180 -0.914551 -4.000000 -1.429263 -0.847305 -5.125126
-0.789063 -0.913330 -4.000000 -1.556003 -0.818349 -5.183037
-0.786255 -0.921021 -4.000000 -1.652600 -0.873175 -5.250679
-0.784790 -0.917725 -4.000000 -1.696983 -1.003949 -5.297910
-0.781006 -0.920044 -4.000000 -1.678233 -1.129740 -5.320694
-0.783203 -0.921021 -4.000000 -1.585196 -1.185277 -5.346090
-0.787476 -0.914795 -4.000000 -1.438757 -1.187176 -5.342530
-0.785522 -0.916626 -4.000000 -1.264312 -1.078237 -5.303843
-0.784912 -0.924194 -4.000000 -1.090816 -1.032430 -5.324729
-0.787354 -0.922974 -4.000000 -0.986861 -1.032193 -5.334223
-0.786865 -0.916992 -4.000000 -0.954108 -1.044060 -5.323543
-0.785889 -0.913696 -4.000000 -0.974282 -1.065183 -5.327578
-0.788086 -0.913574 -4.000000 -1.016054 -1.085357 -5.331375
-0.785522 -0.918579 -4.000000 -1.022937 -1.128553 -5.348938
-0.785767 -0.919922 -4.000000 -1.004187 -1.160594 -5.360568
-0.784302 -0.918945 -4.000000 -0.971671 -1.143980 -5.374333
-0.785034 -0.920410 -4.000000 -0.940105 -1.117635 -5.388099
-0.782104 -0.926514 -4.000000 -0.889551 -1.123806 -5.408273
-0.790527 -0.914673 -4.000000 -0.824520 -1.134961 -5.417055
-0.784668 -0.916626 -4.000000 -0.757590 -1.140657 -5.431770
-0.788452 -0.919922 -4.000000 -0.641293 -1.277603 -5.498937
-0.785889 -0.921631 -4.000000 -0.565345 -1.319849 -5.510092
-0.788452 -0.918091 -4.000000 -0.509095 -1.338125 -5.527181
-0.786255 -0.917358 -4.000000 -0.473257 -1.333852 -5.498700
-0.784424 -0.924683 -4.000000 -0.455931 -1.297777 -5.505820
-0.778931 -0.916504 -4.000000 -0.452371 -1.288283 -5.501785
-0.790771 -0.916626 -4.000000 -0.444776 -1.298489 -5.505583
-0.791260 -0.914673 -4.000000 -0.436706 -1.313204 -5.526706
-0.787109 -0.919312 -4.000000 -0.390662 -1.315340 -5.538335
-0.788086 -0.919556 -4.000000 -0.341058 -1.309881 -5.550915
-0.792847 -0.919189 -4.000000 -0.312577 -1.296590 -5.561832
-0.782227 -0.910400 -4.000000 -0.307593 -1.278077 -5.553288
-0.782593 -0.916504 -4.000000 -0.302134 -1.285198 -5.563494
-0.775391 -0.920654 -4.000000 -0.318748 -1.316527 -5.569427
-0.784424 -0.919556 -4.000000 -0.342482 -1.374912 -5.587465
-0.778198 -0.913330 -4.000000 -0.365504 -1.422618 -5.594348
-0.783936 -0.914185 -4.000000 -0.383067 -1.455371 -5.597196
-0.787964 -0.916382 -4.000000 -0.380931 -1.474120 -5.597671
-0.783691 -0.914063 -4.000000 -0.338922 -1.473408 -5.604791
-0.788696 -0.913940 -4.000000 -0.269619 -1.442317 -5.615946
-0.792969 -0.918091 -4.000000 -0.181091 -1.381795 -5.627575
-0.786133 -0.916748 -4.000000 -0.088291 -1.326020 -5.634933
-0.788574 -0.917725 -4.000000 -0.028481 -1.315814 -5.638493
-0.779297 -0.914673 -4.000000 -0.019225 -1.338837 -5.636594
-0.786743 -0.917480 -4.000000 -0.024683 -1.381083 -5.625677
-0.782715 -0.921875 -4.000000 -0.048655 -1.491209 -5.635408
-0.784302 -0.916016 -4.000000 -0.102768 -1.662094 -5.650123
-0.776001 -0.915161 -4.000000 -0.132436 -1.828944 -5.681689
-0.776245 -0.919556 -4.000000 -0.134335 -1.843897 -5.663414
-0.777954 -0.916504 -4.000000 -0.074288 -1.720005 -5.608114
-0.785034 -0.923828 -4.000000 0.053876 -1.628392 -5.559459
-0.794556 -0.910767 -4.000000 0.206486 -1.638597 -5.531690
-0.785767 -0.920532 -4.000000 0.346992 -1.723090 -5.536200
-0.784058 -0.913452 -4.000000 0.411311 -1.835590 -5.501310
-0.791626 -0.915283 -4.000000 0.434333 -1.981317 -5.511042
-0.780640 -0.922607 -4.000000 0.313052 -2.137012 -5.571563
-0.778564 -0.914307 -4.000000 0.081408 -2.233609 -5.622828
-0.780640 -0.918457 -4.000000 -0.121281 -2.261378 -5.686911
-0.783691 -0.922363 -4.000000 -0.248021 -2.242866 -5.748382
-0.788452 -0.921387 -4.000000 -0.346992 -2.111854 -5.773540
-0.791138 -0.920044 -4.000000 -0.301185 -1.827995 -5.764758
-0.789429 -0.921143 -4.000000 -0.131487 -1.461304 -5.744584
-0.781982 -0.915771 -4.000000 0.074762 -1.117398 -5.711119
-0.784180 -0.912109 -4.000000 0.344855 -0.876735 -5.671484
-0.782837 -0.911865 -4.000000 0.609965 -0.684964 -5.648699
-0.785767 -0.914917 -4.000000 0.867953 -0.550629 -5.623303
-0.787842 -0.915283 -4.000000 0.968111 -0.538050 -5.631373
-0.786987 -0.919434 -4.000000 0.900232 -0.621594 -5.663651
-0.789063 -0.920166 -4.000000 0.635597 -0.832115 -5.743160
-0.780029 -0.916016 -4.000000 0.387339 -1.050705 -5.815786
-0.792236 -0.919434 -4.000000 0.192008 -1.237492 -5.890074
-0.783813 -0.920532 -4.000000 0.034414 -1.413836 -5.943238
-0.786743 -0.911987 -4.000000 -0.018038 -1.484563 -5.966260
-0.785278 -0.921509 -4.000000 0.060759 -1.486225 -5.976703
-0.790039 -0.920166 -4.000000 0.157831 -1.472459 -5.968159
-0.784424 -0.916504 -4.000000 0.276264 -1.385593 -5.919504
-0.784668 -0.919434 -4.000000 0.395172 -1.258378 -5.840707
-0.787109 -0.916504 -4.000000 0.487734 -1.121907 -5.766894
-0.785156 -0.915771 -4.000000 0.537338 -1.063997 -5.719901
-0.780884 -0.911011 -4.000000 0.495804 -1.113601 -5.712306
-0.787354 -0.914429 -4.000000 0.387577 -1.229897 -5.739125
-0.786621 -0.915894 -4.000000 0.259176 -1.358298 -5.767369
-0.789063 -0.919678 -4.000000 0.148812 -1.453709 -5.781847
-0.790039 -0.924072 -4.000000 0.092325 -1.514943 -5.767369
-0.788208 -0.917236 -4.000000 0.061234 -1.542000 -5.791103
-0.784668 -0.924316 -4.000000 0.026107 -1.561462 -5.803682
-0.786011 -0.913696 -4.000000 0.009494 -1.548645 -5.816024
-0.786499 -0.917969 -4.000000 -0.000237 -1.528709 -5.795375
-0.791748 -0.916626 -4.000000 -0.016851 -1.503076 -5.773540
-0.788208 -0.919312 -4.000000 -0.006646 -1.481241 -5.753129
-0.787842 -0.918701 -4.000000 0.006171 -1.470323 -5.754315
-0.789307 -0.917603 -4.000000 -0.016376 -1.482665 -5.770929
-0.784546 -0.920776 -4.000000 -0.049367 -1.475070 -5.788967
-0.780884 -0.919434 -4.000000 -0.117958 -1.475782 -5.802021
-0.777100 -0.914551 -4.000000 -0.216454 -1.522301 -5.869188
-0.784302 -0.915649 -4.000000 -0.271043 -1.530845 -5.875834
-0.778076 -0.916870 -4.000000 -0.286944 -1.495718 -5.876071
-0.786987 -0.915649 -4.000000 -0.260125 -1.434010 -5.864678
-0.784668 -0.912231 -4.000000 -0.216217 -1.398409 -5.860169
-0.789307 -0.911621 -4.000000 -0.183464 -1.374675 -5.843318
-0.780762 -0.922974 -4.000000 -0.147388 -1.359960 -5.844030
-0.788574 -0.918701 -4.000000 -0.135047 -1.368267 -5.854710
-0.783325 -0.914795 -4.000000 -0.135996 -1.374438 -5.865153
-0.789063 -0.916138 -4.000000 -0.161391 -1.371590 -5.873223
-0.787354 -0.911377 -4.000000 -0.192008 -1.338599 -5.877732
-0.780884 -0.913086 -4.000000 -0.211708 -1.306321 -5.873935
-0.779907 -0.916138 -4.000000 -0.241612 -1.328868 -5.882479
-0.792358 -0.918701 -4.000000 -0.282198 -1.363757 -5.866340
-0.792358 -0.917236 -4.000000 -0.302134 -1.330530 -5.849014
-0.793579 -0.916504 -4.000000 -0.267957 -1.274517 -5.822195
-0.779297 -0.912720 -4.000000 -0.236154 -1.254581 -5.818397
-0.788086 -0.921265 -4.000000 -0.232593 -1.279264 -5.830264
-0.786499 -0.914307 -4.000000 -0.243748 -1.338125 -5.831451
-0.792114 -0.915527 -4.000000 -0.272941 -1.401494 -5.835011
-0.784668 -0.922607 -4.000000 -0.293115 -1.418583 -5.835485
-0.784912 -0.914673 -4.000000 -0.298811 -1.416684 -5.833824
