-0.783569 -0.920410 -4.000000 -0.077610 -1.018902 -5.750280
-0.782837 -0.919800 -4.000000 -0.140743 -1.103158 -5.768793
-0.788818 -0.919922 -4.000000 -0.242087 -1.227761 -5.779948
-0.790161 -0.921875 -4.000000 -0.305457 -1.326495 -5.773777
-0.780762 -0.920288 -4.000000 -0.330378 -1.400070 -5.762385
-0.780396 -0.925049 -4.000000 -0.341770 -1.457981 -5.754078
-0.784912 -0.923218 -4.000000 -0.339634 -1.499041 -5.743398
-0.781250 -0.918701 -4.000000 -0.353874 -1.527759 -5.726072
-0.778931 -0.920166 -4.000000 -0.375472 -1.535829 -5.686911
-0.784058 -0.918213 -4.000000 -0.412497 -1.532032 -5.652259
-0.787720 -0.922852 -4.000000 -0.439080 -1.523487 -5.627338
-0.784912 -0.923096 -4.000000 -0.467560 -1.481003 -5.613335
-0.784058 -0.914307 -4.000000 -0.487497 -1.437807 -5.607876
-0.782593 -0.918701 -4.000000 -0.510756 -1.418820 -5.601943
-0.783325 -0.918823 -4.000000 -0.532117 -1.434959 -5.600756
-0.782593 -0.921265 -4.000000 -0.554427 -1.481953 -5.574886
-0.785767 -0.921875 -4.000000 -0.562259 -1.518741 -5.554712
-0.785034 -0.923828 -4.000000 -0.573414 -1.544373 -5.497988
-0.789063 -0.916138 -4.000000 -0.600234 -1.563123 -5.440314
-0.779297 -0.918335 -4.000000 -0.634411 -1.572854 -5.374333
-0.785522 -0.915894 -4.000000 -0.667638 -1.586145 -5.350125
-0.781860 -0.926147 -4.000000 -0.692559 -1.553867 -5.333511
-0.783936 -0.920654 -4.000000 -0.752843 -1.523013 -5.324729
-0.784790 -0.914185 -4.000000 -0.828080 -1.504500 -5.307641
-0.784790 -0.921875 -4.000000 -0.919456 -1.497380 -5.291976
-0.780762 -0.919678 -4.000000 -0.999440 -1.562648 -5.275837
-0.778442 -0.923218 -4.000000 -1.035516 -1.606556 -5.249018
-0.781738 -0.916260 -4.000000 -0.995168 -1.627680 -5.201313
-0.783813 -0.917847 -4.000000 -0.899757 -1.651414 -5.134857
-0.787598 -0.919312 -4.000000 -0.781087 -1.682980 -5.050838
-0.786011 -0.919556 -4.000000 -0.713445 -1.643344 -4.982485
-0.788208 -0.922852 -4.000000 -0.711784 -1.509484 -4.941899
-0.785645 -0.918335 -4.000000 -0.797938 -1.344770 -4.932168
-0.783569 -0.918213 -4.000000 -0.952209 -1.175784 -4.934067
-0.781982 -0.920044 -4.000000 -1.145642 -1.080848 -4.958751
-0.782104 -0.922974 -4.000000 -1.331479 -1.140895 -5.020934
-0.787964 -0.919312 -4.000000 -1.482190 -1.277603 -5.061044
-0.789795 -0.917358 -4.000000 -1.542475 -1.393662 -5.077895
-0.785645 -0.915161 -4.000000 -1.516130 -1.444690 -5.083354
-0.778931 -0.915405 -4.000000 -1.457032 -1.388203 -5.084303
-0.782715 -0.913086 -4.000000 -1.376099 -1.271195 -5.099019
-0.779053 -0.916382 -4.000000 -1.325783 -1.119059 -5.113734
-0.786621 -0.912720 -4.000000 -1.293979 -0.971908 -5.137230
-0.791260 -0.916016 -4.000000 -1.285672 -0.921830 -5.186360
-0.787354 -0.917969 -4.000000 -1.270008 -1.007747 -5.246644
-0.786865 -0.912231 -4.000000 -1.253869 -1.150388 -5.286518
-0.785278 -0.916504 -4.000000 -1.206401 -1.286859 -5.317609
-0.783691 -0.919800 -4.000000 -1.134012 -1.341685 -5.338970
-0.781738 -0.919189 -4.000000 -1.051892 -1.323409 -5.371248
-0.780762 -0.919922 -4.000000 -0.948886 -1.258378 -5.402102
-0.786255 -0.912354 -4.000000 -0.859646 -1.201179 -5.407086
-0.783569 -0.915161 -4.000000 -0.788919 -1.184803 -5.443874
-0.776611 -0.918213 -4.000000 -0.738840 -1.226100 -5.497276
-0.781372 -0.919922 -4.000000 -0.698730 -1.284960 -5.530029
-0.785522 -0.912720 -4.000000 -0.660518 -1.321511 -5.531690
-0.788452 -0.911133 -4.000000 -0.620882 -1.323884 -5.549490
-0.787476 -0.913940 -4.000000 -0.601895 -1.307508 -5.573699
-0.784058 -0.916504 -4.000000 -0.603082 -1.301337 -5.591500
-0.775146 -0.912231 -4.000000 -0.624205 -1.311305 -5.606452
-0.783813 -0.922363 -4.000000 -0.631325 -1.327207 -5.620693
-0.773804 -0.920532 -4.000000 -0.613050 -1.349280 -5.619981
-0.785522 -0.921509 -4.000000 -0.574601 -1.391526 -5.616183
-0.786621 -0.921265 -4.000000 -0.527133 -1.419770 -5.614759
-0.782471 -0.916626 -4.000000 -0.466848 -1.419295 -5.614047
-0.779175 -0.913696 -4.000000 -0.406327 -1.416921 -5.610961
-0.793091 -0.917480 -4.000000 -0.348653 -1.415497 -5.614996
-0.784058 -0.923462 -4.000000 -0.305457 -1.396748 -5.621642
-0.783447 -0.916260 -4.000000 -0.275552 -1.376574 -5.628762
-0.787842 -0.915527 -4.000000 -0.251581 -1.372302 -5.622117
-0.786499 -0.914307 -4.000000 -0.231407 -1.372302 -5.613573
-0.782471 -0.922119 -4.000000 -0.215505 -1.356400 -5.613335
-0.784790 -0.919922 -4.000000 -0.193195 -1.318900 -5.623778
-0.780029 -0.917969 -4.000000 -0.164714 -1.284248 -5.637306
-0.782227 -0.918701 -4.000000 -0.141455 -1.239391 -5.651547
-0.782104 -0.915161 -4.000000 -0.135284 -1.171986 -5.656531
-0.784424 -0.915527 -4.000000 -0.130774 -1.108854 -5.653683
-0.784912 -0.919312 -4.000000 -0.115585 -1.060674 -5.649411
-0.783936 -0.916138 -4.000000 -0.082357 -1.025310 -5.634221
-0.792480 -0.919922 -4.000000 -0.006883 -1.007747 -5.604554
-0.787231 -0.913696 -4.000000 0.098496 -1.051655 -5.592924
-0.785645 -0.924194 -4.000000 0.217404 -1.141132 -5.572275
-0.784546 -0.921143 -4.000000 0.347229 -1.216844 -5.551389
-0.789673 -0.910156 -4.000000 0.466136 -1.288046 -5.538098
-0.782593 -0.917480 -4.000000 0.565345 -1.328156 -5.547829
-0.789917 -0.912598 -4.000000 0.660281 -1.301337 -5.566579
-0.783447 -0.916992 -4.000000 0.718192 -1.245799 -5.592687
-0.778809 -0.918091 -4.000000 0.703951 -1.182667 -5.595060
-0.781128 -0.918945 -4.000000 0.669062 -1.125468 -5.601231
-0.784912 -0.916626 -4.000000 0.645091 -1.114550 -5.612860
-0.780884 -0.917236 -4.000000 0.639157 -1.175546 -5.633272
-0.786743 -0.921753 -4.000000 0.667638 -1.261938 -5.642528
-0.786011 -0.912964 -4.000000 0.708461 -1.338599 -5.669110
-0.786255 -0.913330 -4.000000 0.712970 -1.389627 -5.680502
-0.779785 -0.920166 -4.000000 0.645328 -1.418820 -5.675044
-0.786011 -0.922485 -4.000000 0.580297 -1.388441 -5.648699
-0.788818 -0.918579 -4.000000 0.543984 -1.275467 -5.623541
-0.787964 -0.920288 -4.000000 0.564633 -1.154898 -5.598145
-0.791992 -0.918701 -4.000000 0.632512 -1.021750 -5.591974
-0.788086 -0.911377 -4.000000 0.684489 -0.987810 -5.605266
-0.782593 -0.921021 -4.000000 0.630613 -0.946513 -5.621879
-0.787964 -0.916748 -4.000000 0.476579 -1.029345 -5.677654
-0.778931 -0.914917 -4.000000 0.362181 -1.171274 -5.708746
-0.788330 -0.925049 -4.000000 0.302134 -1.324834 -5.718002
-0.779663 -0.914429 -4.000000 0.260600 -1.448488 -5.722986
-0.789429 -0.914551 -4.000000 0.275789 -1.482665 -5.694268
-0.790894 -0.917358 -4.000000 0.365979 -1.408852 -5.649648
-0.784180 -0.913086 -4.000000 0.506959 -1.260752 -5.596959
-0.784058 -0.917236 -4.000000 0.582196 -1.155135 -5.552576
-0.793335 -0.913696 -4.000000 0.511943 -1.147778 -5.555899
-0.781372 -0.918823 -4.000000 0.378320 -1.169376 -5.549728
-0.782715 -0.919434 -4.000000 0.227372 -1.213521 -5.546405
-0.786011 -0.914185 -4.000000 0.144066 -1.310356 -5.579633
-0.778442 -0.921631 -4.000000 0.112499 -1.381083 -5.621167
-0.785278 -0.915039 -4.000000 0.078085 -1.427127 -5.653208
-0.786255 -0.923462 -4.000000 0.013054 -1.495006 -5.643952
-0.783447 -0.915771 -4.000000 -0.053164 -1.524199 -5.641816
-0.790894 -0.916382 -4.000000 -0.070253 -1.492870 -5.651547
-0.782715 -0.915283 -4.000000 -0.061471 -1.500228 -5.660803
-0.778442 -0.918945 -4.000000 -0.063133 -1.529658 -5.649648
-0.782471 -0.923340 -4.000000 -0.075949 -1.532269 -5.639680
-0.783813 -0.919312 -4.000000 -0.094461 -1.529421 -5.617133
-0.786011 -0.919922 -4.000000 -0.101344 -1.505924 -5.598857
-0.785156 -0.911377 -4.000000 -0.133385 -1.486937 -5.600044
-0.783447 -0.915771 -4.000000 -0.171122 -1.475545 -5.601943
-0.777100 -0.921875 -4.000000 -0.221201 -1.483139 -5.608826
-0.787476 -0.921021 -4.000000 -0.242324 -1.495006 -5.627575
-0.785400 -0.917358 -4.000000 -0.259176 -1.498092 -5.629474
-0.781982 -0.920898 -4.000000 -0.266533 -1.498092 -5.632560
-0.786499 -0.916260 -4.000000 -0.256090 -1.468187 -5.637069
-0.786987 -0.913940 -4.000000 -0.251581 -1.427364 -5.638731
-0.786865 -0.916382 -4.000000 -0.279112 -1.418108 -5.634933
-0.783569 -0.915771 -4.000000 -0.303796 -1.416684 -5.638968
-0.789307 -0.915894 -4.000000 -0.319935 -1.419770 -5.645376
-0.778809 -0.916992 -4.000000 -0.323495 -1.425466 -5.663651
-0.787231 -0.917725 -4.000000 -0.329191 -1.446826 -5.682876
-0.784668 -0.916626 -4.000000 -0.331802 -1.467712 -5.670059
-0.778931 -0.909912 -4.000000 -0.321833 -1.469848 -5.661278
-0.784790 -0.907349 -4.000000 -0.294539 -1.441368 -5.648936
-0.788208 -0.919067 -4.000000 -0.271755 -1.420482 -5.646800
-0.783081 -0.918457 -4.000000 -0.262024 -1.417396 -5.641816
-0.785034 -0.915771 -4.000000 -0.279824 -1.416921 -5.625202
-0.787476 -0.916870 -4.000000 -0.298574 -1.415497 -5.633746
-0.785767 -0.920776 -4.000000 -0.308305 -1.414785 -5.639917
-0.777222 -0.913696 -4.000000 -0.314239 -1.405054 -5.651784
-0.786133 -0.915039 -4.000000 -0.330140 -1.401969 -5.646800
-0.782471 -0.916992 -4.000000 -0.346042 -1.380846 -5.635882
-0.786255 -0.917969 -4.000000 -0.330615 -1.368504 -5.646326
-0.788818 -0.914185 -4.000000 -0.319223 -1.361621 -5.653920
-0.780762 -0.922607 -4.000000 -0.323732 -1.369453 -5.656294
-0.782715 -0.925903 -4.000000 -0.347229 -1.388203 -5.638019
