-0.784668 -0.916016 -4.000000 -0.140505 -1.336226 -5.558747
-0.782349 -0.918335 -4.000000 -0.096123 -1.263362 -5.584142
-0.786011 -0.919922 -4.000000 -0.068117 -1.173885 -5.679316
-0.785889 -0.915405 -4.000000 -0.050079 -1.095800 -5.760724
-0.784546 -0.924683 -4.000000 -0.012579 -1.059012 -5.821957
-0.783447 -0.917114 -4.000000 -0.010918 -1.086069 -5.841419
-0.785889 -0.914307 -4.000000 -0.054351 -1.163442 -5.850201
-0.785400 -0.922241 -4.000000 -0.129825 -1.284486 -5.819821
-0.780151 -0.917358 -4.000000 -0.214318 -1.381320 -5.786593
-0.783325 -0.924072 -4.000000 -0.257752 -1.432349 -5.743872
-0.790039 -0.924438 -4.000000 -0.305694 -1.485750 -5.723936
-0.784790 -0.915405 -4.000000 -0.353162 -1.494532 -5.715629
-0.787231 -0.923706 -4.000000 -0.362181 -1.463203 -5.684537
-0.788208 -0.927612 -4.000000 -0.415108 -1.464864 -5.634933
-0.785400 -0.912231 -4.000000 -0.510044 -1.483377 -5.589601
-0.785278 -0.915527 -4.000000 -0.576737 -1.452523 -5.539522
-0.783813 -0.919556 -4.000000 -0.609965 -1.405529 -5.462149
-0.785889 -0.922241 -4.000000 -0.605218 -1.398172 -5.413020
-0.780151 -0.916504 -4.000000 -0.609015 -1.415023 -5.380742
-0.784790 -0.916260 -4.000000 -0.586231 -1.392238 -5.348938
-0.783569 -0.914307 -4.000000 -0.548968 -1.384406 -5.304555
-0.780640 -0.920776 -4.000000 -0.546120 -1.372539 -5.257562
-0.781128 -0.911621 -4.000000 -0.547307 -1.318663 -5.255426
-0.781250 -0.920532 -4.000000 -0.601420 -1.275941 -5.252103
-0.783691 -0.920288 -4.000000 -0.709410 -1.310830 -5.245220
-0.788574 -0.924927 -4.000000 -0.843270 -1.406241 -5.226233
-0.783447 -0.921509 -4.000000 -0.973333 -1.434722 -5.207483
-0.784546 -0.912964 -4.000000 -1.079424 -1.412649 -5.169746
-0.779297 -0.917603 -4.000000 -1.155135 -1.400308 -5.146724
-0.784424 -0.915649 -4.000000 -1.187413 -1.321036 -5.118481
-0.778687 -0.914917 -4.000000 -1.184091 -1.210673 -5.084541
-0.786133 -0.923950 -4.000000 -1.157034 -1.151812 -5.061044
-0.782837 -0.916382 -4.000000 -1.135911 -1.140657 -5.059383
-0.786011 -0.916870 -4.000000 -1.101259 -1.174122 -5.064367
-0.789429 -0.917725 -4.000000 -1.083933 -1.227524 -5.092848
-0.793091 -0.913696 -4.000000 -1.083458 -1.247223 -5.113022
-0.782227 -0.916992 -4.000000 -1.111939 -1.211385 -5.125363
-0.778442 -0.917603 -4.000000 -1.186939 -1.156797 -5.133908
-0.782471 -0.917358 -4.000000 -1.274280 -1.110753 -5.171408
-0.780640 -0.915771 -4.000000 -1.375862 -1.008222 -5.222673
-0.777954 -0.918823 -4.000000 -1.448725 -0.908539 -5.212705
-0.778320 -0.918701 -4.000000 -1.508772 -0.857985 -5.235252
-0.786377 -0.918823 -4.000000 -1.585433 -0.897621 -5.265157
-0.789917 -0.914307 -4.000000 -1.602047 -1.036228 -5.310252
-0.785522 -0.921997 -4.000000 -1.586383 -1.121907 -5.349175
-0.777710 -0.916748 -4.000000 -1.538914 -1.187651 -5.415631
-0.777832 -0.914673 -4.000000 -1.438757 -1.198094 -5.432244
-0.773438 -0.918091 -4.000000 -1.293267 -1.197144 -5.397830
-0.787720 -0.915405 -4.000000 -1.115737 -1.149914 -5.383827
-0.790771 -0.915649 -4.000000 -0.941054 -1.146116 -5.401390
-0.780396 -0.914185 -4.000000 -0.798175 -1.147778 -5.417767
-0.780518 -0.921509 -4.000000 -0.712021 -1.120246 -5.441501
-0.784668 -0.921021 -4.000000 -0.703477 -1.064471 -5.448858
-0.783447 -0.918945 -4.000000 -0.752369 -1.026259 -5.442450
-0.775391 -0.918579 -4.000000 -0.824045 -1.008934 -5.444586
-0.784912 -0.916504 -4.000000 -0.846355 -1.140183 -5.505108
-0.777710 -0.921875 -4.000000 -0.858697 -1.208537 -5.530266
-0.781372 -0.919434 -4.000000 -0.845169 -1.258141 -5.552814
-0.783203 -0.920654 -4.000000 -0.817637 -1.283299 -5.525756
-0.781250 -0.918213 -4.000000 -0.768270 -1.257903 -5.519348
-0.783691 -0.914307 -4.000000 -0.711784 -1.225625 -5.500836
-0.782104 -0.912964 -4.000000 -0.658382 -1.191923 -5.519111
-0.780518 -0.919800 -4.000000 -0.627053 -1.182904 -5.546642
-0.783081 -0.914673 -4.000000 -0.627528 -1.171986 -5.563494
-0.782959 -0.920776 -4.000000 -0.620645 -1.200704 -5.597196
-0.786499 -0.916260 -4.000000 -0.606642 -1.256717 -5.625677
-0.782471 -0.915649 -4.000000 -0.592401 -1.290182 -5.649173
-0.776978 -0.914429 -4.000000 -0.575076 -1.317476 -5.656056
-0.778809 -0.920166 -4.000000 -0.536864 -1.343346 -5.665787
-0.787720 -0.924927 -4.000000 -0.502924 -1.357824 -5.677654
-0.786987 -0.915527 -4.000000 -0.476579 -1.349517 -5.687860
-0.788574 -0.919678 -4.000000 -0.467323 -1.324834 -5.698540
-0.784546 -0.917114 -4.000000 -0.481089 -1.322223 -5.696167
-0.780884 -0.923584 -4.000000 -0.482275 -1.346431 -5.701151
-0.788086 -0.912476 -4.000000 -0.479665 -1.405292 -5.715866
-0.782837 -0.917969 -4.000000 -0.510994 -1.470323 -5.721087
-0.775879 -0.920044 -4.000000 -0.487734 -1.495718 -5.732955
-0.780396 -0.918579 -4.000000 -0.449285 -1.457981 -5.731056
-0.785767 -0.918213 -4.000000 -0.384254 -1.381795 -5.727733
-0.777954 -0.925781 -4.000000 -0.302846 -1.245799 -5.720376
-0.785278 -0.913818 -4.000000 -0.232356 -1.103395 -5.699727
-0.786743 -0.915283 -4.000000 -0.164002 -1.046433 -5.679553
-0.781738 -0.917725 -4.000000 -0.065269 -1.068269 -5.633984
-0.788208 -0.916504 -4.000000 0.055775 -1.120484 -5.596247
-0.782959 -0.920166 -4.000000 0.197942 -1.198094 -5.573936
-0.785889 -0.918945 -4.000000 0.341058 -1.273093 -5.566579
-0.785156 -0.923706 -4.000000 0.471358 -1.321036 -5.564918
-0.790161 -0.916626 -4.000000 0.544221 -1.331954 -5.577497
-0.791260 -0.916626 -4.000000 0.566294 -1.277128 -5.579395
-0.778198 -0.916016 -4.000000 0.521674 -1.178869 -5.577971
-0.783691 -0.915649 -4.000000 0.440504 -1.095325 -5.570376
-0.786011 -0.915649 -4.000000 0.326106 -1.035041 -5.558984
-0.787231 -0.915405 -4.000000 0.232356 -1.041449 -5.520772
-0.781128 -0.918945 -4.000000 0.195331 -1.129265 -5.467608
-0.781738 -0.915894 -4.000000 0.229271 -1.247223 -5.405663
-0.785278 -0.921387 -4.000000 0.368827 -1.364944 -5.380979
-0.782959 -0.916748 -4.000000 0.532592 -1.445165 -5.372197
-0.780029 -0.919922 -4.000000 0.691847 -1.464152 -5.394745
-0.785156 -0.912842 -4.000000 0.783935 -1.416684 -5.388337
-0.780029 -0.918823 -4.000000 0.800549 -1.350704 -5.378605
-0.784058 -0.918091 -4.000000 0.776340 -1.279501 -5.384064
-0.783447 -0.918701 -4.000000 0.782274 -1.219454 -5.386438
-0.782471 -0.918457 -4.000000 0.773492 -1.178632 -5.389286
-0.788940 -0.912354 -4.000000 0.757353 -1.171986 -5.421090
-0.786377 -0.918457 -4.000000 0.786308 -1.213996 -5.461675
-0.782227 -0.917480 -4.000000 0.761862 -1.341447 -5.494902
-0.779541 -0.918823 -4.000000 0.602607 -1.512807 -5.554712
-0.781128 -0.913574 -4.000000 0.355298 -1.700068 -5.623541
-0.785522 -0.920288 -4.000000 0.051740 -1.713597 -5.635882
-0.781860 -0.917603 -4.000000 -0.090664 -1.467000 -5.643477
-0.783691 -0.916382 -4.000000 -0.043671 -1.187176 -5.668398
-0.781616 -0.914673 -4.000000 0.073575 -1.017715 -5.662939
-0.787964 -0.919800 -4.000000 0.086867 -1.051892 -5.700676
-0.783569 -0.917480 -4.000000 -0.036550 -1.305134 -5.724411
-0.782593 -0.919556 -4.000000 -0.053639 -1.637411 -5.771878
-0.788086 -0.915649 -4.000000 0.015427 -1.914149 -5.800597
-0.786499 -0.922974 -4.000000 0.078322 -2.026174 -5.792764
-0.783203 -0.919678 -4.000000 0.094224 -1.961380 -5.766419
-0.780151 -0.922485 -4.000000 0.107515 -1.808296 -5.720613
-0.778564 -0.911743 -4.000000 0.052452 -1.654974 -5.696404
-0.793091 -0.917969 -4.000000 -0.024209 -1.485038 -5.688572
-0.786133 -0.911865 -4.000000 -0.053164 -1.376099 -5.685486
-0.781372 -0.915527 -4.000000 -0.075949 -1.401257 -5.731293
-0.783081 -0.918091 -4.000000 -0.101344 -1.512332 -5.776388
-0.784912 -0.920654 -4.000000 -0.173496 -1.640259 -5.824805
-0.782104 -0.918701 -4.000000 -0.223575 -1.706951 -5.868713
-0.783447 -0.914063 -4.000000 -0.234492 -1.691999 -5.878919
-0.780151 -0.917358 -4.000000 -0.232593 -1.657347 -5.876783
-0.787720 -0.919678 -4.000000 -0.251343 -1.628866 -5.884377
-0.784912 -0.915405 -4.000000 -0.307593 -1.610591 -5.879631
-0.786255 -0.921997 -4.000000 -0.374286 -1.607506 -5.865865
-0.783447 -0.923828 -4.000000 -0.432671 -1.605607 -5.851388
-0.784668 -0.927612 -4.000000 -0.468035 -1.574041 -5.837384
-0.791382 -0.914673 -4.000000 -0.477291 -1.535117 -5.825517
-0.785889 -0.918091 -4.000000 -0.482275 -1.533456 -5.811277
-0.787720 -0.916260 -4.000000 -0.459253 -1.532269 -5.801309
-0.772339 -0.917358 -4.000000 -0.420330 -1.523725 -5.784220
-0.788940 -0.924805 -4.000000 -0.390187 -1.498804 -5.759537
-0.788818 -0.913452 -4.000000 -0.358858 -1.454184 -5.737226
-0.782715 -0.919312 -4.000000 -0.320884 -1.393425 -5.718239
-0.786255 -0.918579 -4.000000 -0.301422 -1.340973 -5.706847
-0.788452 -0.922852 -4.000000 -0.305932 -1.310118 -5.698066
-0.781494 -0.919067 -4.000000 -0.307356 -1.302523 -5.699490
-0.784180 -0.921631 -4.000000 -0.323732 -1.316052 -5.705186
-0.787720 -0.921143 -4.000000 -0.345567 -1.341922 -5.702575
-0.780640 -0.914795 -4.000000 -0.358384 -1.357349 -5.715866
-0.780640 -0.913696 -4.000000 -0.360045 -1.364944 -5.716815
-0.784912 -0.921265 -4.000000 -0.360520 -1.386542 -5.715866
-0.788086 -0.920898 -4.000000 -0.365267 -1.406241 -5.696404
-0.779175 -0.920654 -4.000000 -0.359571 -1.380371 -5.683113
