-0.785645 -0.913940 -4.000000 -0.295489 -1.452285 -5.932795
-0.776611 -0.922607 -4.000000 -0.243274 -1.481478 -5.939915
-0.782715 -0.921143 -4.000000 -0.224524 -1.504737 -5.921403
-0.788086 -0.917969 -4.000000 -0.256802 -1.527285 -5.907875
-0.793335 -0.924683 -4.000000 -0.296913 -1.492396 -5.896008
-0.791016 -0.916870 -4.000000 -0.356010 -1.442317 -5.902653
-0.784546 -0.911133 -4.000000 -0.408463 -1.425466 -5.907400
-0.785034 -0.913818 -4.000000 -0.455456 -1.419295 -5.914757
-0.783447 -0.918091 -4.000000 -0.495092 -1.417871 -5.912384
-0.784668 -0.920654 -4.000000 -0.537813 -1.420244 -5.916419
-0.781250 -0.920532 -4.000000 -0.577924 -1.422618 -5.907400
-0.783691 -0.914673 -4.000000 -0.609253 -1.439469 -5.914757
-0.785767 -0.914307 -4.000000 -0.630613 -1.491684 -5.905738
-0.785400 -0.916748 -4.000000 -0.661942 -1.531082 -5.877495
-0.780640 -0.916138 -4.000000 -0.711309 -1.544848 -5.855422
-0.785889 -0.916748 -4.000000 -0.768983 -1.574278 -5.840707
-0.788452 -0.915405 -4.000000 -0.841371 -1.581398 -5.809378
-0.779907 -0.913208 -4.000000 -0.949598 -1.563835 -5.788018
-0.776001 -0.918091 -4.000000 -1.086306 -1.591129 -5.774252
-0.790771 -0.920410 -4.000000 -1.204502 -1.700306 -5.775201
-0.791016 -0.907471 -4.000000 -1.282824 -1.841049 -5.762385
-0.789063 -0.911377 -4.000000 -1.306558 -1.919134 -5.717527
-0.787354 -0.912109 -4.000000 -1.253869 -1.893738 -5.645851
-0.784790 -0.910767 -4.000000 -1.155135 -1.775780 -5.553288
-0.783813 -0.916260 -4.000000 -1.078237 -1.584958 -5.475915
-0.785400 -0.914673 -4.000000 -1.026259 -1.372776 -5.411121
-0.788574 -0.913330 -4.000000 -1.039788 -1.210436 -5.397593
-0.786377 -0.922607 -4.000000 -1.130926 -1.160831 -5.405663
-0.786011 -0.920654 -4.000000 -1.261938 -1.256717 -5.440077
-0.786011 -0.923828 -4.000000 -1.393425 -1.437570 -5.509380
-0.789063 -0.917847 -4.000000 -1.477918 -1.639309 -5.547117
-0.776245 -0.915405 -4.000000 -1.493820 -1.780764 -5.561595
-0.786133 -0.916016 -4.000000 -1.449437 -1.793343 -5.549253
-0.792236 -0.922607 -4.000000 -1.395561 -1.672062 -5.500124
-0.783447 -0.918823 -4.000000 -1.346194 -1.480291 -5.449096
-0.780273 -0.921265 -4.000000 -1.295878 -1.241764 -5.438178
-0.786133 -0.911499 -4.000000 -1.266685 -1.045247 -5.441501
-0.786865 -0.911011 -4.000000 -1.245324 -0.990184 -5.480899
-0.790649 -0.921021 -4.000000 -1.220641 -1.080373 -5.521247
-0.786377 -0.916382 -4.000000 -1.194296 -1.207825 -5.562307
-0.781006 -0.913696 -4.000000 -1.133775 -1.273568 -5.594822
-0.778320 -0.913574 -4.000000 -1.072541 -1.250783 -5.620930
-0.788086 -0.919556 -4.000000 -1.002763 -1.188363 -5.637306
-0.784424 -0.911133 -4.000000 -0.943190 -1.117161 -5.655344
-0.780029 -0.915771 -4.000000 -0.876735 -1.130452 -5.651072
-0.787720 -0.916016 -4.000000 -0.811466 -1.185040 -5.666025
-0.789795 -0.924683 -4.000000 -0.716293 -1.224676 -5.706135
-0.785767 -0.910889 -4.000000 -0.621832 -1.253394 -5.734853
-0.785034 -0.916870 -4.000000 -0.543747 -1.259565 -5.737939
-0.777832 -0.917358 -4.000000 -0.492244 -1.228711 -5.742211
-0.787231 -0.914551 -4.000000 -0.491294 -1.213284 -5.746246
-0.783691 -0.916260 -4.000000 -0.515978 -1.198331 -5.779236
-0.776123 -0.919312 -4.000000 -0.551816 -1.225625 -5.834774
-0.783203 -0.910278 -4.000000 -0.573651 -1.278315 -5.865628
-0.781738 -0.918213 -4.000000 -0.564395 -1.317239 -5.893159
-0.784058 -0.919800 -4.000000 -0.513130 -1.317476 -5.917130
-0.796875 -0.917725 -4.000000 -0.460203 -1.307745 -5.945374
-0.792358 -0.913940 -4.000000 -0.424127 -1.321036 -5.979788
-0.783447 -0.919434 -4.000000 -0.409887 -1.350229 -5.999962
-0.789185 -0.913940 -4.000000 -0.414396 -1.372539 -6.022035
-0.779175 -0.909912 -4.000000 -0.419855 -1.388678 -6.054551
-0.786011 -0.922241 -4.000000 -0.426263 -1.393899 -6.076860
-0.785889 -0.915283 -4.000000 -0.431010 -1.379896 -6.093000
-0.786377 -0.920410 -4.000000 -0.434807 -1.388915 -6.101307
-0.783813 -0.916382 -4.000000 -0.445013 -1.408615 -6.107715
-0.785645 -0.919434 -4.000000 -0.441216 -1.416447 -6.111275
-0.782471 -0.924927 -4.000000 -0.427450 -1.379184 -6.092525
-0.780518 -0.919800 -4.000000 -0.406801 -1.310593 -6.074013
-0.777954 -0.920044 -4.000000 -0.371675 -1.237492 -6.050041
-0.784302 -0.916382 -4.000000 -0.333463 -1.185989 -6.030342
-0.788330 -0.923584 -4.000000 -0.293353 -1.139945 -6.016814
-0.789795 -0.925293 -4.000000 -0.252530 -1.090816 -5.998064
-0.786865 -0.911865 -4.000000 -0.235916 -1.061148 -5.983111
-0.788086 -0.912231 -4.000000 -0.233543 -1.053316 -5.987621
-0.782715 -0.914917 -4.000000 -0.240426 -1.072066 -6.002336
-0.791504 -0.916870 -4.000000 -0.251581 -1.103870 -6.025358
-0.791138 -0.919678 -4.000000 -0.258464 -1.135436 -6.043633
-0.785522 -0.920776 -4.000000 -0.238290 -1.146828 -6.052889
-0.779419 -0.912354 -4.000000 -0.197230 -1.159407 -6.052177
-0.785034 -0.917358 -4.000000 -0.141692 -1.165815 -6.050279
-0.783569 -0.921265 -4.000000 -0.069303 -1.137335 -6.039835
-0.776245 -0.910645 -4.000000 0.004035 -1.100072 -6.033902
-0.790771 -0.912964 -4.000000 0.110363 -1.079898 -6.030579
-0.787231 -0.915039 -4.000000 0.216454 -1.067794 -6.038649
-0.782227 -0.911743 -4.000000 0.294539 -1.049281 -6.020611
-0.784912 -0.911865 -4.000000 0.328716 -1.026022 -6.005896
-0.785278 -0.922241 -4.000000 0.323732 -1.058063 -6.008507
-0.780273 -0.918701 -4.000000 0.294065 -1.155847 -6.016576
-0.783691 -0.914063 -4.000000 0.276501 -1.286622 -6.036275
-0.782471 -0.915894 -4.000000 0.289792 -1.407191 -6.045532
-0.785889 -0.913330 -4.000000 0.362181 -1.545323 -6.061908
-0.781128 -0.915771 -4.000000 0.476817 -1.678233 -6.053839
-0.783203 -0.909180 -4.000000 0.592876 -1.781476 -6.044582
-0.785767 -0.920410 -4.000000 0.706799 -1.844371 -6.024646
-0.791504 -0.918213 -4.000000 0.833776 -1.891602 -5.999962
-0.783813 -0.916260 -4.000000 0.917795 -1.920320 -5.966023
-0.783081 -0.913208 -4.000000 0.902842 -1.839150 -5.938254
-0.788086 -0.919678 -4.000000 0.831403 -1.689863 -5.910960
-0.789673 -0.922363 -4.000000 0.674521 -1.509959 -5.887938
-0.785156 -0.920166 -4.000000 0.550392 -1.394611 -5.904789
-0.781128 -0.916382 -4.000000 0.491532 -1.383694 -5.896719
-0.786865 -0.920532 -4.000000 0.489870 -1.456795 -5.907400
-0.783203 -0.917236 -4.000000 0.508858 -1.524437 -5.912147
-0.785767 -0.920166 -4.000000 0.503636 -1.568345 -5.919504
-0.786621 -0.915894 -4.000000 0.471832 -1.546272 -5.913096
-0.781494 -0.923706 -4.000000 0.411785 -1.529658 -5.933270
-0.776367 -0.912354 -4.000000 0.326818 -1.595164 -5.970057
-0.784180 -0.919678 -4.000000 0.221913 -1.304422 -5.997589
-0.782593 -0.917969 -4.000000 0.090189 -1.276891 -6.057161
-0.790039 -0.917847 -4.000000 -0.046281 -1.423092 -6.048854
-0.792236 -0.916626 -4.000000 -0.077373 -1.531082 -6.034852
-0.781860 -0.910400 -4.000000 -0.069066 -1.543187 -6.006845
-0.782349 -0.915771 -4.000000 -0.075000 -1.503551 -6.019661
-0.785767 -0.909424 -4.000000 -0.066218 -1.407191 -6.030579
-0.777954 -0.919678 -4.000000 -0.065269 -1.331716 -6.028681
-0.786377 -0.916870 -4.000000 -0.081882 -1.325308 -6.020374
-0.785156 -0.915894 -4.000000 -0.137895 -1.328868 -6.024171
-0.788818 -0.916138 -4.000000 -0.194144 -1.331716 -6.064044
-0.786865 -0.915527 -4.000000 -0.240188 -1.344295 -6.083032
-0.791260 -0.914673 -4.000000 -0.247071 -1.376099 -6.115310
-0.781616 -0.912964 -4.000000 -0.231407 -1.429738 -6.142129
-0.792236 -0.924072 -4.000000 -0.217641 -1.485750 -6.139044
-0.783936 -0.917969 -4.000000 -0.247783 -1.512570 -6.117208
-0.785645 -0.925537 -4.000000 -0.293590 -1.489310 -6.102731
-0.784546 -0.915161 -4.000000 -0.347229 -1.460829 -6.079234
-0.787598 -0.918335 -4.000000 -0.369776 -1.461304 -6.097272
-0.783691 -0.923218 -4.000000 -0.385441 -1.486937 -6.097509
-0.781372 -0.918823 -4.000000 -0.396833 -1.516367 -6.090626
-0.783203 -0.924316 -4.000000 -0.397545 -1.504263 -6.079709
-0.786255 -0.923950 -4.000000 -0.393748 -1.475545 -6.064994
-0.781494 -0.922852 -4.000000 -0.379270 -1.448488 -6.061196
-0.784302 -0.922852 -4.000000 -0.362419 -1.448250 -6.053839
-0.776001 -0.914185 -4.000000 -0.350077 -1.464390 -6.032003
-0.780762 -0.913574 -4.000000 -0.336311 -1.469136 -6.020374
-0.788452 -0.919434 -4.000000 -0.331564 -1.469136 -6.026782
-0.783203 -0.915405 -4.000000 -0.334887 -1.472696 -6.024883
-0.789429 -0.911621 -4.000000 -0.338685 -1.452523 -6.022510
-0.793091 -0.913696 -4.000000 -0.332988 -1.425940 -6.011592
-0.783081 -0.920166 -4.000000 -0.335362 -1.421194 -6.021798
-0.786011 -0.915527 -4.000000 -0.349128 -1.422380 -6.015627
-0.789185 -0.912231 -4.000000 -0.366216 -1.413361 -6.025120
-0.786377 -0.920898 -4.000000 -0.372624 -1.397934 -6.023222
-0.782471 -0.921387 -4.000000 -0.387102 -1.397697 -6.018238
-0.790039 -0.912476 -4.000000 -0.385441 -1.400308 -6.021086
-0.787354 -0.923462 -4.000000 -0.372862 -1.411937 -6.013966
-0.794922 -0.921631 -4.000000 -0.377846 -1.420482 -6.011355
-0.791504 -0.917358 -4.000000 -0.379744 -1.406953 -6.002810
-0.784180 -0.913330 -4.000000 -0.375710 -1.371827 -6.002336
-0.781982 -0.911011 -4.000000 -0.375472 -1.362096 -5.996640
-0.786621 -0.912354 -4.000000 -0.361469 -1.362571 -5.999962
