-0.783691 -0.925415 -4.000000 -0.484174 -1.333378 -5.990232
-0.780762 -0.924805 -4.000000 -0.471595 -1.203315 -5.863492
-0.790405 -0.918945 -4.000000 -0.327767 -1.013680 -5.816736
-0.784424 -0.921021 -4.000000 -0.154509 -0.829030 -5.805343
-0.779907 -0.913818 -4.000000 -0.023259 -0.709647 -5.788018
-0.779175 -0.917603 -4.000000 0.024209 -0.772780 -5.797274
-0.778809 -0.912354 -4.000000 -0.025158 -0.906877 -5.797037
-0.781006 -0.920898 -4.000000 -0.132436 -1.036940 -5.736040
-0.790527 -0.917847 -4.000000 -0.268907 -1.206875 -5.709220
-0.792236 -0.916992 -4.000000 -0.339634 -1.352128 -5.705186
-0.789551 -0.920044 -4.000000 -0.295251 -1.444453 -5.699252
-0.785034 -0.908447 -4.000000 -0.228559 -1.492396 -5.667923
-0.786499 -0.914917 -4.000000 -0.192008 -1.499991 -5.620930
-0.782104 -0.917603 -4.000000 -0.178480 -1.491446 -5.586753
-0.793457 -0.919312 -4.000000 -0.205062 -1.487412 -5.560646
-0.791260 -0.921021 -4.000000 -0.244223 -1.477918 -5.552576
-0.785400 -0.916382 -4.000000 -0.282910 -1.470798 -5.562544
-0.784790 -0.909302 -4.000000 -0.315900 -1.446114 -5.572038
-0.776978 -0.915283 -4.000000 -0.378558 -1.442792 -5.578209
-0.784424 -0.918579 -4.000000 -0.437655 -1.421194 -5.563731
-0.784058 -0.917114 -4.000000 -0.457355 -1.406716 -5.524095
-0.782471 -0.912476 -4.000000 -0.515740 -1.376574 -5.478289
-0.789307 -0.917725 -4.000000 -0.588841 -1.335514 -5.432007
-0.783936 -0.920288 -4.000000 -0.686388 -1.379184 -5.389286
-0.781006 -0.918457 -4.000000 -0.791530 -1.464390 -5.370536
-0.782471 -0.917603 -4.000000 -0.794141 -1.527522 -5.366264
-0.781128 -0.913696 -4.000000 -0.782274 -1.630053 -5.337546
-0.790649 -0.917480 -4.000000 -0.800074 -1.747774 -5.320220
-0.789185 -0.916016 -4.000000 -0.798887 -1.836539 -5.301707
-0.780884 -0.918823 -4.000000 -0.829030 -1.921744 -5.286043
-0.785889 -0.920776 -4.000000 -0.883855 -1.988912 -5.296960
-0.791382 -0.913940 -4.000000 -0.933459 -2.065573 -5.321169
-0.785645 -0.919556 -4.000000 -0.968586 -2.071269 -5.333036
-0.784180 -0.918335 -4.000000 -0.933222 -1.987725 -5.323068
-0.784424 -0.917236 -4.000000 -0.888602 -1.884719 -5.309777
-0.784912 -0.921265 -4.000000 -0.836387 -1.803311 -5.289366
-0.785156 -0.921021 -4.000000 -0.942478 -1.622458 -5.319271
-0.782593 -0.919922 -4.000000 -0.993981 -1.560987 -5.091661
-0.782837 -0.913574 -4.000000 -1.077762 -1.260989 -4.949732
-0.780518 -0.914673 -4.000000 -1.239391 -1.054265 -5.005269
-0.789185 -0.923218 -4.000000 -1.409564 -1.111702 -5.031851
-0.783569 -0.922607 -4.000000 -1.487886 -1.120721 -5.082405
-0.781250 -0.913452 -4.000000 -1.601572 -1.026022 -5.186597
-0.782104 -0.913574 -4.000000 -1.671113 -1.068506 -5.258986
-0.789063 -0.914917 -4.000000 -1.622221 -1.094613 -5.254714
-0.786499 -0.915771 -4.000000 -1.542712 -1.045721 -5.294825
-0.787964 -0.908691 -4.000000 -1.429026 -1.093189 -5.190157
-0.782227 -0.918945 -4.000000 -1.326257 -1.028395 -5.207246
-0.780640 -0.916138 -4.000000 -1.297065 -0.975231 -5.288416
-0.787964 -0.921387 -4.000000 -1.219692 -0.996592 -5.249255
-0.785400 -0.916504 -4.000000 -1.176733 -0.877684 -5.258037
-0.790405 -0.910034 -4.000000 -1.143505 -0.850628 -5.263495
-0.782104 -0.922729 -4.000000 -1.072778 -0.948886 -5.284619
-0.789673 -0.921997 -4.000000 -0.990896 -1.051180 -5.318084
-0.789185 -0.921265 -4.000000 -0.948412 -1.167714 -5.345615
-0.791382 -0.919189 -4.000000 -0.918032 -1.304897 -5.394032
-0.788696 -0.924561 -4.000000 -0.867004 -1.412887 -5.340157
-0.782471 -0.916016 -4.000000 -0.800074 -1.393188 -5.575361
-0.782593 -0.917603 -4.000000 -0.698255 -1.484801 -5.618556
-0.785522 -0.917114 -4.000000 -0.581484 -1.492870 -5.677892
-0.785400 -0.919922 -4.000000 -0.567481 -1.429738 -5.623303
-0.783936 -0.918945 -4.000000 -0.562734 -1.385118 -5.544032
-0.781372 -0.919800 -4.000000 -0.409887 -1.515418 -5.601231
-0.788330 -0.921875 -4.000000 -0.351976 -1.650939 -5.693556
-0.794189 -0.916870 -4.000000 -0.391849 -1.600623 -5.767132
-0.786133 -0.916260 -4.000000 -0.497465 -1.408377 -5.754552
-0.777710 -0.917480 -4.000000 -0.529032 -1.274517 -5.727021
-0.789185 -0.920776 -4.000000 -0.519775 -1.221116 -5.701626
-0.781982 -0.912842 -4.000000 -0.470883 -1.213046 -5.684300
-0.781006 -0.916748 -4.000000 -0.410124 -1.254343 -5.706610
-0.785767 -0.912964 -4.000000 -0.356485 -1.333378 -5.738176
-0.778931 -0.914185 -4.000000 -0.308068 -1.406241 -5.760249
-0.780151 -0.917603 -4.000000 -0.267008 -1.433535 -5.796324
-0.786255 -0.917725 -4.000000 -0.245647 -1.426415 -5.807954
-0.786255 -0.917603 -4.000000 -0.218590 -1.405292 -5.820770
-0.785278 -0.919189 -4.000000 -0.208147 -1.339549 -5.812701
-0.782837 -0.920532 -4.000000 -0.201027 -1.262650 -5.816261
-0.780151 -0.916260 -4.000000 -0.212182 -1.195483 -5.866815
-0.778076 -0.921997 -4.000000 -0.272941 -1.162967 -5.928048
-0.786743 -0.917725 -4.000000 -0.308305 -1.180293 -5.974092
-0.783325 -0.918457 -4.000000 -0.260600 -1.266685 -5.971956
-0.778809 -0.918091 -4.000000 -0.090901 -1.426415 -5.895770
-0.786133 -0.910156 -4.000000 0.200553 -1.557190 -5.844267
-0.786987 -0.916260 -4.000000 0.476342 -1.501177 -5.844030
-0.784302 -0.922241 -4.000000 0.646278 -1.306084 -5.802970
-0.782227 -0.916626 -4.000000 0.782036 -1.188600 -5.744110
-0.786255 -0.920044 -4.000000 0.884093 -1.217793 -5.730819
-0.784668 -0.913452 -4.000000 0.922067 -1.250309 -5.725597
-0.786133 -0.915649 -4.000000 0.890738 -1.214470 -5.720613
-0.785278 -0.915527 -4.000000 0.793191 -1.257666 -5.741973
-0.783691 -0.915894 -4.000000 0.626578 -1.328156 -5.782084
-0.784180 -0.913940 -4.000000 0.510994 -1.351416 -5.817210
-0.780884 -0.913818 -4.000000 0.487260 -1.354976 -5.869900
-0.780273 -0.919312 -4.000000 0.517402 -1.360197 -5.905976
-0.787231 -0.913818 -4.000000 0.527370 -1.375624 -5.946323
-0.781738 -0.918335 -4.000000 0.542560 -1.389627 -5.941102
-0.778076 -0.916626 -4.000000 0.569854 -1.386542 -5.941339
-0.782837 -0.918579 -4.000000 0.558462 -1.411700 -5.950833
-0.786743 -0.913452 -4.000000 0.477291 -1.446114 -5.963887
-0.780518 -0.910645 -4.000000 0.395409 -1.453472 -5.958428
-0.789307 -0.919678 -4.000000 0.392323 -1.405054 -5.879394
-0.789307 -0.917236 -4.000000 0.533778 -1.317951 -5.829077
-0.783691 -0.910767 -4.000000 0.572465 -1.109091 -5.774252
-0.782837 -0.916138 -4.000000 0.478241 -1.054028 -5.783745
-0.778442 -0.924072 -4.000000 0.312577 -1.156322 -5.833112
-0.786865 -0.921997 -4.000000 0.146914 -1.269533 -5.880105
-0.787231 -0.919556 -4.000000 0.104192 -1.370640 -5.892922
-0.786255 -0.916260 -4.000000 0.151660 -1.447776 -5.885564
-0.784058 -0.912476 -4.000000 0.245410 -1.473646 -5.889599
-0.778809 -0.915649 -4.000000 0.296675 -1.474833 -5.868001
-0.781494 -0.921021 -4.000000 0.288131 -1.475782 -5.847353
-0.782715 -0.918335 -4.000000 0.268907 -1.460117 -5.840707
-0.788208 -0.924194 -4.000000 0.230932 -1.457032 -5.847827
-0.789551 -0.916138 -4.000000 0.121281 -1.465339 -5.836910
-0.787231 -0.916748 -4.000000 0.005459 -1.407191 -5.810802
-0.790039 -0.913452 -4.000000 -0.045332 -1.340023 -5.813888
-0.781860 -0.918213 -4.000000 -0.063370 -1.311780 -5.844030
-0.783813 -0.919434 -4.000000 -0.101344 -1.329106 -5.894821
-0.786621 -0.924438 -4.000000 -0.169936 -1.381320 -5.923064
-0.785278 -0.916138 -4.000000 -0.238764 -1.416684 -5.930659
-0.788208 -0.920410 -4.000000 -0.278163 -1.416684 -5.922115
-0.782349 -0.921387 -4.000000 -0.283622 -1.418583 -5.925200
-0.778442 -0.916382 -4.000000 -0.306406 -1.420719 -5.910010
-0.782715 -0.917480 -4.000000 -0.351738 -1.434247 -5.900991
-0.785278 -0.919434 -4.000000 -0.392798 -1.433298 -5.889836
-0.785400 -0.916748 -4.000000 -0.401817 -1.396748 -5.888175
-0.781982 -0.912964 -4.000000 -0.388526 -1.356637 -5.893396
-0.782227 -0.918701 -4.000000 -0.373099 -1.347618 -5.898143
-0.783569 -0.918945 -4.000000 -0.365504 -1.347381 -5.903602
-0.782837 -0.918213 -4.000000 -0.361707 -1.350704 -5.882004
-0.787231 -0.916382 -4.000000 -0.345805 -1.366131 -5.876308
-0.785522 -0.918945 -4.000000 -0.332039 -1.360909 -5.861830
-0.784424 -0.916870 -4.000000 -0.323020 -1.359010 -5.838571
-0.780884 -0.915405 -4.000000 -0.316612 -1.363283 -5.823144
-0.788696 -0.919067 -4.000000 -0.320409 -1.359248 -5.813176
-0.780273 -0.914673 -4.000000 -0.304033 -1.377760 -5.816736
-0.782104 -0.912964 -4.000000 -0.320884 -1.420244 -5.827416
-0.779053 -0.915771 -4.000000 -0.344855 -1.447776 -5.838809
-0.786011 -0.913452 -4.000000 -0.346042 -1.472696 -5.839283
-0.782715 -0.919189 -4.000000 -0.340583 -1.473883 -5.843318
-0.786865 -0.910156 -4.000000 -0.334650 -1.454896 -5.836197
-0.789063 -0.914185 -4.000000 -0.330852 -1.439469 -5.824568
-0.790283 -0.921021 -4.000000 -0.354349 -1.434959 -5.809378
-0.786011 -0.913086 -4.000000 -0.369301 -1.440655 -5.776863
-0.783813 -0.918701 -4.000000 -0.336786 -1.439469 -5.752654
-0.786011 -0.919067 -4.000000 -0.303084 -1.422380 -5.749094
-0.789429 -0.919067 -4.000000 -0.287656 -1.414311 -5.747907
-0.786743 -0.910522 -4.000000 -0.297150 -1.387491 -5.749331
-0.780029 -0.916626 -4.000000 -0.305220 -1.372776 -5.765233
-0.778809 -0.922852 -4.000000 -0.276264 -1.405529 -5.793477
