-0.785278 -0.918457 -4.000000 -0.290505 -1.176258 -5.762147
-0.781738 -0.914185 -4.000000 -0.242562 -1.233695 -5.750043
-0.782959 -0.917847 -4.000000 -0.184888 -1.226812 -5.741736
-0.788452 -0.922363 -4.000000 -0.171834 -1.225625 -5.735091
-0.784790 -0.915527 -4.000000 -0.192246 -1.234169 -5.707085
-0.778076 -0.918213 -4.000000 -0.236866 -1.238204 -5.705898
-0.787354 -0.922729 -4.000000 -0.302609 -1.242714 -5.694980
-0.788574 -0.923462 -4.000000 -0.368115 -1.273331 -5.703525
-0.781738 -0.924561 -4.000000 -0.403241 -1.309881 -5.698778
-0.788940 -0.915405 -4.000000 -0.423890 -1.345007 -5.687623
-0.784302 -0.920532 -4.000000 -0.420567 -1.362333 -5.658905
-0.783691 -0.916260 -4.000000 -0.405615 -1.344770 -5.643714
-0.780151 -0.919556 -4.000000 -0.385678 -1.307033 -5.619981
-0.785156 -0.915771 -4.000000 -0.344143 -1.258378 -5.588652
-0.784302 -0.918701 -4.000000 -0.341770 -1.230609 -5.556848
-0.787476 -0.913940 -4.000000 -0.383067 -1.192635 -5.538810
-0.783569 -0.915649 -4.000000 -0.478953 -1.182429 -5.516975
-0.784180 -0.920776 -4.000000 -0.603082 -1.241052 -5.506769
-0.779785 -0.914429 -4.000000 -0.697068 -1.346906 -5.491817
-0.787842 -0.919556 -4.000000 -0.757115 -1.412175 -5.462387
-0.785889 -0.919678 -4.000000 -0.779663 -1.389865 -5.424650
-0.780273 -0.916626 -4.000000 -0.766134 -1.320087 -5.383352
-0.787842 -0.914673 -4.000000 -0.754030 -1.248410 -5.352973
-0.785156 -0.918091 -4.000000 -0.782036 -1.231084 -5.332087
-0.789063 -0.917603 -4.000000 -0.872938 -1.241764 -5.314049
-0.785156 -0.918213 -4.000000 -0.961228 -1.344770 -5.302894
-0.783936 -0.923584 -4.000000 -1.047857 -1.415972 -5.270379
-0.780273 -0.916748 -4.000000 -1.083696 -1.455371 -5.239287
-0.779541 -0.917725 -4.000000 -1.070167 -1.423330 -5.203923
-0.784668 -0.916992 -4.000000 -1.034804 -1.399833 -5.193717
-0.786987 -0.914673 -4.000000 -1.006086 -1.392713 -5.215078
-0.785034 -0.914673 -4.000000 -1.035278 -1.347381 -5.236676
-0.785889 -0.913696 -4.000000 -1.109566 -1.297777 -5.264445
-0.788452 -0.915405 -4.000000 -1.211385 -1.291843 -5.270616
-0.781860 -0.918945 -4.000000 -1.340261 -1.315340 -5.283669
-0.784912 -0.920654 -4.000000 -1.442317 -1.321748 -5.302182
-0.789673 -0.916016 -4.000000 -1.507348 -1.243663 -5.283907
-0.786255 -0.921021 -4.000000 -1.528946 -1.102208 -5.313574
-0.783325 -0.914063 -4.000000 -1.530607 -0.985200 -5.364128
-0.775879 -0.913818 -4.000000 -1.491209 -0.913760 -5.386438
-0.778198 -0.918579 -4.000000 -1.410988 -0.881007 -5.439602
-0.781860 -0.912964 -4.000000 -1.340023 -0.901418 -5.478526
-0.784668 -0.912720 -4.000000 -1.257192 -0.983538 -5.469270
-0.785522 -0.912720 -4.000000 -1.182192 -1.042873 -5.488969
-0.782104 -0.924561 -4.000000 -1.110278 -1.163205 -5.507719
-0.789795 -0.915649 -4.000000 -1.036228 -1.266210 -5.520535
-0.788696 -0.915161 -4.000000 -0.940342 -1.296590 -5.524570
-0.784424 -0.916016 -4.000000 -0.824995 -1.286384 -5.519823
-0.786133 -0.914063 -4.000000 -0.716530 -1.245799 -5.506057
-0.784424 -0.917725 -4.000000 -0.634411 -1.210910 -5.489206
-0.785645 -0.914551 -4.000000 -0.599759 -1.211385 -5.487782
-0.780640 -0.918945 -4.000000 -0.598810 -1.212572 -5.487545
-0.778564 -0.918823 -4.000000 -0.634411 -1.207113 -5.496801
-0.789429 -0.915771 -4.000000 -0.681879 -1.205214 -5.512465
-0.785645 -0.913818 -4.000000 -0.714394 -1.216844 -5.518399
-0.783691 -0.919067 -4.000000 -0.733856 -1.253394 -5.540946
-0.787964 -0.916748 -4.000000 -0.713208 -1.284248 -5.556136
-0.780884 -0.915649 -4.000000 -0.673097 -1.286147 -5.544269
-0.783813 -0.920898 -4.000000 -0.568667 -1.322935 -5.577022
-0.783691 -0.915649 -4.000000 -0.479665 -1.316764 -5.587465
-0.787231 -0.913208 -4.000000 -0.414159 -1.273093 -5.592449
-0.785400 -0.907471 -4.000000 -0.391849 -1.238916 -5.591025
-0.786621 -0.920776 -4.000000 -0.394934 -1.259802 -5.603841
-0.784790 -0.919434 -4.000000 -0.390187 -1.295641 -5.626152
-0.786133 -0.917236 -4.000000 -0.381881 -1.312492 -5.645139
-0.783813 -0.921509 -4.000000 -0.390425 -1.303236 -5.649411
-0.783569 -0.918701 -4.000000 -0.383067 -1.295878 -5.658192
-0.782104 -0.917847 -4.000000 -0.365979 -1.300387 -5.664838
-0.787109 -0.915039 -4.000000 -0.347704 -1.320799 -5.677654
-0.780884 -0.921631 -4.000000 -0.338210 -1.359485 -5.690945
-0.783325 -0.915039 -4.000000 -0.323732 -1.408615 -5.702575
-0.785767 -0.919312 -4.000000 -0.315663 -1.433061 -5.706372
-0.784302 -0.921631 -4.000000 -0.287419 -1.456320 -5.715391
-0.784668 -0.917236 -4.000000 -0.271517 -1.422143 -5.712780
-0.787598 -0.916260 -4.000000 -0.267245 -1.339549 -5.694743
-0.786133 -0.917358 -4.000000 -0.268907 -1.286147 -5.712306
-0.791138 -0.915405 -4.000000 -0.277213 -1.271669 -5.719664
-0.785522 -0.918945 -4.000000 -0.287419 -1.291843 -5.741024
-0.786011 -0.920776 -4.000000 -0.229983 -1.356874 -5.745296
-0.783447 -0.909058 -4.000000 -0.154034 -1.414311 -5.731531
-0.789185 -0.920410 -4.000000 -0.063133 -1.445402 -5.711119
-0.790039 -0.915527 -4.000000 0.028956 -1.472934 -5.680977
-0.792236 -0.918823 -4.000000 0.096360 -1.454659 -5.655581
-0.786377 -0.918701 -4.000000 0.131012 -1.422380 -5.650360
-0.784424 -0.913452 -4.000000 0.087579 -1.410751 -5.669347
-0.778076 -0.911743 -4.000000 -0.019225 -1.396985 -5.670297
-0.793091 -0.915405 -4.000000 -0.070015 -1.397697 -5.628762
-0.787598 -0.919556 -4.000000 -0.007358 -1.415497 -5.595297
-0.786011 -0.917725 -4.000000 0.077848 -1.451336 -5.584617
-0.783691 -0.915405 -4.000000 0.216454 -1.551256 -5.629712
-0.784058 -0.923584 -4.000000 0.289792 -1.700543 -5.686199
-0.790039 -0.922119 -4.000000 0.270805 -1.849118 -5.733192
-0.793335 -0.917725 -4.000000 0.122468 -1.962804 -5.713493
-0.788086 -0.916016 -4.000000 -0.025158 -1.878786 -5.649411
-0.783203 -0.925049 -4.000000 0.006646 -1.673012 -5.582243
-0.783936 -0.918823 -4.000000 0.199841 -1.494294 -5.550677
-0.793335 -0.920654 -4.000000 0.478953 -1.367792 -5.551864
-0.787476 -0.919067 -4.000000 0.688287 -1.330292 -5.575598
-0.789917 -0.921387 -4.000000 0.767321 -1.386067 -5.625914
-0.786865 -0.922974 -4.000000 0.717717 -1.511620 -5.658905
-0.787964 -0.917725 -4.000000 0.589791 -1.613677 -5.672907
-0.787720 -0.914673 -4.000000 0.435282 -1.651651 -5.669110
-0.786865 -0.919067 -4.000000 0.374523 -1.574990 -5.657480
-0.779907 -0.920776 -4.000000 0.314713 -1.453709 -5.671009
-0.784668 -0.918579 -4.000000 0.287182 -1.323884 -5.652021
-0.780884 -0.914429 -4.000000 0.302609 -1.234644 -5.653920
-0.789307 -0.916748 -4.000000 0.274840 -1.177683 -5.669347
-0.787109 -0.916260 -4.000000 0.173733 -1.168189 -5.673857
-0.787720 -0.913086 -4.000000 0.047231 -1.210910 -5.700913
-0.789429 -0.915039 -4.000000 -0.044620 -1.271669 -5.712069
-0.786499 -0.919189 -4.000000 -0.099920 -1.373013 -5.742448
-0.782837 -0.914917 -4.000000 -0.087341 -1.464390 -5.768081
-0.780151 -0.920532 -4.000000 -0.067642 -1.532744 -5.761910
-0.788208 -0.917114 -4.000000 -0.052927 -1.556240 -5.743872
-0.786377 -0.914429 -4.000000 -0.041535 -1.502839 -5.702100
-0.781982 -0.914185 -4.000000 -0.018513 -1.382507 -5.668873
-0.784546 -0.919434 -4.000000 0.006171 -1.301574 -5.652021
-0.780518 -0.918823 -4.000000 -0.022785 -1.250783 -5.647749
-0.788696 -0.910278 -4.000000 -0.067642 -1.230135 -5.654395
-0.783813 -0.921875 -4.000000 -0.091139 -1.250071 -5.687385
-0.789795 -0.916016 -4.000000 -0.100395 -1.333378 -5.721562
-0.784424 -0.916504 -4.000000 -0.115110 -1.425703 -5.742685
-0.782104 -0.919678 -4.000000 -0.121281 -1.494769 -5.747195
-0.783569 -0.920288 -4.000000 -0.106803 -1.502601 -5.737939
-0.780640 -0.921509 -4.000000 -0.099683 -1.462016 -5.719426
-0.782959 -0.921631 -4.000000 -0.089952 -1.422380 -5.714917
-0.790894 -0.921997 -4.000000 -0.103955 -1.398884 -5.715629
-0.790161 -0.915161 -4.000000 -0.160917 -1.375387 -5.726546
-0.785767 -0.913574 -4.000000 -0.224524 -1.376811 -5.748382
-0.782837 -0.919922 -4.000000 -0.259413 -1.398172 -5.768318
-0.784180 -0.918701 -4.000000 -0.275552 -1.421431 -5.769979
-0.789185 -0.913452 -4.000000 -0.285758 -1.422380 -5.769742
-0.789551 -0.916626 -4.000000 -0.288843 -1.421668 -5.764996
-0.784180 -0.918579 -4.000000 -0.275315 -1.430450 -5.759774
-0.788818 -0.915527 -4.000000 -0.277688 -1.419532 -5.747907
-0.789063 -0.909790 -4.000000 -0.273653 -1.415023 -5.742685
-0.784546 -0.919189 -4.000000 -0.290030 -1.412412 -5.747432
-0.779175 -0.913574 -4.000000 -0.314001 -1.396510 -5.750518
-0.783081 -0.915894 -4.000000 -0.334650 -1.383219 -5.756451
-0.787598 -0.917969 -4.000000 -0.345805 -1.373726 -5.758112
-0.782593 -0.918701 -4.000000 -0.361232 -1.373251 -5.768556
-0.790405 -0.921875 -4.000000 -0.363368 -1.374200 -5.779948
-0.785522 -0.925537 -4.000000 -0.342719 -1.367792 -5.784695
-0.784790 -0.916504 -4.000000 -0.297862 -1.354501 -5.780423
-0.778442 -0.922729 -4.000000 -0.271280 -1.361859 -5.778286
-0.786133 -0.915039 -4.000000 -0.280062 -1.368504 -5.778998
-0.785645 -0.922729 -4.000000 -0.325868 -1.395798 -5.797511
-0.788208 -0.916382 -4.000000 -0.389950 -1.418583 -5.807005
-0.786743 -0.917114 -4.000000 -0.442165 -1.419295 -5.800359
-0.785767 -0.924438 -4.000000 -0.454507 -1.420007 -5.798698
