-0.790894 -0.916748 -4.000000 -0.326343 -1.312966 -5.997114
-0.789795 -0.917725 -4.000000 -0.354349 -1.272619 -6.026545
-0.781860 -0.920288 -4.000000 -0.364080 -1.274517 -6.012067
-0.785034 -0.916626 -4.000000 -0.384017 -1.310356 -6.000437
-0.775635 -0.922607 -4.000000 -0.379507 -1.345007 -6.025833
-0.783569 -0.920044 -4.000000 -0.375947 -1.371827 -6.034614
-0.777954 -0.919678 -4.000000 -0.356010 -1.378710 -6.031528
-0.776611 -0.917603 -4.000000 -0.333463 -1.371115 -6.018950
-0.786621 -0.915039 -4.000000 -0.311628 -1.355925 -5.995453
-0.783081 -0.915771 -4.000000 -0.307593 -1.339549 -5.989520
-0.787842 -0.921387 -4.000000 -0.310678 -1.318425 -5.980026
-0.780029 -0.916382 -4.000000 -0.318748 -1.302286 -5.969346
-0.781250 -0.920654 -4.000000 -0.326818 -1.295878 -5.965548
-0.774292 -0.915771 -4.000000 -0.328242 -1.302761 -5.967921
-0.787842 -0.911499 -4.000000 -0.323732 -1.326257 -5.983348
-0.785034 -0.916138 -4.000000 -0.314713 -1.342159 -5.992368
-0.780396 -0.916016 -4.000000 -0.323020 -1.339549 -5.980501
-0.786987 -0.914429 -4.000000 -0.328716 -1.338599 -5.978602
-0.788452 -0.920776 -4.000000 -0.343194 -1.371590 -5.969820
-0.785889 -0.920410 -4.000000 -0.355298 -1.419058 -5.969108
-0.792847 -0.919312 -4.000000 -0.384491 -1.450387 -5.965311
-0.788452 -0.912842 -4.000000 -0.389713 -1.465102 -5.967684
-0.779785 -0.917847 -4.000000 -0.398494 -1.461779 -5.972668
-0.782227 -0.920898 -4.000000 -0.408225 -1.444216 -5.968871
-0.781372 -0.914917 -4.000000 -0.402054 -1.433535 -5.965311
-0.782227 -0.910400 -4.000000 -0.388289 -1.464152 -5.971956
-0.782227 -0.913330 -4.000000 -0.385678 -1.509959 -5.961513
-0.784668 -0.919678 -4.000000 -0.392323 -1.543424 -5.953681
-0.789551 -0.913696 -4.000000 -0.404665 -1.575227 -5.946561
-0.784424 -0.917725 -4.000000 -0.463763 -1.621984 -5.930184
-0.788940 -0.914673 -4.000000 -0.553715 -1.689626 -5.939441
-0.781494 -0.916382 -4.000000 -0.656009 -1.761777 -5.956529
-0.788574 -0.924683 -4.000000 -0.743587 -1.818976 -5.962700
-0.781616 -0.914795 -4.000000 -0.788207 -1.839150 -5.946086
-0.785034 -0.920654 -4.000000 -0.800074 -1.829894 -5.887226
-0.781860 -0.921021 -4.000000 -0.796989 -1.782663 -5.823144
-0.793579 -0.909912 -4.000000 -0.796039 -1.738518 -5.751705
-0.788574 -0.920532 -4.000000 -0.806482 -1.704815 -5.677654
-0.786133 -0.916992 -4.000000 -0.847067 -1.637648 -5.627813
-0.783936 -0.919312 -4.000000 -0.940817 -1.606082 -5.616420
-0.785156 -0.916626 -4.000000 -1.102920 -1.656873 -5.652733
-0.784912 -0.920654 -4.000000 -1.308457 -1.753945 -5.696879
-0.789429 -0.913940 -4.000000 -1.488361 -1.877124 -5.727258
-0.784668 -0.910278 -4.000000 -1.576414 -1.953310 -5.743398
-0.787476 -0.915894 -4.000000 -1.571430 -1.906554 -5.691183
-0.795410 -0.915894 -4.000000 -1.514706 -1.764150 -5.614522
-0.786499 -0.912598 -4.000000 -1.458931 -1.615338 -5.522196
-0.783813 -0.918457 -4.000000 -1.453235 -1.456557 -5.447909
-0.785034 -0.918701 -4.000000 -1.451098 -1.284248 -5.447671
-0.783081 -0.915161 -4.000000 -1.444216 -1.126654 -5.470694
-0.786255 -0.917603 -4.000000 -1.457744 -1.012731 -5.507244
-0.784668 -0.921265 -4.000000 -1.500703 -0.983775 -5.539522
-0.784790 -0.921997 -4.000000 -1.542237 -1.023649 -5.591500
-0.784790 -0.920288 -4.000000 -1.575227 -1.080610 -5.653446
-0.782349 -0.915527 -4.000000 -1.579974 -1.160831 -5.699252
-0.783325 -0.913574 -4.000000 -1.558376 -1.236780 -5.714679
-0.789185 -0.914429 -4.000000 -1.487412 -1.238679 -5.732717
-0.788818 -0.917480 -4.000000 -1.416447 -1.190974 -5.754315
-0.784180 -0.914063 -4.000000 -1.380134 -1.103395 -5.718002
-0.785034 -0.915649 -4.000000 -1.312966 -1.090104 -5.711357
-0.788208 -0.914673 -4.000000 -1.205926 -1.108616 -5.739363
-0.779419 -0.917114 -4.000000 -1.103395 -1.113601 -5.781610
-0.790283 -0.913940 -4.000000 -0.987098 -1.143980 -5.810090
-0.783936 -0.917603 -4.000000 -0.889789 -1.218268 -5.842369
-0.791748 -0.917358 -4.000000 -0.825944 -1.304659 -5.850676
-0.782837 -0.922485 -4.000000 -0.797701 -1.339311 -5.864441
-0.786621 -0.915771 -4.000000 -0.767084 -1.300387 -5.876545
-0.784668 -0.919800 -4.000000 -0.737416 -1.232745 -5.913570
-0.786499 -0.910645 -4.000000 -0.712021 -1.203078 -5.881530
-0.786255 -0.919189 -4.000000 -0.662417 -1.228236 -5.893634
-0.779053 -0.915161 -4.000000 -0.614711 -1.256242 -5.928048
-0.786377 -0.924194 -4.000000 -0.580060 -1.300150 -5.935406
-0.782837 -0.918091 -4.000000 -0.561310 -1.345957 -5.949646
-0.779785 -0.914551 -4.000000 -0.549205 -1.351653 -5.957953
-0.785400 -0.916138 -4.000000 -0.538050 -1.345719 -5.961988
-0.784546 -0.915283 -4.000000 -0.520013 -1.338125 -5.968871
-0.785034 -0.914795 -4.000000 -0.489633 -1.334327 -5.965311
-0.788086 -0.918579 -4.000000 -0.460678 -1.323647 -5.954630
-0.780518 -0.919434 -4.000000 -0.437418 -1.304185 -5.965311
-0.787109 -0.918457 -4.000000 -0.416058 -1.284011 -5.975279
-0.785400 -0.908691 -4.000000 -0.387102 -1.284723 -5.980738
-0.778931 -0.917725 -4.000000 -0.383779 -1.309881 -6.004234
-0.780762 -0.918457 -4.000000 -0.367640 -1.331716 -6.019661
-0.787964 -0.917847 -4.000000 -0.349840 -1.324834 -6.021798
-0.784058 -0.918701 -4.000000 -0.311628 -1.299201 -6.036275
-0.791382 -0.922607 -4.000000 -0.273416 -1.268584 -6.041972
-0.784180 -0.924683 -4.000000 -0.248495 -1.245562 -6.037462
-0.790527 -0.912354 -4.000000 -0.248495 -1.239866 -6.039598
-0.785889 -0.915771 -4.000000 -0.231881 -1.236543 -6.033190
-0.779297 -0.915039 -4.000000 -0.202689 -1.217556 -6.046956
-0.789063 -0.909180 -4.000000 -0.180379 -1.181005 -6.063095
-0.782227 -0.916626 -4.000000 -0.159255 -1.127129 -6.076386
-0.784668 -0.918945 -4.000000 -0.160205 -1.066133 -6.082794
-0.791870 -0.917847 -4.000000 -0.190584 -0.994218 -6.093237
-0.783813 -0.913574 -4.000000 -0.235679 -0.924915 -6.125515
-0.775024 -0.915527 -4.000000 -0.242562 -0.890263 -6.151623
-0.782715 -0.917847 -4.000000 -0.184651 -0.888365 -6.168237
-0.794922 -0.922974 -4.000000 -0.036550 -0.874836 -6.184138
-0.790161 -0.921997 -4.000000 0.136708 -0.893349 -6.186037
-0.785034 -0.919800 -4.000000 0.302372 -0.925627 -6.161829
-0.786011 -0.916138 -4.000000 0.458541 -0.920643 -6.125990
-0.788696 -0.915405 -4.000000 0.591689 -0.883143 -6.115547
-0.788452 -0.915894 -4.000000 0.673097 -0.827131 -6.107478
-0.788818 -0.916260 -4.000000 0.717954 -0.770169 -6.093237
-0.782715 -0.912964 -4.000000 0.728397 -0.756641 -6.106766
-0.783325 -0.920044 -4.000000 0.738840 -0.796751 -6.121955
-0.786865 -0.910522 -4.000000 0.740502 -0.833064 -6.143553
-0.782104 -0.919189 -4.000000 0.793429 -0.992794 -6.205262
-0.784790 -0.923706 -4.000000 0.844694 -1.190261 -6.225910
-0.787476 -0.918579 -4.000000 0.922067 -1.340498 -6.202651
-0.785156 -0.913330 -4.000000 1.059250 -1.425228 -6.174882
-0.790771 -0.917725 -4.000000 1.169138 -1.463915 -6.170847
-0.782227 -0.921509 -4.000000 1.246749 -1.474833 -6.149961
-0.783447 -0.918701 -4.000000 1.251970 -1.500228 -6.138332
-0.781006 -0.920776 -4.000000 1.183616 -1.510434 -6.123379
-0.786255 -0.922607 -4.000000 1.063047 -1.450387 -6.081607
-0.796021 -0.917725 -4.000000 0.923966 -1.381795 -6.079709
-0.782104 -0.916504 -4.000000 0.782748 -1.342871 -6.083506
-0.789063 -0.918213 -4.000000 0.643192 -1.325308 -6.060959
-0.790771 -0.915283 -4.000000 0.549917 -1.411937 -6.071165
-0.783203 -0.913208 -4.000000 0.463763 -1.460355 -6.068554
-0.776611 -0.913940 -4.000000 0.407513 -1.420482 -6.037462
-0.780518 -0.921265 -4.000000 0.396121 -1.323172 -5.956054
-0.780518 -0.911255 -4.000000 0.391611 -1.216844 -5.878919
-0.786865 -0.915527 -4.000000 0.370251 -1.137809 -5.832400
-0.777222 -0.921753 -4.000000 0.316612 -1.127366 -5.806056
-0.786377 -0.918823 -4.000000 0.216217 -1.165815 -5.799172
-0.782593 -0.916748 -4.000000 0.088291 -1.207350 -5.831688
-0.780518 -0.918213 -4.000000 -0.026107 -1.190024 -5.894109
-0.786377 -0.919556 -4.000000 -0.146202 -1.146354 -5.929947
-0.790527 -0.914429 -4.000000 -0.229745 -1.101259 -5.977890
-0.788940 -0.916504 -4.000000 -0.267957 -1.086781 -6.003760
-0.783813 -0.911621 -4.000000 -0.282198 -1.139233 -6.023696
-0.789185 -0.923706 -4.000000 -0.269381 -1.248410 -6.037225
-0.781250 -0.919678 -4.000000 -0.273179 -1.361621 -6.056212
-0.788940 -0.914673 -4.000000 -0.295251 -1.431399 -6.064756
-0.786377 -0.911133 -4.000000 -0.326580 -1.425466 -6.063095
-0.787720 -0.918701 -4.000000 -0.338210 -1.382507 -6.049567
-0.784790 -0.922729 -4.000000 -0.313052 -1.327444 -6.038649
-0.788330 -0.912964 -4.000000 -0.274840 -1.310830 -6.023459
-0.787476 -0.918335 -4.000000 -0.257277 -1.345245 -6.009219
-0.787231 -0.919434 -4.000000 -0.254666 -1.387966 -6.000437
-0.789429 -0.914551 -4.000000 -0.289080 -1.436621 -5.998538
-0.793823 -0.914795 -4.000000 -0.307118 -1.547933 -6.023459
-0.785034 -0.919800 -4.000000 -0.313527 -1.565497 -6.076149
-0.791992 -0.917725 -4.000000 -0.317087 -1.500703 -6.107952
-0.781494 -0.920654 -4.000000 -0.328954 -1.485276 -6.084455
-0.792114 -0.920776 -4.000000 -0.339397 -1.471272 -6.061196
-0.784668 -0.923340 -4.000000 -0.336311 -1.427127 -6.069028
-0.787354 -0.914429 -4.000000 -0.339159 -1.405054 -6.070215
