-0.787231 -0.918335 -4.000000 -0.262973 -1.295641 -6.032241
-0.786011 -0.912109 -4.000000 -0.208859 -1.286147 -6.009219
-0.789551 -0.911621 -4.000000 -0.202451 -1.311542 -5.992842
-0.787476 -0.920044 -4.000000 -0.221913 -1.363757 -5.981213
-0.789063 -0.920044 -4.000000 -0.239476 -1.404580 -5.983348
-0.789673 -0.919678 -4.000000 -0.260600 -1.447301 -5.982874
-0.782227 -0.919922 -4.000000 -0.268669 -1.488836 -5.978839
-0.786865 -0.909180 -4.000000 -0.273653 -1.510434 -5.977653
-0.783691 -0.913696 -4.000000 -0.272229 -1.514231 -5.973855
-0.787354 -0.917847 -4.000000 -0.283384 -1.506636 -5.981687
-0.789917 -0.920044 -4.000000 -0.272229 -1.495481 -5.991893
-0.787598 -0.919678 -4.000000 -0.269381 -1.485513 -5.992368
-0.784058 -0.921753 -4.000000 -0.249445 -1.477443 -5.990706
-0.784058 -0.914185 -4.000000 -0.211708 -1.472459 -5.976940
-0.781250 -0.914551 -4.000000 -0.178955 -1.476257 -5.984061
-0.783569 -0.910767 -4.000000 -0.176581 -1.478155 -5.997826
-0.788330 -0.913940 -4.000000 -0.187261 -1.481953 -6.004234
-0.780762 -0.915283 -4.000000 -0.207910 -1.487174 -5.993080
-0.783813 -0.916504 -4.000000 -0.222863 -1.473171 -5.993080
-0.786987 -0.917847 -4.000000 -0.239476 -1.461779 -6.001861
-0.785034 -0.918091 -4.000000 -0.268432 -1.473883 -6.026070
-0.783936 -0.915283 -4.000000 -0.310678 -1.523487 -6.032003
-0.784546 -0.918213 -4.000000 -0.364792 -1.578788 -6.034852
-0.782837 -0.913696 -4.000000 -0.394934 -1.604658 -6.031054
-0.786987 -0.910889 -4.000000 -0.419855 -1.618423 -6.010643
-0.782837 -0.911377 -4.000000 -0.451659 -1.660433 -5.978364
-0.781006 -0.909546 -4.000000 -0.485836 -1.703154 -5.921877
-0.781860 -0.916870 -4.000000 -0.529506 -1.685591 -5.870612
-0.787720 -0.917114 -4.000000 -0.532829 -1.616762 -5.820058
-0.778320 -0.917969 -4.000000 -0.537338 -1.526810 -5.750755
-0.784302 -0.913818 -4.000000 -0.556326 -1.478867 -5.689996
-0.784180 -0.911377 -4.000000 -0.595487 -1.486937 -5.633034
-0.776978 -0.918213 -4.000000 -0.663841 -1.554104 -5.586278
-0.786377 -0.912964 -4.000000 -0.773017 -1.683929 -5.576785
-0.781128 -0.911377 -4.000000 -0.875548 -1.858849 -5.562544
-0.783081 -0.916504 -4.000000 -0.928475 -1.992472 -5.525044
-0.787231 -0.925659 -4.000000 -0.937494 -2.035905 -5.463099
-0.781372 -0.912354 -4.000000 -0.926576 -1.908216 -5.395219
-0.783447 -0.915894 -4.000000 -0.910675 -1.599199 -5.333511
-0.785156 -0.917969 -4.000000 -0.900944 -1.178157 -5.283195
-0.791870 -0.918579 -4.000000 -0.897384 -0.941766 -5.269666
-0.783447 -0.922729 -4.000000 -0.874836 -0.958143 -5.258512
-0.782104 -0.915649 -4.000000 -0.860833 -1.079186 -5.261122
-0.781128 -0.916992 -4.000000 -0.884567 -1.181717 -5.265157
-0.789551 -0.916260 -4.000000 -0.971908 -1.168189 -5.303369
-0.784668 -0.911743 -4.000000 -1.118347 -1.090104 -5.396881
-0.791138 -0.915405 -4.000000 -1.319849 -1.048332 -5.507244
-0.785889 -0.918701 -4.000000 -1.537728 -1.067794 -5.618082
-0.778442 -0.919922 -4.000000 -1.681081 -1.167714 -5.700439
-0.794189 -0.918335 -4.000000 -1.720005 -1.281875 -5.761910
-0.788086 -0.915771 -4.000000 -1.648803 -1.336700 -5.802732
-0.786499 -0.918945 -4.000000 -1.511383 -1.282112 -5.812701
-0.787354 -0.915894 -4.000000 -1.367555 -1.136385 -5.814125
-0.784302 -0.913574 -4.000000 -1.282112 -0.982114 -5.825517
-0.782959 -0.912720 -4.000000 -1.230135 -0.874362 -5.840470
-0.787842 -0.916382 -4.000000 -1.213996 -0.890026 -5.882004
-0.790527 -0.918335 -4.000000 -1.223964 -1.018902 -5.917368
-0.794678 -0.913452 -4.000000 -1.213758 -1.170325 -5.953681
-0.785156 -0.912476 -4.000000 -1.166528 -1.289707 -5.952732
-0.790649 -0.919678 -4.000000 -1.063997 -1.362808 -5.938966
-0.788330 -0.912964 -4.000000 -0.931561 -1.345245 -5.913096
-0.791138 -0.914429 -4.000000 -0.821672 -1.258853 -5.894583
-0.782959 -0.915894 -4.000000 -0.745248 -1.182667 -5.860406
-0.788696 -0.918091 -4.000000 -0.712496 -1.171037 -5.864678
-0.787720 -0.918213 -4.000000 -0.707274 -1.209961 -5.890074
-0.786011 -0.911499 -4.000000 -0.711546 -1.265261 -5.905976
-0.783447 -0.915649 -4.000000 -0.718192 -1.301811 -5.943001
-0.784180 -0.915894 -4.000000 -0.704189 -1.341210 -5.965311
-0.781250 -0.913574 -4.000000 -0.678793 -1.378710 -5.971482
-0.789795 -0.914185 -4.000000 -0.631800 -1.380134 -5.975516
-0.782104 -0.910400 -4.000000 -0.572702 -1.370878 -5.976940
-0.785156 -0.919067 -4.000000 -0.531168 -1.387254 -5.981687
-0.785889 -0.918701 -4.000000 -0.496279 -1.413599 -5.975516
-0.782837 -0.920044 -4.000000 -0.486310 -1.420007 -5.988333
-0.776978 -0.915283 -4.000000 -0.496041 -1.420244 -6.002573
-0.780518 -0.912354 -4.000000 -0.507434 -1.421194 -6.017526
-0.782104 -0.915161 -4.000000 -0.525471 -1.415023 -6.032715
-0.783447 -0.908813 -4.000000 -0.526421 -1.415023 -6.045294
-0.783081 -0.912109 -4.000000 -0.498652 -1.410513 -6.042921
-0.792358 -0.923218 -4.000000 -0.443826 -1.391289 -6.024883
-0.786499 -0.906982 -4.000000 -0.409412 -1.399121 -6.027968
-0.782349 -0.917847 -4.000000 -0.409649 -1.393188 -6.061671
-0.779419 -0.913452 -4.000000 -0.438130 -1.383456 -6.014440
-0.781616 -0.923828 -4.000000 -0.458541 -1.333140 -6.027256
-0.781860 -0.914917 -4.000000 -0.486548 -1.325308 -6.051940
-0.780762 -0.917236 -4.000000 -0.506484 -1.382270 -6.067367
-0.781494 -0.912598 -4.000000 -0.519538 -1.418346 -6.073300
-0.785156 -0.919312 -4.000000 -0.531642 -1.411225 -6.075912
-0.781982 -0.912598 -4.000000 -0.534728 -1.406004 -6.080184
-0.777954 -0.915283 -4.000000 -0.539000 -1.419058 -6.079234
-0.783203 -0.923950 -4.000000 -0.543035 -1.417634 -6.093474
-0.786255 -0.924194 -4.000000 -0.541136 -1.403393 -6.132873
-0.782715 -0.912598 -4.000000 -0.541611 -1.358536 -6.162540
-0.780029 -0.917847 -4.000000 -0.551579 -1.299201 -6.197904
-0.785400 -0.914429 -4.000000 -0.573651 -1.221590 -6.212144
-0.785645 -0.916260 -4.000000 -0.553240 -1.169376 -6.217129
-0.784790 -0.923706 -4.000000 -0.471832 -1.137809 -6.214043
-0.785889 -0.916382 -4.000000 -0.308068 -1.095800 -6.189597
-0.777222 -0.916016 -4.000000 -0.072626 -1.030532 -6.134772
-0.779907 -0.913086 -4.000000 0.180379 -0.947700 -6.085167
-0.782715 -0.918457 -4.000000 0.406564 -0.888127 -6.040073
-0.779907 -0.920898 -4.000000 0.511231 -0.865817 -6.032953
-0.781372 -0.921631 -4.000000 0.460915 -0.812416 -6.030579
-0.783447 -0.916504 -4.000000 0.333226 -0.724837 -6.048142
-0.794189 -0.912476 -4.000000 0.280062 -0.687100 -6.057636
-0.788696 -0.919678 -4.000000 0.341770 -0.760201 -6.081607
-0.782471 -0.915894 -4.000000 0.506484 -0.968586 -6.063807
-0.781616 -0.915894 -4.000000 0.719378 -1.167240 -6.021323
-0.784058 -0.916870 -4.000000 0.913523 -1.283536 -5.992130
-0.785645 -0.921753 -4.000000 0.989234 -1.348567 -5.993792
-0.786255 -0.911743 -4.000000 1.014867 -1.429738 -5.984773
-0.785645 -0.916382 -4.000000 1.086306 -1.558851 -5.949883
-0.787109 -0.913940 -4.000000 1.204502 -1.663518 -5.909536
-0.783081 -0.919922 -4.000000 1.254343 -1.698644 -5.895295
-0.785522 -0.918335 -4.000000 1.238916 -1.718581 -5.878207
-0.785278 -0.924316 -4.000000 1.123806 -1.716208 -5.884852
-0.788086 -0.917847 -4.000000 0.925627 -1.664942 -5.915232
-0.785278 -0.915527 -4.000000 0.688049 -1.605132 -5.959140
-0.794067 -0.915405 -4.000000 0.496279 -1.591129 -5.992605
-0.781982 -0.920044 -4.000000 0.342482 -1.593028 -6.015152
-0.783691 -0.916504 -4.000000 0.253005 -1.576414 -6.027256
-0.784424 -0.912109 -4.000000 0.215980 -1.494532 -6.041497
-0.780273 -0.914917 -4.000000 0.198416 -1.414548 -6.050516
-0.784424 -0.920166 -4.000000 0.196043 -1.408615 -6.039361
-0.780640 -0.916626 -4.000000 0.220014 -1.476019 -6.032241
-0.783936 -0.921509 -4.000000 0.281723 -1.575940 -5.978602
-0.787720 -0.913330 -4.000000 0.309017 -1.601335 -5.945374
-0.786865 -0.924927 -4.000000 0.258701 -1.581873 -5.922589
-0.786377 -0.925049 -4.000000 0.207910 -1.538914 -5.924014
-0.786377 -0.915894 -4.000000 0.157831 -1.497143 -5.933982
-0.785889 -0.916138 -4.000000 0.058623 -1.425228 -5.946323
-0.785522 -0.914795 -4.000000 -0.038686 -1.367317 -5.989520
-0.789795 -0.919067 -4.000000 -0.112025 -1.284486 -6.072588
-0.785156 -0.918213 -4.000000 -0.234492 -1.256005 -6.132398
-0.787109 -0.916260 -4.000000 -0.351738 -1.349517 -6.168711
-0.786499 -0.911865 -4.000000 -0.412023 -1.440893 -6.181765
-0.787964 -0.916260 -4.000000 -0.367640 -1.459643 -6.182003
-0.781494 -0.918091 -4.000000 -0.290979 -1.467000 -6.196480
-0.779907 -0.914185 -4.000000 -0.255141 -1.529184 -6.196243
-0.786987 -0.914185 -4.000000 -0.279350 -1.568819 -6.195056
-0.787109 -0.917725 -4.000000 -0.335362 -1.576651 -6.205024
-0.786377 -0.916504 -4.000000 -0.401105 -1.559800 -6.200515
-0.787720 -0.920044 -4.000000 -0.456168 -1.530370 -6.198616
-0.772827 -0.919678 -4.000000 -0.479665 -1.531557 -6.197192
-0.785645 -0.915527 -4.000000 -0.472307 -1.506873 -6.168237
-0.788818 -0.913086 -4.000000 -0.415345 -1.448725 -6.153284
-0.786499 -0.914307 -4.000000 -0.342719 -1.411463 -6.105341
-0.779053 -0.917603 -4.000000 -0.287894 -1.397460 -6.069266
-0.782104 -0.916260 -4.000000 -0.261549 -1.396036 -6.055974
-0.785156 -0.916748 -4.000000 -0.269144 -1.390102 -6.040073
