-0.778809 -0.927490 -4.000000 -0.391611 -1.374675 -6.047431
-0.776855 -0.909912 -4.000000 -0.356960 -1.346194 -6.054076
-0.785645 -0.912720 -4.000000 -0.299523 -1.317713 -6.045769
-0.783936 -0.926758 -4.000000 -0.239476 -1.307745 -6.037937
-0.781738 -0.918091 -4.000000 -0.202451 -1.306796 -6.018712
-0.785278 -0.922241 -4.000000 -0.194619 -1.321273 -6.006371
-0.781860 -0.915771 -4.000000 -0.211708 -1.341922 -5.988333
-0.782959 -0.915405 -4.000000 -0.235442 -1.363757 -5.980026
-0.782471 -0.918579 -4.000000 -0.261786 -1.388678 -5.968871
-0.785522 -0.914429 -4.000000 -0.284808 -1.418108 -5.975042
-0.785034 -0.911743 -4.000000 -0.288606 -1.431874 -5.986909
-0.781494 -0.924194 -4.000000 -0.294065 -1.452997 -5.994503
-0.783203 -0.920898 -4.000000 -0.297150 -1.458219 -6.000912
-0.783569 -0.911499 -4.000000 -0.304745 -1.461304 -6.005421
-0.791138 -0.915527 -4.000000 -0.336786 -1.482902 -5.997589
-0.790894 -0.914795 -4.000000 -0.379507 -1.514231 -5.977415
-0.786743 -0.919312 -4.000000 -0.442165 -1.537253 -5.960564
-0.785889 -0.919678 -4.000000 -0.524522 -1.557902 -5.943238
-0.782104 -0.923828 -4.000000 -0.595012 -1.604183 -5.930659
-0.785645 -0.919189 -4.000000 -0.648414 -1.684167 -5.911197
-0.785767 -0.916260 -4.000000 -0.716293 -1.766524 -5.880817
-0.782959 -0.917969 -4.000000 -0.800786 -1.831318 -5.822432
-0.785156 -0.917236 -4.000000 -0.907589 -1.895162 -5.769030
-0.787720 -0.923096 -4.000000 -1.010595 -1.949750 -5.700676
-0.781616 -0.914185 -4.000000 -1.117398 -1.964940 -5.616895
-0.784912 -0.913330 -4.000000 -1.213521 -1.959007 -5.540472
-0.780396 -0.918213 -4.000000 -1.329818 -1.971348 -5.437703
-0.785156 -0.921753 -4.000000 -1.428789 -2.003864 -5.358432
-0.790771 -0.916748 -4.000000 -1.473171 -2.032108 -5.297198
-0.783936 -0.916870 -4.000000 -1.439706 -2.016918 -5.229793
-0.784424 -0.917114 -4.000000 -1.347381 -1.944054 -5.179952
-0.781372 -0.913208 -4.000000 -1.219929 -1.828944 -5.096408
-0.789429 -0.920166 -4.000000 -1.084170 -1.646667 -5.036361
-0.783936 -0.916748 -4.000000 -0.960516 -1.417396 -5.014525
-0.785156 -0.917969 -4.000000 -0.905216 -1.204027 -5.016662
-0.777344 -0.919312 -4.000000 -0.947225 -1.047145 -5.058434
-0.784912 -0.912231 -4.000000 -1.067082 -1.009171 -5.109462
-0.785889 -0.923584 -4.000000 -1.207825 -1.118585 -5.146249
-0.783447 -0.908936 -4.000000 -1.306321 -1.322697 -5.175917
-0.782227 -0.919678 -4.000000 -1.325783 -1.504025 -5.215315
-0.779907 -0.912598 -4.000000 -1.240340 -1.533693 -5.256850
-0.788696 -0.915039 -4.000000 -1.109566 -1.378710 -5.291502
-0.787598 -0.916016 -4.000000 -0.994456 -1.150626 -5.327103
-0.783447 -0.912476 -4.000000 -0.928001 -0.979029 -5.371485
-0.780396 -0.915771 -4.000000 -0.922304 -0.950073 -5.403526
-0.784302 -0.918579 -4.000000 -0.939630 -1.039550 -5.432007
-0.780518 -0.919800 -4.000000 -0.935833 -1.162730 -5.477576
-0.786255 -0.920776 -4.000000 -0.942241 -1.257192 -5.516263
-0.786499 -0.922607 -4.000000 -0.935595 -1.304185 -5.551152
-0.780884 -0.920044 -4.000000 -0.926102 -1.305846 -5.602180
-0.790283 -0.918335 -4.000000 -0.901418 -1.258853 -5.652496
-0.791382 -0.913208 -4.000000 -0.847067 -1.205214 -5.713018
-0.786743 -0.918335 -4.000000 -0.782036 -1.187888 -5.750518
-0.788696 -0.918701 -4.000000 -0.717005 -1.222302 -5.750280
-0.780273 -0.912598 -4.000000 -0.679980 -1.278077 -5.778524
-0.786255 -0.916016 -4.000000 -0.654822 -1.311068 -5.797749
-0.785767 -0.925171 -4.000000 -0.654822 -1.312966 -5.824331
-0.785645 -0.918213 -4.000000 -0.642243 -1.297539 -5.839046
-0.790894 -0.921875 -4.000000 -0.620645 -1.283536 -5.876783
-0.786621 -0.924561 -4.000000 -0.594300 -1.286622 -5.914520
-0.786743 -0.914063 -4.000000 -0.552528 -1.301337 -5.949172
-0.775391 -0.916504 -4.000000 -0.503161 -1.315340 -5.965074
-0.785767 -0.922729 -4.000000 -0.457592 -1.328394 -5.972431
-0.785034 -0.919800 -4.000000 -0.425551 -1.354026 -5.968159
-0.780640 -0.918335 -4.000000 -0.396358 -1.368504 -5.956767
-0.781738 -0.914673 -4.000000 -0.379507 -1.359248 -5.960089
-0.778564 -0.917358 -4.000000 -0.368589 -1.335276 -5.954156
-0.779907 -0.909302 -4.000000 -0.373099 -1.313679 -5.954630
-0.780151 -0.920288 -4.000000 -0.384017 -1.299201 -5.936830
-0.785400 -0.921875 -4.000000 -0.402054 -1.279739 -5.941814
-0.781494 -0.912720 -4.000000 -0.412735 -1.254343 -5.956292
-0.782227 -0.915405 -4.000000 -0.413684 -1.238679 -5.965311
-0.783813 -0.917358 -4.000000 -0.408937 -1.234407 -5.967447
-0.785522 -0.916748 -4.000000 -0.397308 -1.234644 -5.966260
-0.784058 -0.917603 -4.000000 -0.370963 -1.236543 -5.966735
-0.779907 -0.914063 -4.000000 -0.342719 -1.235356 -5.983348
-0.785034 -0.918091 -4.000000 -0.306881 -1.209486 -5.980501
-0.788086 -0.919434 -4.000000 -0.282435 -1.160357 -5.957716
-0.791504 -0.917358 -4.000000 -0.258938 -1.110753 -5.943238
-0.786377 -0.910522 -4.000000 -0.222863 -1.081085 -5.947985
-0.791260 -0.919922 -4.000000 -0.179429 -1.086781 -5.953207
-0.793457 -0.914307 -4.000000 -0.164477 -1.101971 -5.945374
-0.790894 -0.913940 -4.000000 -0.164477 -1.114787 -5.946323
-0.791016 -0.917603 -4.000000 -0.192720 -1.127366 -5.961513
-0.788696 -0.915894 -4.000000 -0.224049 -1.114075 -5.981687
-0.785156 -0.921997 -4.000000 -0.237340 -1.046433 -6.022273
-0.785889 -0.918213 -4.000000 -0.218353 -0.923016 -6.052652
-0.786377 -0.917236 -4.000000 -0.150711 -0.767558 -6.073063
-0.784180 -0.920898 -4.000000 -0.048655 -0.642717 -6.114360
-0.781250 -0.917358 -4.000000 0.086867 -0.625392 -6.165863
-0.790039 -0.918335 -4.000000 0.251818 -0.737891 -6.210246
-0.787231 -0.924072 -4.000000 0.443589 -0.948886 -6.234692
-0.782837 -0.923218 -4.000000 0.637496 -1.196195 -6.244423
-0.782837 -0.917236 -4.000000 0.788444 -1.397460 -6.258426
-0.786743 -0.914795 -4.000000 0.904029 -1.535354 -6.224011
-0.786255 -0.917480 -4.000000 0.996592 -1.587332 -6.161117
-0.786499 -0.916748 -4.000000 1.054503 -1.557664 -6.110326
-0.780884 -0.915649 -4.000000 1.078712 -1.515655 -6.070690
-0.785767 -0.911377 -4.000000 1.036702 -1.500940 -6.044820
-0.786255 -0.914307 -4.000000 0.934883 -1.502127 -6.023222
-0.786987 -0.923706 -4.000000 0.797463 -1.498804 -6.019661
-0.792480 -0.917725 -4.000000 0.656483 -1.496431 -6.053364
-0.783325 -0.914429 -4.000000 0.540424 -1.516367 -6.084693
-0.785278 -0.922729 -4.000000 0.445488 -1.569531 -6.109139
-0.786377 -0.919189 -4.000000 0.353400 -1.637411 -6.129787
-0.790283 -0.915771 -4.000000 0.299523 -1.676572 -6.148775
-0.781494 -0.920410 -4.000000 0.301659 -1.667078 -6.150911
-0.791626 -0.918335 -4.000000 0.324682 -1.634088 -6.128126
-0.789795 -0.917480 -4.000000 0.316375 -1.591129 -6.096560
-0.782227 -0.917236 -4.000000 0.277688 -1.536778 -6.072114
-0.783813 -0.910767 -4.000000 0.234492 -1.476019 -6.065468
-0.783447 -0.919312 -4.000000 0.175869 -1.459880 -6.083032
-0.790649 -0.918945 -4.000000 0.103006 -1.484089 -6.098459
-0.787720 -0.919312 -4.000000 0.039398 -1.553630 -6.098459
-0.781128 -0.916748 -4.000000 -0.025633 -1.500940 -6.094661
-0.782837 -0.926636 -4.000000 -0.071914 -1.490260 -6.097272
-0.786621 -0.916870 -4.000000 -0.100395 -1.553392 -6.063095
-0.780884 -0.921509 -4.000000 -0.111787 -1.566446 -6.042446
-0.780029 -0.911987 -4.000000 -0.105616 -1.503313 -6.030579
-0.782349 -0.914917 -4.000000 -0.120806 -1.465102 -6.015627
-0.782837 -0.919434 -4.000000 -0.162341 -1.483377 -6.026545
-0.783447 -0.921021 -4.000000 -0.204825 -1.527759 -6.026545
-0.783569 -0.916748 -4.000000 -0.233780 -1.559800 -6.028918
-0.786377 -0.921509 -4.000000 -0.245885 -1.555766 -6.025833
-0.776611 -0.918213 -4.000000 -0.253717 -1.528709 -6.008507
-0.785034 -0.917236 -4.000000 -0.259650 -1.506636 -5.981450
-0.790894 -0.921387 -4.000000 -0.265346 -1.509722 -5.971482
-0.781616 -0.914673 -4.000000 -0.260125 -1.490022 -5.956767
-0.778564 -0.913696 -4.000000 -0.237815 -1.464864 -5.950833
-0.784058 -0.917236 -4.000000 -0.222388 -1.443978 -5.938966
-0.783447 -0.921997 -4.000000 -0.235204 -1.420482 -5.923064
-0.782837 -0.916992 -4.000000 -0.262498 -1.387966 -5.929235
-0.787476 -0.919922 -4.000000 -0.300235 -1.381795 -5.940390
-0.790894 -0.913086 -4.000000 -0.319935 -1.405766 -5.957479
-0.784180 -0.914307 -4.000000 -0.305932 -1.439944 -5.990232
-0.775024 -0.917725 -4.000000 -0.276264 -1.492396 -6.009219
-0.782471 -0.915039 -4.000000 -0.228796 -1.564072 -6.015152
-0.787231 -0.919922 -4.000000 -0.200315 -1.626493 -6.019899
-0.781616 -0.914795 -4.000000 -0.204825 -1.653787 -6.039835
-0.786743 -0.918579 -4.000000 -0.242324 -1.657110 -6.057399
-0.778320 -0.912231 -4.000000 -0.307356 -1.621034 -6.060247
-0.783569 -0.916992 -4.000000 -0.382593 -1.552917 -6.107240
-0.781616 -0.916626 -4.000000 -0.474443 -1.493345 -6.145215
-0.785767 -0.917847 -4.000000 -0.568193 -1.456083 -6.175594
-0.788330 -0.918457 -4.000000 -0.669537 -1.441368 -6.220926
-0.776245 -0.912964 -4.000000 -0.762574 -1.438757 -6.261749
-0.783325 -0.912354 -4.000000 -0.830928 -1.411700 -6.298062
-0.781494 -0.918823 -4.000000 -0.880532 -1.359485 -6.326305
-0.780396 -0.918091 -4.000000 -0.903317 -1.297539 -6.336748
-0.785889 -0.914673 -4.000000 -0.920643 -1.230847 -6.351701
