-0.789673 -0.916870 -4.000000 -0.227847 -1.446114 -5.666737
-0.786499 -0.922852 -4.000000 -0.243036 -1.448962 -5.686911
-0.777832 -0.916992 -4.000000 -0.270568 -1.447301 -5.687148
-0.788452 -0.917603 -4.000000 -0.288606 -1.467475 -5.685249
-0.788940 -0.913574 -4.000000 -0.300235 -1.462965 -5.677417
-0.787354 -0.916748 -4.000000 -0.290979 -1.439706 -5.671958
-0.781738 -0.917358 -4.000000 -0.278400 -1.410751 -5.662465
-0.778564 -0.922119 -4.000000 -0.291454 -1.399121 -5.637069
-0.785645 -0.920288 -4.000000 -0.327530 -1.396273 -5.605740
-0.782104 -0.920288 -4.000000 -0.387577 -1.414785 -5.566816
-0.781372 -0.914673 -4.000000 -0.450947 -1.448013 -5.529791
-0.780640 -0.915771 -4.000000 -0.497228 -1.493820 -5.490630
-0.781860 -0.921631 -4.000000 -0.511943 -1.532506 -5.455741
-0.780273 -0.921143 -4.000000 -0.523335 -1.532744 -5.415631
-0.783203 -0.920776 -4.000000 -0.535202 -1.498329 -5.367451
-0.784058 -0.916992 -4.000000 -0.551816 -1.446114 -5.334698
-0.788452 -0.921997 -4.000000 -0.593825 -1.420007 -5.288653
-0.789429 -0.918335 -4.000000 -0.671673 -1.422143 -5.249018
-0.785522 -0.917603 -4.000000 -0.732195 -1.444928 -5.180189
-0.787964 -0.916748 -4.000000 -0.764948 -1.480766 -5.089288
-0.785278 -0.914917 -4.000000 -0.781562 -1.453472 -5.004083
-0.788086 -0.920288 -4.000000 -0.805058 -1.368267 -4.919115
-0.781494 -0.919434 -4.000000 -0.823096 -1.293505 -4.840080
-0.782349 -0.915894 -4.000000 -0.817875 -1.251733 -4.762470
-0.784424 -0.915649 -4.000000 -0.839235 -1.235119 -4.706695
-0.786621 -0.912964 -4.000000 -0.843982 -1.245324 -4.654955
-0.784180 -0.917725 -4.000000 -0.886229 -1.148252 -4.586601
-0.782959 -0.915405 -4.000000 -1.008459 -0.998253 -4.577107
-0.778809 -0.920166 -4.000000 -1.200942 -0.838998 -4.588263
-0.777832 -0.911621 -4.000000 -1.418583 -0.730771 -4.606063
-0.786133 -0.911011 -4.000000 -1.504975 -0.853476 -4.736837
-0.787598 -0.913940 -4.000000 -1.535354 -0.874836 -4.801631
-0.777100 -0.916016 -4.000000 -1.488598 -0.899994 -4.872121
-0.782959 -0.917114 -4.000000 -1.385355 -0.962415 -4.966345
-0.784424 -0.923462 -4.000000 -1.299201 -0.968348 -5.019984
-0.792480 -0.910889 -4.000000 -1.242002 -0.936307 -5.050838
-0.788696 -0.913940 -4.000000 -1.208774 -0.843507 -5.108512
-0.784668 -0.919922 -4.000000 -1.192160 -0.743824 -5.175205
-0.780273 -0.922485 -4.000000 -1.169376 -0.728397 -5.248780
-0.790527 -0.915283 -4.000000 -1.059012 -0.933222 -5.388099
-0.790039 -0.918091 -4.000000 -1.016291 -1.059487 -5.431295
-0.792358 -0.913330 -4.000000 -0.935358 -1.154186 -5.444823
-0.785767 -0.921997 -4.000000 -0.821672 -1.197619 -5.454792
-0.780884 -0.917725 -4.000000 -0.712496 -1.186701 -5.447197
-0.784790 -0.925659 -4.000000 -0.612813 -1.201654 -5.464523
-0.777588 -0.922974 -4.000000 -0.541611 -1.207350 -5.497988
-0.782959 -0.919800 -4.000000 -0.517877 -1.232508 -5.534538
-0.772705 -0.917847 -4.000000 -0.509807 -1.261938 -5.580345
-0.787231 -0.915039 -4.000000 -0.524285 -1.270245 -5.602417
-0.778076 -0.916382 -4.000000 -0.539000 -1.276653 -5.623541
-0.789551 -0.918091 -4.000000 -0.514554 -1.287808 -5.649886
-0.788818 -0.921021 -4.000000 -0.468035 -1.299675 -5.664838
-0.780640 -0.911133 -4.000000 -0.409649 -1.295403 -5.666499
-0.784424 -0.916016 -4.000000 -0.363368 -1.322460 -5.678841
-0.784912 -0.919678 -4.000000 -0.326343 -1.389865 -5.721087
-0.787598 -0.924683 -4.000000 -0.324207 -1.387017 -5.702100
-0.783081 -0.916748 -4.000000 -0.325156 -1.392238 -5.709695
-0.781128 -0.918579 -4.000000 -0.331327 -1.379184 -5.705186
-0.784302 -0.915771 -4.000000 -0.341295 -1.384406 -5.714205
-0.786621 -0.919067 -4.000000 -0.340109 -1.433535 -5.743635
-0.783447 -0.919800 -4.000000 -0.308780 -1.502601 -5.796799
-0.785034 -0.919067 -4.000000 -0.237340 -1.546509 -5.836672
-0.786987 -0.916260 -4.000000 -0.130062 -1.528946 -5.835723
-0.776855 -0.929932 -4.000000 0.007832 -1.443741 -5.808904
-0.785645 -0.910400 -4.000000 0.126502 -1.344533 -5.742211
-0.785522 -0.916992 -4.000000 0.166613 -1.255293 -5.646800
-0.785522 -0.920166 -4.000000 0.176106 -1.227761 -5.541183
-0.787109 -0.919189 -4.000000 0.160442 -1.168426 -5.458589
-0.791748 -0.919800 -4.000000 0.153559 -1.031244 -5.444111
-0.788818 -0.916016 -4.000000 0.112737 -0.824758 -5.460725
-0.791992 -0.916504 -4.000000 0.137183 -0.754030 -5.468795
-0.780151 -0.922729 -4.000000 0.209571 -0.920643 -5.467608
-0.789917 -0.917603 -4.000000 0.350077 -1.223727 -5.430583
-0.783325 -0.920654 -4.000000 0.524522 -1.505212 -5.433431
-0.790527 -0.920654 -4.000000 0.610202 -1.692474 -5.480424
-0.778076 -0.911621 -4.000000 0.735280 -1.720480 -5.513415
-0.791260 -0.922607 -4.000000 0.781562 -1.722616 -5.537861
-0.780762 -0.917480 -4.000000 0.834014 -1.752521 -5.535962
-0.779053 -0.917847 -4.000000 0.979741 -1.685591 -5.544032
-0.791260 -0.927368 -4.000000 1.121907 -1.580449 -5.600993
-0.787476 -0.915039 -4.000000 1.154660 -1.545560 -5.671009
-0.788574 -0.922119 -4.000000 1.142081 -1.585433 -5.773777
-0.783813 -0.922363 -4.000000 1.019139 -1.657822 -5.864204
-0.786499 -0.921021 -4.000000 0.799362 -1.743027 -5.937542
-0.778931 -0.918213 -4.000000 0.577449 -1.850067 -5.956292
-0.785645 -0.925293 -4.000000 0.454032 -1.932425 -5.937779
-0.781128 -0.920410 -4.000000 0.492956 -1.916760 -5.925912
-0.786011 -0.924438 -4.000000 0.561310 -1.816128 -5.879394
-0.779907 -0.915771 -4.000000 0.615186 -1.670401 -5.825755
-0.794556 -0.921509 -4.000000 0.634173 -1.544611 -5.777337
-0.786377 -0.915771 -4.000000 0.557512 -1.503076 -5.730106
-0.789795 -0.918945 -4.000000 0.425551 -1.517554 -5.724648
-0.786377 -0.915161 -4.000000 0.343906 -1.569531 -5.770692
-0.781372 -0.919312 -4.000000 0.245173 -1.610591 -5.801309
-0.787964 -0.917603 -4.000000 0.217166 -1.622221 -5.794663
-0.786377 -0.916992 -4.000000 0.222863 -1.588044 -5.754790
-0.787354 -0.919800 -4.000000 0.267720 -1.512807 -5.716104
-0.778931 -0.912231 -4.000000 0.285283 -1.445402 -5.677417
-0.784180 -0.919556 -4.000000 0.239714 -1.407903 -5.656294
-0.779907 -0.914917 -4.000000 0.112025 -1.397934 -5.645376
-0.786987 -0.915771 -4.000000 -0.002848 -1.420482 -5.652971
-0.786255 -0.924072 -4.000000 -0.110838 -1.455133 -5.647038
-0.785645 -0.917358 -4.000000 -0.187736 -1.533693 -5.656768
-0.787231 -0.920776 -4.000000 -0.239002 -1.635512 -5.672195
-0.787720 -0.916504 -4.000000 -0.235442 -1.684879 -5.652021
-0.781494 -0.923218 -4.000000 -0.190347 -1.690575 -5.626152
-0.788696 -0.913086 -4.000000 -0.169224 -1.672300 -5.605740
-0.791992 -0.914185 -4.000000 -0.154034 -1.612965 -5.596247
-0.784790 -0.916016 -4.000000 -0.157831 -1.559088 -5.624490
-0.782227 -0.913940 -4.000000 -0.233068 -1.544136 -5.677892
-0.786499 -0.921631 -4.000000 -0.371200 -1.593028 -5.767606
-0.785522 -0.914185 -4.000000 -0.545171 -1.658297 -5.855185
-0.788086 -0.918579 -4.000000 -0.710834 -1.696983 -5.937067
-0.784790 -0.920776 -4.000000 -0.851814 -1.716208 -6.018712
-0.781372 -0.918091 -4.000000 -0.921118 -1.687015 -6.077810
-0.786377 -0.919189 -4.000000 -0.945089 -1.632427 -6.150199
-0.788330 -0.922729 -4.000000 -0.953396 -1.540576 -6.200752
-0.788086 -0.918579 -4.000000 -0.939630 -1.452048 -6.244660
-0.771729 -0.917725 -4.000000 -0.984725 -1.386779 -6.294027
-0.780029 -0.919800 -4.000000 -1.075151 -1.356874 -6.335087
-0.781738 -0.914063 -4.000000 -1.207350 -1.395324 -6.373061
-0.784912 -0.920776 -4.000000 -1.327207 -1.422618 -6.411748
-0.781372 -0.917114 -4.000000 -1.387966 -1.432111 -6.425751
-0.786987 -0.918823 -4.000000 -1.368741 -1.398172 -6.392523
-0.783569 -0.916382 -4.000000 -1.221590 -1.298726 -6.346242
-0.778931 -0.915527 -4.000000 -1.012968 -1.170325 -6.294976
-0.785767 -0.907837 -4.000000 -0.806482 -1.067557 -6.247271
-0.783691 -0.918213 -4.000000 -0.682591 -1.032668 -6.214993
-0.781128 -0.916748 -4.000000 -0.801261 -1.128078 -6.214518
-0.783081 -0.912598 -4.000000 -1.019851 -1.330292 -6.215467
-0.783081 -0.918091 -4.000000 -1.133537 -1.483377 -6.201939
-0.786987 -0.923096 -4.000000 -1.169850 -1.564547 -6.156370
-0.783691 -0.925293 -4.000000 -1.119534 -1.565259 -6.078997
-0.784546 -0.914917 -4.000000 -1.009408 -1.482902 -6.000912
-0.784546 -0.920166 -4.000000 -0.911149 -1.428551 -5.936593
-0.783325 -0.914307 -4.000000 -0.792954 -1.432111 -5.878682
-0.786621 -0.907104 -4.000000 -0.715818 -1.367792 -5.814125
-0.787476 -0.914551 -4.000000 -0.641768 -1.414073 -5.779473
-0.785278 -0.918213 -4.000000 -0.607828 -1.476969 -5.759537
-0.790649 -0.918701 -4.000000 -0.610202 -1.477918 -5.736040
-0.783081 -0.919800 -4.000000 -0.630613 -1.522301 -5.732955
-0.780396 -0.916992 -4.000000 -0.670724 -1.550781 -5.758112
-0.785278 -0.911133 -4.000000 -0.701578 -1.566921 -5.779948
-0.784668 -0.917725 -4.000000 -0.686863 -1.570243 -5.764046
-0.789307 -0.920288 -4.000000 -0.614237 -1.525149 -5.735091
-0.782227 -0.917236 -4.000000 -0.515503 -1.454659 -5.710407
-0.784058 -0.918945 -4.000000 -0.415345 -1.427127 -5.687148
-0.788086 -0.918579 -4.000000 -0.360520 -1.422855 -5.662702
-0.785034 -0.918457 -4.000000 -0.336786 -1.433535 -5.645613
-0.783691 -0.916382 -4.000000 -0.296675 -1.439944 -5.635170
