-0.784180 -0.914673 -4.000000 -0.101582 -1.220166 -5.732717
-0.786255 -0.917603 -4.000000 -0.124129 -1.237730 -5.753366
-0.781250 -0.919800 -4.000000 -0.154034 -1.269771 -5.763097
-0.784302 -0.917847 -4.000000 -0.169936 -1.293979 -5.760724
-0.782593 -0.918579 -4.000000 -0.174920 -1.326732 -5.742923
-0.787476 -0.921143 -4.000000 -0.183227 -1.373726 -5.743635
-0.778442 -0.917969 -4.000000 -0.189398 -1.400545 -5.740075
-0.783081 -0.914673 -4.000000 -0.216454 -1.399596 -5.717290
-0.781982 -0.916626 -4.000000 -0.249919 -1.419532 -5.721799
-0.783081 -0.914917 -4.000000 -0.263685 -1.443741 -5.726784
-0.783203 -0.911011 -4.000000 -0.293353 -1.486937 -5.730344
-0.790771 -0.911621 -4.000000 -0.328479 -1.539389 -5.726784
-0.785889 -0.913818 -4.000000 -0.370963 -1.600623 -5.716341
-0.786011 -0.917725 -4.000000 -0.403716 -1.631002 -5.681926
-0.786987 -0.919434 -4.000000 -0.429586 -1.652600 -5.643714
-0.788330 -0.911499 -4.000000 -0.453320 -1.664467 -5.610013
-0.783813 -0.921265 -4.000000 -0.471595 -1.690338 -5.588652
-0.775513 -0.910522 -4.000000 -0.489396 -1.697695 -5.544981
-0.780396 -0.917480 -4.000000 -0.502212 -1.637173 -5.462387
-0.785278 -0.917725 -4.000000 -0.534016 -1.633376 -5.430583
-0.784180 -0.911011 -4.000000 -0.560835 -1.609879 -5.392371
-0.778809 -0.915283 -4.000000 -0.555139 -1.585196 -5.349412
-0.781250 -0.918823 -4.000000 -0.549680 -1.627442 -5.290790
-0.784912 -0.920654 -4.000000 -0.554664 -1.718818 -5.242372
-0.776245 -0.916138 -4.000000 -0.569142 -1.749673 -5.207721
-0.782837 -0.917114 -4.000000 -0.587892 -1.733059 -5.163813
-0.788940 -0.916016 -4.000000 -0.622781 -1.658059 -5.119905
-0.785400 -0.922241 -4.000000 -0.697068 -1.543424 -5.061282
-0.781372 -0.921997 -4.000000 -0.762574 -1.440418 -4.996963
-0.777588 -0.917236 -4.000000 -0.822621 -1.412887 -4.974415
-0.785522 -0.911377 -4.000000 -0.872463 -1.399596 -4.960886
-0.787109 -0.919067 -4.000000 -0.938443 -1.348330 -4.948545
-0.782959 -0.921143 -4.000000 -0.978791 -1.311305 -4.971330
-0.781494 -0.917603 -4.000000 -0.995642 -1.209961 -4.994589
-0.787109 -0.917114 -4.000000 -1.025073 -1.075626 -5.039921
-0.781982 -0.920288 -4.000000 -1.073015 -0.980927 -5.078370
-0.783569 -0.924316 -4.000000 -1.123569 -0.939156 -5.150996
-0.784790 -0.916016 -4.000000 -1.161069 -0.932035 -5.190632
-0.781250 -0.926880 -4.000000 -1.160831 -0.948174 -5.213892
-0.784546 -0.911255 -4.000000 -1.102208 -1.039550 -5.249967
-0.786865 -0.914307 -4.000000 -0.997304 -1.179344 -5.290078
-0.781372 -0.920532 -4.000000 -0.921592 -1.287571 -5.333985
-0.785278 -0.911743 -4.000000 -0.865817 -1.344295 -5.371248
-0.784912 -0.913818 -4.000000 -0.791292 -1.348093 -5.389286
-0.781738 -0.913818 -4.000000 -0.711784 -1.290182 -5.419191
-0.778564 -0.915161 -4.000000 -0.639632 -1.198331 -5.442688
-0.787476 -0.918701 -4.000000 -0.604506 -1.105768 -5.441738
-0.778320 -0.919678 -4.000000 -0.641293 -1.075389 -5.437703
-0.781128 -0.917969 -4.000000 -0.731720 -1.214470 -5.456216
-0.783447 -0.918945 -4.000000 -0.851577 -1.382982 -5.483510
-0.785278 -0.916870 -4.000000 -0.900469 -1.528946 -5.497988
-0.790039 -0.919800 -4.000000 -0.886229 -1.554816 -5.498462
-0.780396 -0.918091 -4.000000 -0.789868 -1.437807 -5.484934
-0.784424 -0.918579 -4.000000 -0.651736 -1.248410 -5.490156
-0.789917 -0.916870 -4.000000 -0.512180 -1.129740 -5.524807
-0.785522 -0.915649 -4.000000 -0.410124 -1.167477 -5.604554
-0.787354 -0.920898 -4.000000 -0.359808 -1.267397 -5.645851
-0.776489 -0.916748 -4.000000 -0.360045 -1.352365 -5.652733
-0.783325 -0.919067 -4.000000 -0.394934 -1.417396 -5.692132
-0.783569 -0.917236 -4.000000 -0.426500 -1.417159 -5.700439
-0.781128 -0.919556 -4.000000 -0.441928 -1.385118 -5.711831
-0.787964 -0.919312 -4.000000 -0.424602 -1.329580 -5.727021
-0.791626 -0.917236 -4.000000 -0.355773 -1.310118 -5.780185
-0.787598 -0.915039 -4.000000 -0.267008 -1.331716 -5.828365
-0.787964 -0.913086 -4.000000 -0.182752 -1.386305 -5.858982
-0.788330 -0.914673 -4.000000 -0.103480 -1.436621 -5.853049
-0.776611 -0.915527 -4.000000 -0.011630 -1.503313 -5.849963
-0.787720 -0.918091 -4.000000 0.056487 -1.527759 -5.803445
-0.785522 -0.918457 -4.000000 0.135284 -1.514943 -5.784220
-0.791870 -0.918823 -4.000000 0.236628 -1.461067 -5.770454
-0.784424 -0.918091 -4.000000 0.330140 -1.338362 -5.722749
-0.783691 -0.918701 -4.000000 0.406327 -1.199755 -5.689047
-0.781738 -0.911987 -4.000000 0.534253 -1.084170 -5.667212
-0.789185 -0.916138 -4.000000 0.660043 -1.038126 -5.656056
-0.787231 -0.917969 -4.000000 0.745248 -1.074440 -5.646088
-0.782104 -0.919678 -4.000000 0.759252 -1.162730 -5.596959
-0.783203 -0.913574 -4.000000 0.698018 -1.310118 -5.533114
-0.782959 -0.911133 -4.000000 0.619221 -1.558851 -5.483747
-0.784668 -0.913086 -4.000000 0.468035 -1.873802 -5.477814
-0.782471 -0.919800 -4.000000 0.271992 -2.118737 -5.482798
-0.782104 -0.919189 -4.000000 0.150474 -2.140097 -5.528130
-0.784790 -0.921143 -4.000000 0.210996 -1.947377 -5.580582
-0.783569 -0.920288 -4.000000 0.424839 -1.557427 -5.600519
-0.787231 -0.916992 -4.000000 0.663603 -1.147066 -5.668161
-0.790283 -0.916870 -4.000000 0.778951 -0.979503 -5.728208
-0.782837 -0.916138 -4.000000 0.772543 -1.111465 -5.790865
-0.784912 -0.916382 -4.000000 0.772068 -1.400545 -5.849726
-0.777100 -0.919922 -4.000000 0.774679 -1.637885 -5.843792
-0.783569 -0.916626 -4.000000 0.783698 -1.672774 -5.839046
-0.781006 -0.913452 -4.000000 0.846830 -1.489310 -5.816736
-0.782715 -0.914673 -4.000000 0.879820 -1.260514 -5.810090
-0.786987 -0.913696 -4.000000 0.778951 -1.134487 -5.828128
-0.786865 -0.908691 -4.000000 0.574601 -1.159170 -5.867764
-0.784912 -0.923218 -4.000000 0.328954 -1.293267 -5.879631
-0.782104 -0.913574 -4.000000 0.127214 -1.385355 -5.886751
-0.785889 -0.915527 -4.000000 0.024921 -1.418820 -5.870849
-0.787231 -0.910156 -4.000000 -0.005459 -1.416447 -5.834299
-0.789551 -0.918579 -4.000000 0.011867 -1.365419 -5.790628
-0.783081 -0.920288 -4.000000 0.035601 -1.313916 -5.747670
-0.785767 -0.916870 -4.000000 0.039161 -1.321748 -5.702575
-0.779907 -0.921509 -4.000000 -0.011867 -1.353314 -5.671958
-0.782471 -0.920288 -4.000000 -0.103955 -1.386305 -5.634221
-0.787354 -0.907837 -4.000000 -0.203638 -1.440181 -5.612860
-0.782227 -0.921265 -4.000000 -0.257514 -1.482902 -5.611674
-0.784302 -0.912964 -4.000000 -0.279112 -1.482902 -5.622828
-0.787231 -0.919434 -4.000000 -0.260125 -1.517554 -5.627101
-0.782349 -0.919189 -4.000000 -0.236628 -1.475782 -5.642053
-0.776245 -0.923096 -4.000000 -0.290267 -1.507823 -5.650835
-0.783203 -0.916504 -4.000000 -0.326818 -1.532744 -5.643003
-0.794189 -0.917603 -4.000000 -0.342482 -1.543661 -5.653683
-0.783691 -0.923950 -4.000000 -0.344855 -1.554579 -5.685012
-0.785522 -0.914551 -4.000000 -0.401817 -1.538440 -5.682401
-0.780518 -0.918335 -4.000000 -0.476579 -1.514943 -5.684774
-0.782837 -0.920288 -4.000000 -0.566531 -1.481715 -5.714917
-0.779053 -0.921143 -4.000000 -0.639869 -1.468899 -5.769030
-0.783691 -0.915527 -4.000000 -0.656958 -1.538677 -5.839758
-0.781006 -0.911499 -4.000000 -0.707986 -1.604183 -5.899330
-0.783447 -0.911499 -4.000000 -0.774679 -1.603471 -6.004947
-0.784668 -0.918091 -4.000000 -0.844931 -1.532506 -6.156370
-0.793579 -0.922852 -4.000000 -0.950073 -1.444928 -6.324644
-0.783203 -0.913940 -4.000000 -1.059012 -1.328631 -6.500751
-0.787964 -0.912598 -4.000000 -1.153948 -1.232745 -6.663329
-0.782227 -0.920654 -4.000000 -1.210910 -1.186939 -6.753281
-0.787842 -0.910522 -4.000000 -1.213284 -1.196670 -6.792204
-0.786377 -0.923462 -4.000000 -1.198094 -1.249122 -6.824957
-0.780762 -0.908569 -4.000000 -1.277840 -1.374675 -6.807869
-0.780396 -0.919800 -4.000000 -1.562648 -1.544611 -6.692996
-0.788452 -0.924316 -4.000000 -1.629104 -1.541525 -6.535877
-0.790649 -0.917236 -4.000000 -1.552443 -1.462253 -6.355973
-0.782715 -0.914795 -4.000000 -1.335276 -1.434722 -6.196005
-0.787842 -0.921265 -4.000000 -1.079661 -1.469136 -6.041022
-0.787476 -0.915649 -4.000000 -0.852526 -1.530370 -5.914757
-0.788208 -0.919434 -4.000000 -0.689948 -1.572617 -5.815549
-0.784058 -0.909058 -4.000000 -0.602844 -1.561699 -5.724648
-0.789673 -0.919556 -4.000000 -0.597386 -1.509247 -5.680740
-0.783569 -0.921631 -4.000000 -0.670961 -1.457981 -5.673857
-0.783691 -0.918213 -4.000000 -0.778713 -1.431874 -5.684774
-0.781372 -0.919067 -4.000000 -0.827368 -1.454659 -5.705186
-0.780273 -0.921143 -4.000000 -0.790581 -1.477443 -5.718714
-0.790649 -0.919922 -4.000000 -0.688524 -1.514943 -5.732717
-0.778076 -0.920166 -4.000000 -0.548019 -1.534168 -5.742923
-0.783447 -0.920654 -4.000000 -0.388051 -1.561462 -5.741024
-0.787720 -0.923828 -4.000000 -0.268432 -1.512807 -5.723461
-0.779785 -0.917358 -4.000000 -0.190110 -1.481953 -5.709220
-0.777588 -0.921387 -4.000000 -0.164714 -1.495956 -5.719664
-0.789185 -0.922729 -4.000000 -0.200078 -1.492633 -5.722986
-0.785767 -0.919678 -4.000000 -0.267957 -1.504975 -5.728683
-0.782349 -0.921143 -4.000000 -0.357909 -1.530133 -5.745296
-0.782959 -0.921387 -4.000000 -0.426738 -1.532269 -5.775913
-0.783325 -0.920898 -4.000000 -0.445250 -1.516130 -5.765233
