-0.787231 -0.917969 -4.000000 -0.047231 -1.090341 -5.748382
-0.789917 -0.920532 -4.000000 -0.039161 -1.121196 -5.729632
-0.790649 -0.920166 -4.000000 -0.088291 -1.163917 -5.752179
-0.782715 -0.914185 -4.000000 -0.158543 -1.230135 -5.777812
-0.782715 -0.916138 -4.000000 -0.190822 -1.271195 -5.821008
-0.782593 -0.914795 -4.000000 -0.202926 -1.316289 -5.824331
-0.789185 -0.921631 -4.000000 -0.221676 -1.369453 -5.801071
-0.785889 -0.918701 -4.000000 -0.228796 -1.409089 -5.792290
-0.782715 -0.916138 -4.000000 -0.227135 -1.423567 -5.781372
-0.780273 -0.916504 -4.000000 -0.229271 -1.452997 -5.740075
-0.775513 -0.912354 -4.000000 -0.243748 -1.470798 -5.705186
-0.787231 -0.910767 -4.000000 -0.282198 -1.454896 -5.661278
-0.782959 -0.919189 -4.000000 -0.334175 -1.448013 -5.646563
-0.782593 -0.921387 -4.000000 -0.378083 -1.452997 -5.624015
-0.788574 -0.915405 -4.000000 -0.403004 -1.440181 -5.594585
-0.776123 -0.917358 -4.000000 -0.413447 -1.411937 -5.548541
-0.776978 -0.915039 -4.000000 -0.424839 -1.399121 -5.542370
-0.781860 -0.915771 -4.000000 -0.430061 -1.391051 -5.500836
-0.783569 -0.920288 -4.000000 -0.463526 -1.368267 -5.473304
-0.786133 -0.914673 -4.000000 -0.512655 -1.342871 -5.426548
-0.778320 -0.917358 -4.000000 -0.571753 -1.338362 -5.391897
-0.789917 -0.921143 -4.000000 -0.618746 -1.423567 -5.400916
-0.784424 -0.915283 -4.000000 -0.642243 -1.555291 -5.397356
-0.789551 -0.918335 -4.000000 -0.656483 -1.617949 -5.357719
-0.785645 -0.919312 -4.000000 -0.629901 -1.627442 -5.307878
-0.785889 -0.917603 -4.000000 -0.590740 -1.629104 -5.275125
-0.785889 -0.917358 -4.000000 -0.572465 -1.650464 -5.285093
-0.782837 -0.927002 -4.000000 -0.539474 -1.664467 -5.311201
-0.781982 -0.917114 -4.000000 -0.510282 -1.678708 -5.330188
-0.784424 -0.924316 -4.000000 -0.528319 -1.663993 -5.332561
-0.787109 -0.921021 -4.000000 -0.575788 -1.719530 -5.214366
-0.787598 -0.917358 -4.000000 -0.716768 -1.579262 -5.015475
-0.783447 -0.919556 -4.000000 -0.942478 -1.432111 -4.959937
-0.785034 -0.924438 -4.000000 -1.142556 -1.400070 -4.907011
-0.785522 -0.920410 -4.000000 -1.325546 -1.357824 -4.944036
-0.780396 -0.909668 -4.000000 -1.404105 -1.335514 -5.010253
-0.789063 -0.911621 -4.000000 -1.401020 -1.314153 -5.060332
-0.781128 -0.914551 -4.000000 -1.346669 -1.325546 -5.102579
-0.781982 -0.917114 -4.000000 -1.229185 -1.275941 -5.144825
-0.796753 -0.924561 -4.000000 -1.110278 -1.213284 -5.152895
-0.780762 -0.918091 -4.000000 -0.971671 -1.139945 -5.182800
-0.786621 -0.917725 -4.000000 -0.868903 -1.080373 -5.211518
-0.785889 -0.921753 -4.000000 -0.820960 -1.006323 -5.240236
-0.783691 -0.922974 -4.000000 -0.831403 -0.886229 -5.249730
-0.779907 -0.920044 -4.000000 -0.844694 -0.791292 -5.263021
-0.777100 -0.927979 -4.000000 -0.840422 -0.776103 -5.280584
-0.790161 -0.921143 -4.000000 -0.819773 -0.834726 -5.332799
-0.784790 -0.912720 -4.000000 -0.784884 -0.922304 -5.385251
-0.784546 -0.911011 -4.000000 -0.754267 -0.999915 -5.426074
-0.786743 -0.920166 -4.000000 -0.759726 -1.033142 -5.444111
-0.786377 -0.922974 -4.000000 -0.788207 -1.025073 -5.438890
-0.781616 -0.922363 -4.000000 -0.806008 -1.054028 -5.504870
-0.791260 -0.917480 -4.000000 -0.815976 -1.119534 -5.530741
-0.785034 -0.915283 -4.000000 -0.803160 -1.188125 -5.566342
-0.785767 -0.920166 -4.000000 -0.779188 -1.227524 -5.606927
-0.782104 -0.921631 -4.000000 -0.729584 -1.258853 -5.609538
-0.785034 -0.920044 -4.000000 -0.652211 -1.271432 -5.634696
-0.782227 -0.916504 -4.000000 -0.567006 -1.277365 -5.669585
-0.789551 -0.915771 -4.000000 -0.478003 -1.285435 -5.703762
-0.793091 -0.917969 -4.000000 -0.391374 -1.279976 -5.722274
-0.781738 -0.920654 -4.000000 -0.341058 -1.237255 -5.726546
-0.783325 -0.919678 -4.000000 -0.298811 -1.217556 -5.721087
-0.789185 -0.919800 -4.000000 -0.261312 -1.199993 -5.719189
-0.778076 -0.916016 -4.000000 -0.224049 -1.223964 -5.755027
-0.779053 -0.913940 -4.000000 -0.215505 -1.312729 -5.814125
-0.782593 -0.917236 -4.000000 -0.231881 -1.399358 -5.812226
-0.784058 -0.914917 -4.000000 -0.257040 -1.476257 -5.838809
-0.782959 -0.917236 -4.000000 -0.280062 -1.581398 -5.876783
-0.789185 -0.918213 -4.000000 -0.293115 -1.600148 -5.886751
-0.784790 -0.915527 -4.000000 -0.286707 -1.614863 -5.891973
-0.791382 -0.918945 -4.000000 -0.241850 -1.622221 -5.914282
-0.792725 -0.920654 -4.000000 -0.172072 -1.620797 -5.942051
-0.786011 -0.921265 -4.000000 -0.051503 -1.588281 -5.929472
-0.778687 -0.918945 -4.000000 0.103006 -1.554816 -5.890549
-0.782471 -0.915283 -4.000000 0.275077 -1.514468 -5.859457
-0.780151 -0.918335 -4.000000 0.413447 -1.392475 -5.799647
-0.788574 -0.919922 -4.000000 0.519063 -1.207113 -5.725834
-0.787964 -0.918335 -4.000000 0.630138 -1.113126 -5.661515
-0.792236 -0.925537 -4.000000 0.725312 -1.084170 -5.646563
-0.781128 -0.917603 -4.000000 0.766609 -1.046196 -5.631373
-0.787842 -0.919556 -4.000000 0.774679 -1.043585 -5.630186
-0.785156 -0.923340 -4.000000 0.801735 -1.038364 -5.626626
-0.779541 -0.917480 -4.000000 0.818112 -1.016054 -5.609538
-0.783813 -0.921143 -4.000000 0.800311 -0.993744 -5.598620
-0.784424 -0.919312 -4.000000 0.802447 -1.021750 -5.626152
-0.782593 -0.924194 -4.000000 0.843507 -1.115499 -5.655107
-0.783203 -0.917603 -4.000000 0.848254 -1.303473 -5.680977
-0.783325 -0.916016 -4.000000 0.851814 -1.580212 -5.679078
-0.786743 -0.916138 -4.000000 0.790343 -1.885906 -5.672433
-0.781372 -0.919434 -4.000000 0.634173 -2.085747 -5.706372
-0.786133 -0.915894 -4.000000 0.494142 -2.065810 -5.745533
-0.788452 -0.913574 -4.000000 0.472782 -1.849593 -5.774489
-0.785156 -0.913818 -4.000000 0.521437 -1.599674 -5.778049
-0.776978 -0.924316 -4.000000 0.604031 -1.392001 -5.757875
-0.784668 -0.915161 -4.000000 0.621357 -1.274280 -5.765945
-0.788574 -0.917969 -4.000000 0.526421 -1.280688 -5.781610
-0.786987 -0.916138 -4.000000 0.386627 -1.369453 -5.800597
-0.789917 -0.916870 -4.000000 0.272704 -1.451098 -5.821720
-0.784058 -0.922363 -4.000000 0.142879 -1.483377 -5.828840
-0.788452 -0.920044 -4.000000 -0.012342 -1.468899 -5.801783
-0.786011 -0.917969 -4.000000 -0.168037 -1.399596 -5.767369
-0.786377 -0.917725 -4.000000 -0.306406 -1.315103 -5.729157
-0.788574 -0.920532 -4.000000 -0.402054 -1.241052 -5.703999
-0.784424 -0.920288 -4.000000 -0.446200 -1.232508 -5.652021
-0.783081 -0.919678 -4.000000 -0.465899 -1.284486 -5.612148
-0.784912 -0.918091 -4.000000 -0.478003 -1.361859 -5.589601
-0.782349 -0.917847 -4.000000 -0.460915 -1.421194 -5.588889
-0.780396 -0.916260 -4.000000 -0.408937 -1.487412 -5.592687
-0.788696 -0.925537 -4.000000 -0.351026 -1.533456 -5.592687
-0.776367 -0.918457 -4.000000 -0.339634 -1.578788 -5.582481
-0.784180 -0.917969 -4.000000 -0.290267 -1.664705 -5.585566
-0.786011 -0.922119 -4.000000 -0.341058 -1.642395 -5.572275
-0.781494 -0.918213 -4.000000 -0.440978 -1.659958 -5.533351
-0.782593 -0.906494 -4.000000 -0.507196 -1.651651 -5.516737
-0.781738 -0.916016 -4.000000 -0.445013 -1.553155 -5.578921
-0.790283 -0.915283 -4.000000 -0.392798 -1.422855 -5.657243
-0.783691 -0.918823 -4.000000 -0.428637 -1.370403 -5.733666
-0.788574 -0.916626 -4.000000 -0.497228 -1.335276 -5.847590
-0.783325 -0.913208 -4.000000 -0.616847 -1.306558 -5.970295
-0.782837 -0.917358 -4.000000 -0.720090 -1.284960 -6.100120
-0.787720 -0.913940 -4.000000 -0.797701 -1.302523 -6.246559
-0.781982 -0.913574 -4.000000 -0.903317 -1.370165 -6.433108
-0.784668 -0.911133 -4.000000 -1.113601 -1.490972 -6.618471
-0.784180 -0.915649 -4.000000 -1.376574 -1.589943 -6.743075
-0.786499 -0.916504 -4.000000 -1.536304 -1.691050 -6.820210
-0.789551 -0.921753 -4.000000 -1.616999 -1.748486 -6.858185
-0.782349 -0.917603 -4.000000 -1.673012 -1.732109 -6.821397
-0.781494 -0.916870 -4.000000 -1.629816 -1.687252 -6.760401
-0.785034 -0.924072 -4.000000 -1.525149 -1.736619 -6.711271
-0.790283 -0.919800 -4.000000 -1.453709 -1.820637 -6.638170
-0.788086 -0.920044 -4.000000 -1.308932 -1.858849 -6.555339
-0.777954 -0.917480 -4.000000 -1.102683 -1.851966 -6.465861
-0.782349 -0.916382 -4.000000 -0.888127 -1.837489 -6.351701
-0.785278 -0.919312 -4.000000 -0.713682 -1.849830 -6.244660
-0.784546 -0.912964 -4.000000 -0.595487 -1.860985 -6.132636
-0.784302 -0.919189 -4.000000 -0.535202 -1.801650 -6.040073
-0.786621 -0.917969 -4.000000 -0.535914 -1.705053 -5.948697
-0.783813 -0.911865 -4.000000 -0.550392 -1.604658 -5.855185
-0.788696 -0.915894 -4.000000 -0.631088 -1.433773 -5.755027
-0.795044 -0.917480 -4.000000 -0.693034 -1.376811 -5.757875
-0.785156 -0.918945 -4.000000 -0.727448 -1.317951 -5.727971
-0.782959 -0.919067 -4.000000 -0.634173 -1.421431 -5.687623
-0.791748 -0.921021 -4.000000 -0.560835 -1.513282 -5.695218
-0.788452 -0.917358 -4.000000 -0.463763 -1.546747 -5.684537
-0.786499 -0.920776 -4.000000 -0.375472 -1.641445 -5.678841
-0.794678 -0.924561 -4.000000 -0.332039 -1.753945 -5.670534
-0.776245 -0.913940 -4.000000 -0.328954 -1.770796 -5.652971
-0.784546 -0.917603 -4.000000 -0.320884 -1.712410 -5.654632
-0.785645 -0.915039 -4.000000 -0.300947 -1.616762 -5.652971
-0.780762 -0.923096 -4.000000 -0.306644 -1.569769 -5.655581
