-0.784912 -0.918335 -4.000000 -0.208859 -1.451098 -6.125041
-0.779297 -0.919922 -4.000000 -0.178717 -1.444928 -6.098696
-0.781006 -0.922852 -4.000000 -0.132911 -1.382270 -6.096797
-0.784668 -0.927124 -4.000000 -0.126977 -1.328631 -6.083981
-0.787231 -0.917969 -4.000000 -0.131961 -1.334090 -6.072826
-0.786865 -0.918457 -4.000000 -0.146439 -1.421194 -6.031528
-0.779663 -0.922729 -4.000000 -0.187736 -1.523725 -5.980975
-0.782715 -0.922363 -4.000000 -0.222863 -1.535117 -5.961513
-0.788208 -0.916504 -4.000000 -0.243036 -1.504500 -5.971719
-0.778564 -0.915894 -4.000000 -0.256090 -1.537728 -5.967684
-0.786255 -0.918091 -4.000000 -0.285758 -1.571667 -5.957241
-0.773560 -0.916016 -4.000000 -0.326818 -1.584721 -5.954156
-0.784912 -0.914429 -4.000000 -0.352450 -1.577838 -5.952257
-0.784546 -0.913086 -4.000000 -0.384017 -1.574515 -5.942763
-0.787354 -0.920776 -4.000000 -0.422228 -1.582110 -5.952494
-0.786621 -0.915039 -4.000000 -0.473019 -1.603708 -5.954630
-0.788208 -0.925537 -4.000000 -0.544221 -1.635037 -5.950596
-0.783569 -0.921753 -4.000000 -0.635835 -1.666129 -5.954393
-0.776001 -0.918579 -4.000000 -0.740027 -1.702917 -5.931134
-0.786865 -0.912476 -4.000000 -0.816688 -1.719530 -5.893634
-0.782837 -0.916504 -4.000000 -0.870802 -1.695322 -5.847115
-0.778198 -0.916870 -4.000000 -0.895722 -1.660670 -5.775913
-0.788818 -0.916382 -4.000000 -0.916134 -1.635037 -5.704237
-0.778198 -0.913818 -4.000000 -0.909725 -1.610591 -5.622591
-0.781738 -0.915283 -4.000000 -0.889789 -1.597775 -5.534063
-0.781616 -0.910522 -4.000000 -0.867716 -1.600860 -5.445536
-0.790405 -0.913086 -4.000000 -0.868428 -1.648566 -5.347989
-0.790039 -0.909668 -4.000000 -0.890501 -1.724277 -5.263495
-0.791626 -0.917969 -4.000000 -0.925627 -1.806397 -5.202024
-0.785767 -0.922119 -4.000000 -0.946038 -1.854577 -5.152183
-0.788086 -0.917969 -4.000000 -0.949361 -1.792156 -5.112547
-0.781616 -0.917358 -4.000000 -0.937969 -1.571193 -5.095221
-0.783325 -0.919312 -4.000000 -0.914709 -1.254343 -5.091424
-0.778564 -0.917480 -4.000000 -0.892399 -0.970722 -5.103528
-0.781494 -0.916138 -4.000000 -0.892637 -0.791292 -5.148148
-0.787964 -0.914307 -4.000000 -0.938681 -0.717717 -5.202736
-0.785522 -0.923462 -4.000000 -1.021513 -0.744299 -5.276549
-0.786499 -0.917358 -4.000000 -1.130926 -0.829267 -5.355584
-0.786133 -0.917847 -4.000000 -1.245087 -0.915184 -5.433669
-0.784546 -0.914307 -4.000000 -1.320799 -0.970722 -5.518399
-0.782593 -0.918823 -4.000000 -1.361859 -0.993744 -5.558747
-0.784058 -0.917847 -4.000000 -1.354264 -1.020563 -5.587465
-0.784546 -0.917847 -4.000000 -1.307745 -1.059724 -5.617370
-0.789307 -0.911377 -4.000000 -1.212572 -1.090816 -5.631610
-0.787842 -0.909546 -4.000000 -1.074677 -1.094139 -5.643714
-0.783325 -0.909180 -4.000000 -0.933934 -1.089629 -5.661515
-0.780884 -0.914429 -4.000000 -0.820011 -1.100547 -5.678841
-0.786499 -0.915649 -4.000000 -0.765422 -1.128790 -5.715391
-0.788330 -0.918335 -4.000000 -0.773967 -1.184091 -5.777575
-0.788818 -0.916504 -4.000000 -0.819299 -1.267872 -5.832875
-0.786865 -0.916748 -4.000000 -0.839947 -1.384406 -5.869900
-0.786865 -0.914307 -4.000000 -0.821909 -1.476019 -5.910248
-0.781494 -0.919800 -4.000000 -0.790343 -1.512332 -5.910248
-0.787598 -0.917969 -4.000000 -0.724363 -1.484801 -5.904314
-0.786011 -0.910522 -4.000000 -0.644616 -1.442792 -5.932083
-0.786499 -0.919556 -4.000000 -0.600708 -1.418346 -5.950358
-0.791504 -0.919800 -4.000000 -0.578161 -1.418346 -5.967209
-0.783203 -0.924438 -4.000000 -0.542797 -1.417396 -5.988570
-0.784546 -0.913086 -4.000000 -0.486310 -1.420482 -6.011829
-0.786011 -0.917847 -4.000000 -0.428162 -1.435197 -6.023934
-0.786743 -0.923340 -4.000000 -0.378320 -1.460355 -6.033190
-0.792236 -0.921265 -4.000000 -0.334650 -1.464864 -6.014678
-0.784790 -0.921265 -4.000000 -0.306406 -1.432823 -6.004472
-0.789429 -0.920654 -4.000000 -0.291454 -1.388915 -5.982399
-0.786621 -0.914551 -4.000000 -0.274128 -1.333140 -5.971719
-0.789673 -0.916260 -4.000000 -0.248495 -1.274517 -5.969108
-0.780518 -0.910889 -4.000000 -0.236628 -1.235356 -5.966497
-0.784790 -0.915527 -4.000000 -0.241612 -1.221116 -5.976228
-0.788696 -0.916382 -4.000000 -0.262261 -1.224201 -5.983823
-0.784546 -0.913696 -4.000000 -0.286470 -1.240815 -5.993317
-0.785278 -0.919922 -4.000000 -0.301897 -1.262176 -6.017526
-0.786743 -0.914551 -4.000000 -0.291217 -1.275704 -6.038886
-0.782715 -0.915283 -4.000000 -0.265821 -1.282112 -6.058823
-0.784058 -0.911987 -4.000000 -0.238290 -1.278789 -6.083744
-0.786011 -0.921997 -4.000000 -0.179192 -1.247935 -6.076623
-0.783203 -0.915771 -4.000000 -0.096360 -1.193584 -6.071165
-0.785156 -0.922729 -4.000000 -0.009256 -1.104582 -6.070927
-0.777954 -0.919434 -4.000000 0.062658 -1.016528 -6.080895
-0.776001 -0.914673 -4.000000 0.092563 -0.983775 -6.102256
-0.789917 -0.917114 -4.000000 0.100158 -1.029345 -6.127177
-0.786255 -0.918213 -4.000000 0.093749 -1.149914 -6.172746
-0.789063 -0.915649 -4.000000 0.145727 -1.284486 -6.212382
-0.788086 -0.910767 -4.000000 0.322308 -1.303948 -6.233980
-0.786865 -0.914307 -4.000000 0.682591 -1.094851 -6.216891
-0.786987 -0.913940 -4.000000 1.227287 -0.672622 -6.140705
-0.787964 -0.917847 -4.000000 1.777679 -0.226660 -6.011117
-0.778198 -0.916992 -4.000000 2.160509 -0.014003 -5.891023
-0.786621 -0.920044 -4.000000 2.329020 -0.156407 -5.804631
-0.786621 -0.923218 -4.000000 2.276093 -0.597860 -5.736515
-0.791016 -0.916260 -4.000000 2.091680 -1.162493 -5.752417
-0.787598 -0.912476 -4.000000 1.833691 -1.660907 -5.815549
-0.785034 -0.921509 -4.000000 1.504500 -2.045873 -5.899805
-0.785156 -0.915649 -4.000000 1.118585 -2.310033 -5.994266
-0.788330 -0.921021 -4.000000 0.811229 -2.396188 -6.094661
-0.788818 -0.920288 -4.000000 0.620170 -2.285824 -6.192920
-0.787109 -0.916016 -4.000000 0.543509 -2.094528 -6.229945
-0.786499 -0.920532 -4.000000 0.540661 -1.909165 -6.205499
-0.786011 -0.922485 -4.000000 0.570091 -1.754894 -6.191021
-0.786255 -0.916870 -4.000000 0.567481 -1.657585 -6.190784
-0.787964 -0.919312 -4.000000 0.516215 -1.603708 -6.185088
-0.784424 -0.916016 -4.000000 0.453557 -1.553630 -6.178205
-0.782471 -0.908081 -4.000000 0.354586 -1.596351 -6.156607
-0.786499 -0.923950 -4.000000 0.285995 -1.667315 -6.167762
-0.788452 -0.921997 -4.000000 0.183464 -1.600623 -6.155895
-0.788940 -0.917358 -4.000000 0.125316 -1.676572 -6.151385
-0.781616 -0.919678 -4.000000 0.079984 -1.805448 -6.109139
-0.789063 -0.917969 -4.000000 0.019462 -1.841761 -6.072351
-0.788452 -0.916992 -4.000000 -0.000475 -1.781713 -6.028918
-0.784180 -0.916748 -4.000000 -0.001424 -1.716682 -6.010643
-0.780396 -0.914307 -4.000000 0.012342 -1.650227 -5.972906
-0.783447 -0.919189 -4.000000 0.029905 -1.570243 -5.940153
-0.780396 -0.916382 -4.000000 0.039161 -1.505212 -5.914995
-0.784424 -0.918701 -4.000000 0.009256 -1.476731 -5.918555
-0.789307 -0.921509 -4.000000 -0.052690 -1.470560 -5.936830
-0.787598 -0.915894 -4.000000 -0.136471 -1.471510 -5.956767
-0.793457 -0.921997 -4.000000 -0.226660 -1.489310 -5.989757
-0.785400 -0.917480 -4.000000 -0.299049 -1.496905 -6.017288
-0.787476 -0.916992 -4.000000 -0.351264 -1.528471 -6.034377
-0.786987 -0.922729 -4.000000 -0.389475 -1.554342 -6.047905
-0.789917 -0.916748 -4.000000 -0.388051 -1.574990 -6.037937
-0.782837 -0.906006 -4.000000 -0.371912 -1.588993 -6.016576
-0.787109 -0.908325 -4.000000 -0.334887 -1.580686 -5.996640
-0.787842 -0.913452 -4.000000 -0.304508 -1.563835 -5.981925
-0.782471 -0.914795 -4.000000 -0.301422 -1.540813 -5.968871
-0.778564 -0.916870 -4.000000 -0.321833 -1.517554 -5.977415
-0.780884 -0.925781 -4.000000 -0.354349 -1.555054 -5.989994
-0.788574 -0.915405 -4.000000 -0.392323 -1.620797 -6.005184
-0.791138 -0.920166 -4.000000 -0.425551 -1.670401 -6.017288
-0.786011 -0.916504 -4.000000 -0.437655 -1.707663 -6.004234
-0.785278 -0.921143 -4.000000 -0.415820 -1.733059 -5.992368
-0.785400 -0.915771 -4.000000 -0.370963 -1.738755 -5.973143
-0.790771 -0.920776 -4.000000 -0.323969 -1.712410 -5.954630
-0.784546 -0.912964 -4.000000 -0.322308 -1.618661 -5.916656
-0.786865 -0.920044 -4.000000 -0.337023 -1.465814 -5.902416
-0.783081 -0.922363 -4.000000 -0.360757 -1.296353 -5.899568
-0.793701 -0.920044 -4.000000 -0.434333 -1.153236 -5.929472
-0.782471 -0.921509 -4.000000 -0.564870 -1.064946 -5.999013
-0.780151 -0.919067 -4.000000 -0.759964 -1.037652 -6.102256
-0.786499 -0.919067 -4.000000 -1.012019 -1.079186 -6.242524
-0.789795 -0.919434 -4.000000 -1.317239 -1.172936 -6.393710
-0.781250 -0.914307 -4.000000 -1.620085 -1.292081 -6.534215
-0.787476 -0.920166 -4.000000 -1.907979 -1.402206 -6.639595
-0.791016 -0.916626 -4.000000 -2.111617 -1.470086 -6.696082
-0.785034 -0.914795 -4.000000 -2.191125 -1.464390 -6.706050
-0.790894 -0.922729 -4.000000 -2.143895 -1.410751 -6.657870
-0.788086 -0.913330 -4.000000 -2.000541 -1.311305 -6.573614
-0.780762 -0.916870 -4.000000 -1.834640 -1.220641 -6.470846
-0.783081 -0.916260 -4.000000 -1.707901 -1.218980 -6.393473
-0.786499 -0.919800 -4.000000 -1.642869 -1.312017 -6.322745
-0.787231 -0.916504 -4.000000 -1.583534 -1.439944 -6.266258
