-0.786743 -0.915649 -4.000000 -0.179904 -1.385593 -5.719901
-0.788818 -0.919067 -4.000000 -0.172546 -1.389865 -5.716578
-0.784058 -0.918213 -4.000000 -0.169224 -1.335514 -5.736040
-0.783081 -0.915649 -4.000000 -0.170885 -1.299675 -5.732005
-0.781006 -0.914551 -4.000000 -0.173258 -1.267635 -5.728683
-0.790161 -0.918335 -4.000000 -0.188923 -1.266685 -5.723224
-0.795288 -0.916626 -4.000000 -0.216217 -1.295641 -5.728208
-0.782471 -0.918579 -4.000000 -0.253479 -1.335514 -5.728208
-0.780762 -0.916504 -4.000000 -0.283622 -1.361384 -5.739363
-0.780762 -0.912720 -4.000000 -0.302609 -1.366368 -5.735091
-0.784180 -0.920532 -4.000000 -0.319935 -1.370878 -5.718002
-0.791748 -0.923218 -4.000000 -0.337735 -1.368267 -5.703762
-0.782715 -0.913452 -4.000000 -0.347229 -1.364232 -5.688809
-0.788452 -0.924316 -4.000000 -0.362181 -1.371590 -5.663414
-0.784546 -0.917480 -4.000000 -0.385678 -1.388441 -5.652496
-0.781616 -0.915649 -4.000000 -0.412735 -1.414073 -5.624965
-0.788452 -0.914551 -4.000000 -0.436469 -1.444928 -5.595772
-0.786011 -0.915039 -4.000000 -0.453557 -1.473646 -5.566816
-0.785889 -0.924927 -4.000000 -0.480851 -1.474358 -5.544981
-0.784790 -0.916992 -4.000000 -0.511468 -1.465814 -5.521722
-0.791626 -0.919312 -4.000000 -0.560835 -1.428314 -5.499887
-0.780396 -0.915161 -4.000000 -0.623968 -1.376811 -5.474966
-0.785034 -0.913696 -4.000000 -0.668825 -1.305134 -5.448621
-0.786743 -0.915894 -4.000000 -0.743824 -1.195958 -5.413732
-0.783936 -0.921021 -4.000000 -0.829742 -1.127604 -5.362466
-0.779419 -0.919800 -4.000000 -0.888365 -1.198094 -5.343954
-0.781616 -0.922363 -4.000000 -0.947700 -1.354026 -5.320932
-0.784180 -0.916382 -4.000000 -0.996829 -1.599911 -5.315473
-0.783081 -0.922852 -4.000000 -1.073015 -1.825859 -5.276549
-0.784790 -0.921509 -4.000000 -1.137572 -1.889229 -5.200126
-0.785400 -0.917114 -4.000000 -1.153711 -1.844371 -5.098069
-0.789307 -0.914185 -4.000000 -1.133300 -1.705290 -4.982247
-0.779785 -0.923584 -4.000000 -1.048095 -1.585196 -4.879716
-0.788452 -0.919556 -4.000000 -0.990421 -1.377760 -4.845777
-0.784302 -0.909058 -4.000000 -0.991370 -1.150626 -4.851235
-0.781982 -0.912964 -4.000000 -1.092715 -0.962652 -4.888973
-0.781738 -0.918579 -4.000000 -1.265736 -0.784172 -4.926472
-0.792847 -0.916504 -4.000000 -1.463915 -0.670724 -4.965396
-0.794067 -0.915405 -4.000000 -1.545323 -0.778951 -5.045617
-0.789917 -0.917114 -4.000000 -1.530845 -1.019851 -5.122278
-0.786377 -0.910522 -4.000000 -1.453235 -1.240340 -5.168322
-0.783203 -0.918945 -4.000000 -1.345957 -1.326495 -5.206534
-0.784302 -0.924561 -4.000000 -1.228948 -1.303948 -5.230742
-0.790283 -0.922363 -4.000000 -1.096037 -1.188363 -5.265869
-0.790283 -0.915894 -4.000000 -0.972146 -1.030532 -5.317846
-0.784180 -0.921997 -4.000000 -0.862495 -0.891687 -5.360330
-0.779541 -0.914185 -4.000000 -0.766846 -0.845643 -5.391659
-0.791504 -0.920898 -4.000000 -0.687337 -0.911624 -5.430346
-0.787109 -0.914307 -4.000000 -0.641293 -1.033142 -5.464285
-0.789917 -0.919922 -4.000000 -0.629901 -1.162967 -5.481374
-0.786499 -0.915405 -4.000000 -0.629189 -1.222302 -5.506769
-0.785889 -0.915527 -4.000000 -0.625866 -1.250783 -5.517212
-0.776733 -0.917603 -4.000000 -0.619695 -1.251495 -5.524570
-0.781860 -0.915527 -4.000000 -0.612575 -1.219692 -5.536911
-0.786011 -0.912720 -4.000000 -0.607828 -1.193584 -5.563019
-0.788086 -0.915161 -4.000000 -0.584332 -1.202129 -5.577022
-0.783569 -0.918823 -4.000000 -0.545883 -1.234407 -5.597196
-0.787598 -0.921631 -4.000000 -0.519063 -1.246274 -5.588889
-0.785034 -0.913818 -4.000000 -0.497228 -1.295878 -5.600044
-0.782227 -0.918091 -4.000000 -0.467323 -1.320087 -5.606215
-0.783813 -0.917603 -4.000000 -0.433383 -1.321511 -5.601706
-0.781738 -0.916138 -4.000000 -0.405615 -1.311780 -5.600281
-0.785522 -0.919067 -4.000000 -0.389950 -1.301099 -5.612623
-0.779541 -0.912964 -4.000000 -0.398257 -1.290656 -5.625440
-0.781250 -0.917358 -4.000000 -0.405377 -1.297065 -5.620455
-0.784790 -0.923462 -4.000000 -0.407988 -1.316289 -5.628287
-0.783569 -0.918579 -4.000000 -0.390425 -1.346194 -5.632560
-0.782837 -0.916992 -4.000000 -0.348416 -1.375862 -5.639917
-0.785156 -0.916992 -4.000000 -0.305457 -1.370403 -5.646800
-0.778809 -0.913208 -4.000000 -0.267245 -1.353552 -5.669110
-0.780518 -0.917847 -4.000000 -0.242087 -1.324121 -5.689047
-0.780396 -0.918457 -4.000000 -0.239951 -1.287334 -5.707559
-0.788940 -0.913574 -4.000000 -0.227135 -1.256242 -5.735328
-0.791016 -0.910645 -4.000000 -0.222151 -1.252682 -5.746008
-0.781860 -0.918823 -4.000000 -0.186787 -1.270008 -5.760724
-0.781616 -0.916138 -4.000000 -0.129350 -1.283299 -5.766182
-0.784790 -0.922607 -4.000000 -0.040111 -1.309406 -5.746483
-0.782349 -0.917847 -4.000000 0.060047 -1.336226 -5.720613
-0.782349 -0.916748 -4.000000 0.197942 -1.382270 -5.662227
-0.782959 -0.911255 -4.000000 0.303558 -1.326495 -5.651784
-0.789307 -0.914917 -4.000000 0.378795 -1.207113 -5.641341
-0.776123 -0.912598 -4.000000 0.455219 -1.129265 -5.624015
-0.783447 -0.919800 -4.000000 0.553715 -1.135673 -5.613810
-0.786133 -0.919067 -4.000000 0.578398 -1.206875 -5.638019
-0.783691 -0.922241 -4.000000 0.564633 -1.306084 -5.689284
-0.784790 -0.921265 -4.000000 0.549917 -1.383694 -5.715866
-0.781006 -0.921631 -4.000000 0.526895 -1.437807 -5.793002
-0.784302 -0.920410 -4.000000 0.569617 -1.514706 -5.839995
-0.787598 -0.921265 -4.000000 0.577924 -1.589231 -5.864916
-0.785400 -0.918823 -4.000000 0.579822 -1.633376 -5.842369
-0.785156 -0.919067 -4.000000 0.604743 -1.712647 -5.842131
-0.786743 -0.921021 -4.000000 0.675708 -1.788122 -5.858508
-0.788574 -0.910767 -4.000000 0.747859 -1.794767 -5.866577
-0.788330 -0.911377 -4.000000 0.771593 -1.768422 -5.848539
-0.789063 -0.911621 -4.000000 0.728635 -1.704578 -5.836910
-0.781128 -0.911621 -4.000000 0.678556 -1.607268 -5.836910
-0.779053 -0.916382 -4.000000 0.623018 -1.523962 -5.848777
-0.780762 -0.915649 -4.000000 0.537338 -1.492870 -5.855185
-0.788086 -0.916870 -4.000000 0.418906 -1.493582 -5.863729
-0.783569 -0.917725 -4.000000 0.290979 -1.513519 -5.869188
-0.786133 -0.911621 -4.000000 0.178243 -1.541525 -5.869425
-0.788208 -0.913086 -4.000000 0.078797 -1.542237 -5.858508
-0.787964 -0.913940 -4.000000 -0.017801 -1.495956 -5.861593
-0.782104 -0.921265 -4.000000 -0.075000 -1.431637 -5.841894
-0.783081 -0.913086 -4.000000 -0.112499 -1.382270 -5.819109
-0.778931 -0.917114 -4.000000 -0.161866 -1.390577 -5.773540
-0.778931 -0.918823 -4.000000 -0.260362 -1.478393 -5.732717
-0.782959 -0.918335 -4.000000 -0.373336 -1.608455 -5.701863
-0.785645 -0.919312 -4.000000 -0.433621 -1.700068 -5.687860
-0.784912 -0.916016 -4.000000 -0.407751 -1.680607 -5.690708
-0.782959 -0.916016 -4.000000 -0.398020 -1.595164 -5.704948
-0.785645 -0.922607 -4.000000 -0.444776 -1.525386 -5.743872
-0.784058 -0.922485 -4.000000 -0.527133 -1.509959 -5.776863
-0.784912 -0.918701 -4.000000 -0.591689 -1.543661 -5.808429
-0.779175 -0.916748 -4.000000 -0.638920 -1.611541 -5.840707
-0.783203 -0.925049 -4.000000 -0.714157 -1.661619 -5.904552
-0.784424 -0.913696 -4.000000 -0.768983 -1.659009 -5.989045
-0.786011 -0.916992 -4.000000 -0.816688 -1.642869 -6.104392
-0.785034 -0.913208 -4.000000 -0.879108 -1.593503 -6.212144
-0.789673 -0.914185 -4.000000 -0.970959 -1.540101 -6.326068
-0.782959 -0.916138 -4.000000 -1.125942 -1.479817 -6.425276
-0.790039 -0.914917 -4.000000 -1.365419 -1.483851 -6.514753
-0.786255 -0.916626 -4.000000 -1.621034 -1.522538 -6.583345
-0.786133 -0.924316 -4.000000 -1.776729 -1.488361 -6.669024
-0.786743 -0.916626 -4.000000 -1.800226 -1.431162 -6.699642
-0.786865 -0.918823 -4.000000 -1.748249 -1.391289 -6.739752
-0.788086 -0.925537 -4.000000 -1.837963 -1.553867 -6.707474
-0.781860 -0.921631 -4.000000 -2.068421 -1.906317 -6.669262
-0.786987 -0.916382 -4.000000 -2.112566 -2.104971 -6.579072
-0.783936 -0.921997 -4.000000 -1.958769 -2.086221 -6.439279
-0.789429 -0.915527 -4.000000 -1.599674 -1.886855 -6.257002
-0.785522 -0.914917 -4.000000 -1.207587 -1.600623 -6.095373
-0.785034 -0.920166 -4.000000 -0.861071 -1.366605 -5.982162
-0.783203 -0.911499 -4.000000 -0.569617 -1.245324 -5.911197
-0.787842 -0.921509 -4.000000 -0.382355 -1.177920 -5.854473
-0.786133 -0.924805 -4.000000 -0.265584 -1.174597 -5.776625
-0.783447 -0.913940 -4.000000 -0.221913 -1.202603 -5.715629
-0.778198 -0.921143 -4.000000 -0.254429 -1.266685 -5.661040
-0.784546 -0.920532 -4.000000 -0.327292 -1.354738 -5.635882
-0.782837 -0.916870 -4.000000 -0.401817 -1.403156 -5.594348
-0.786011 -0.917847 -4.000000 -0.458541 -1.418820 -5.596721
-0.779175 -0.918945 -4.000000 -0.499364 -1.398409 -5.612623
-0.784302 -0.915649 -4.000000 -0.526421 -1.419532 -5.633509
-0.779541 -0.916504 -4.000000 -0.518589 -1.517316 -5.647987
-0.783081 -0.916870 -4.000000 -0.504348 -1.584246 -5.656768
-0.780518 -0.915283 -4.000000 -0.473731 -1.624120 -5.648224
-0.783691 -0.921143 -4.000000 -0.407513 -1.657822 -5.661753
-0.777710 -0.918091 -4.000000 -0.345805 -1.634562 -5.648936
-0.784180 -0.918091 -4.000000 -0.289555 -1.581398 -5.634696
-0.781616 -0.919067 -4.000000 -0.248733 -1.503788 -5.623541
