-0.784424 -0.917358 -4.000000 -0.223100 -1.369928 -5.996640
-0.782715 -0.916870 -4.000000 -0.191059 -1.333378 -5.991418
-0.784424 -0.915283 -4.000000 -0.187024 -1.298014 -5.982636
-0.789551 -0.921387 -4.000000 -0.202451 -1.293979 -5.973143
-0.788574 -0.921143 -4.000000 -0.222863 -1.302998 -5.960327
-0.781372 -0.921509 -4.000000 -0.248021 -1.335039 -5.953444
-0.788086 -0.919922 -4.000000 -0.284571 -1.385593 -5.945374
-0.782959 -0.917847 -4.000000 -0.329191 -1.435434 -5.946798
-0.783081 -0.913208 -4.000000 -0.377846 -1.458931 -5.940390
-0.791992 -0.915405 -4.000000 -0.420330 -1.449912 -5.942051
-0.783691 -0.923828 -4.000000 -0.452845 -1.449437 -5.928761
-0.783203 -0.920654 -4.000000 -0.471832 -1.452760 -5.940390
-0.784668 -0.921387 -4.000000 -0.488209 -1.470086 -5.949409
-0.783447 -0.910156 -4.000000 -0.523098 -1.500703 -5.947985
-0.783691 -0.921509 -4.000000 -0.569142 -1.554816 -5.929235
-0.783813 -0.924438 -4.000000 -0.640819 -1.620322 -5.891735
-0.779297 -0.921143 -4.000000 -0.714632 -1.670876 -5.835485
-0.781006 -0.917847 -4.000000 -0.788919 -1.706002 -5.755502
-0.783813 -0.921631 -4.000000 -0.853238 -1.737806 -5.658192
-0.787231 -0.914551 -4.000000 -0.929425 -1.738280 -5.567766
-0.781738 -0.918213 -4.000000 -1.021513 -1.715970 -5.517687
-0.785645 -0.915527 -4.000000 -1.094376 -1.693186 -5.458827
-0.786743 -0.920654 -4.000000 -1.154186 -1.671113 -5.382165
-0.788086 -0.918335 -4.000000 -1.212334 -1.690100 -5.268954
-0.787964 -0.914795 -4.000000 -1.263600 -1.748249 -5.127025
-0.781128 -0.914795 -4.000000 -1.329343 -1.796191 -5.040158
-0.780029 -0.914063 -4.000000 -1.366131 -1.829182 -4.988656
-0.785889 -0.915283 -4.000000 -1.347618 -1.844609 -4.949969
-0.788086 -0.921753 -4.000000 -1.312017 -1.775068 -4.905112
-0.784546 -0.912354 -4.000000 -1.268346 -1.573566 -4.885175
-0.786133 -0.922241 -4.000000 -1.210198 -1.295641 -4.860729
-0.787109 -0.918579 -4.000000 -1.165815 -1.044535 -4.865713
-0.783936 -0.919067 -4.000000 -1.135436 -0.875786 -4.897992
-0.785767 -0.913208 -4.000000 -1.150151 -0.831640 -4.996013
-0.776855 -0.913086 -4.000000 -1.181955 -0.929425 -5.099256
-0.785034 -0.917603 -4.000000 -1.227287 -1.092003 -5.187784
-0.783325 -0.927856 -4.000000 -1.277603 -1.206163 -5.269904
-0.787109 -0.921143 -4.000000 -1.318425 -1.222540 -5.335647
-0.789917 -0.917725 -4.000000 -1.329818 -1.189550 -5.399254
-0.781982 -0.919312 -4.000000 -1.295166 -1.158221 -5.449808
-0.787231 -0.914917 -4.000000 -1.225151 -1.125230 -5.494428
-0.790283 -0.914917 -4.000000 -1.142556 -1.103870 -5.551627
-0.788940 -0.919922 -4.000000 -1.076101 -1.114550 -5.603129
-0.781250 -0.920044 -4.000000 -1.037889 -1.144692 -5.644189
-0.782227 -0.920410 -4.000000 -1.008934 -1.201179 -5.696641
-0.788330 -0.916748 -4.000000 -0.991608 -1.317239 -5.747670
-0.790894 -0.915527 -4.000000 -0.950311 -1.458931 -5.763334
-0.795532 -0.918945 -4.000000 -0.896434 -1.556478 -5.771166
-0.786743 -0.926025 -4.000000 -0.839473 -1.564072 -5.778049
-0.783325 -0.917847 -4.000000 -0.780138 -1.515418 -5.810565
-0.785156 -0.914429 -4.000000 -0.735043 -1.429738 -5.836435
-0.782227 -0.916748 -4.000000 -0.698492 -1.346669 -5.881767
-0.787476 -0.923584 -4.000000 -0.672622 -1.293742 -5.916656
-0.787476 -0.917358 -4.000000 -0.658857 -1.273568 -5.937067
-0.778687 -0.920044 -4.000000 -0.647464 -1.285198 -5.942763
-0.782593 -0.915039 -4.000000 -0.636547 -1.298963 -5.960327
-0.785645 -0.913086 -4.000000 -0.632749 -1.314391 -5.968634
-0.786377 -0.919678 -4.000000 -0.610914 -1.340498 -5.986197
-0.791382 -0.920288 -4.000000 -0.556563 -1.351416 -5.987858
-0.790771 -0.922485 -4.000000 -0.484886 -1.346431 -5.991181
-0.789185 -0.924927 -4.000000 -0.403478 -1.336700 -5.991181
-0.783081 -0.917847 -4.000000 -0.334412 -1.333140 -5.996165
-0.781250 -0.916260 -4.000000 -0.287419 -1.321748 -5.983823
-0.784424 -0.920410 -4.000000 -0.266296 -1.312729 -5.980975
-0.779907 -0.912964 -4.000000 -0.242562 -1.299438 -5.965786
-0.779297 -0.914429 -4.000000 -0.223812 -1.259328 -5.957953
-0.781372 -0.919312 -4.000000 -0.212894 -1.202366 -5.957716
-0.784302 -0.919556 -4.000000 -0.201739 -1.146116 -5.965786
-0.783447 -0.917114 -4.000000 -0.203401 -1.086306 -5.972668
-0.788574 -0.920532 -4.000000 -0.196992 -1.022225 -5.987383
-0.786621 -0.919556 -4.000000 -0.192958 -0.958617 -5.982399
-0.783447 -0.923584 -4.000000 -0.193432 -0.908539 -5.991418
-0.790771 -0.914063 -4.000000 -0.195094 -0.869377 -6.010406
-0.783203 -0.914307 -4.000000 -0.216692 -0.832827 -6.024171
-0.788330 -0.910400 -4.000000 -0.232831 -0.774441 -6.058348
-0.781006 -0.912598 -4.000000 -0.207673 -0.699916 -6.088253
-0.787476 -0.917480 -4.000000 -0.124129 -0.614949 -6.114123
-0.787842 -0.917114 -4.000000 0.000000 -0.508383 -6.123379
-0.790405 -0.917480 -4.000000 0.149287 -0.430061 -6.134059
-0.789917 -0.919189 -4.000000 0.285520 -0.402292 -6.133822
-0.783813 -0.917725 -4.000000 0.406089 -0.402766 -6.136433
-0.784180 -0.921143 -4.000000 0.521199 -0.437893 -6.157794
-0.788940 -0.913452 -4.000000 0.667401 -0.503161 -6.176544
-0.788330 -0.919556 -4.000000 0.826656 -0.577924 -6.188648
-0.784058 -0.918823 -4.000000 0.959092 -0.650075 -6.172509
-0.785522 -0.916870 -4.000000 1.064708 -0.740502 -6.177730
-0.788940 -0.924438 -4.000000 1.137572 -0.880295 -6.189360
-0.785034 -0.923584 -4.000000 1.186227 -1.029345 -6.192920
-0.782471 -0.914551 -4.000000 1.250071 -1.135673 -6.195768
-0.784912 -0.913574 -4.000000 1.325071 -1.249597 -6.167287
-0.778198 -0.916748 -4.000000 1.366131 -1.390102 -6.100120
-0.776855 -0.917358 -4.000000 1.419532 -1.454421 -6.022510
-0.794067 -0.917358 -4.000000 1.453947 -1.444453 -5.959615
-0.787109 -0.912231 -4.000000 1.404817 -1.472934 -5.915232
-0.777344 -0.916016 -4.000000 1.303473 -1.558851 -5.886751
-0.784912 -0.920288 -4.000000 1.179107 -1.682031 -5.905263
-0.785156 -0.914551 -4.000000 1.073965 -1.824672 -5.929947
-0.786011 -0.915527 -4.000000 0.966450 -1.898960 -5.952732
-0.784302 -0.914063 -4.000000 0.831640 -1.887093 -5.960089
-0.779419 -0.915527 -4.000000 0.698492 -1.850305 -5.975516
-0.778687 -0.915527 -4.000000 0.570329 -1.812093 -5.993792
-0.785034 -0.914063 -4.000000 0.472307 -1.792631 -5.996640
-0.789551 -0.914185 -4.000000 0.403004 -1.772220 -5.981687
-0.782349 -0.917603 -4.000000 0.336074 -1.718344 -5.968871
-0.775635 -0.917725 -4.000000 0.286944 -1.636936 -5.943475
-0.787598 -0.915894 -4.000000 0.227609 -1.544373 -5.904077
-0.789795 -0.916504 -4.000000 0.205774 -1.467950 -5.916181
-0.790283 -0.910278 -4.000000 0.157831 -1.387491 -5.925437
-0.785156 -0.915527 -4.000000 0.117009 -1.411463 -5.928048
-0.782227 -0.916138 -4.000000 0.089477 -1.541525 -5.927336
-0.774780 -0.917725 -4.000000 0.065743 -1.662094 -5.926387
-0.779297 -0.918701 -4.000000 0.051740 -1.711461 -5.927811
-0.783813 -0.906494 -4.000000 0.042721 -1.720954 -5.946086
-0.787354 -0.916138 -4.000000 0.000000 -1.707663 -5.949409
-0.781128 -0.919678 -4.000000 -0.068117 -1.681081 -5.951545
-0.787964 -0.923218 -4.000000 -0.134097 -1.653075 -5.957953
-0.790283 -0.918823 -4.000000 -0.168037 -1.633613 -5.952969
-0.786621 -0.917725 -4.000000 -0.183464 -1.624594 -5.956054
-0.781250 -0.913330 -4.000000 -0.189398 -1.650227 -5.961513
-0.780396 -0.920044 -4.000000 -0.190110 -1.687489 -5.985010
-0.784668 -0.922485 -4.000000 -0.190110 -1.718106 -5.999962
-0.790894 -0.917114 -4.000000 -0.180379 -1.732821 -6.001861
-0.783447 -0.919678 -4.000000 -0.154983 -1.755843 -5.993080
-0.779419 -0.918213 -4.000000 -0.150474 -1.734245 -5.989520
-0.783447 -0.918579 -4.000000 -0.161629 -1.660907 -5.985960
-0.782471 -0.918091 -4.000000 -0.202926 -1.619135 -5.981925
-0.785889 -0.913574 -4.000000 -0.251581 -1.605844 -6.010168
-0.781250 -0.921997 -4.000000 -0.330615 -1.584721 -6.042209
-0.783813 -0.926270 -4.000000 -0.430773 -1.547933 -6.077573
-0.788452 -0.922729 -4.000000 -0.546832 -1.525149 -6.112699
-0.788086 -0.916626 -4.000000 -0.685201 -1.496431 -6.151385
-0.782715 -0.917358 -4.000000 -0.847305 -1.458219 -6.210483
-0.790405 -0.915894 -4.000000 -1.029582 -1.416447 -6.274090
-0.788330 -0.917603 -4.000000 -1.210436 -1.391763 -6.334137
-0.788452 -0.910400 -4.000000 -1.362333 -1.382270 -6.384928
-0.781616 -0.919312 -4.000000 -1.487886 -1.377286 -6.418156
-0.787476 -0.913330 -4.000000 -1.584009 -1.352128 -6.436194
-0.780273 -0.916992 -4.000000 -1.635512 -1.325546 -6.444501
-0.777466 -0.922363 -4.000000 -1.652126 -1.332903 -6.450672
-0.786987 -0.916992 -4.000000 -1.661382 -1.388915 -6.435482
-0.785889 -0.913696 -4.000000 -1.630053 -1.442554 -6.405814
-0.786621 -0.915527 -4.000000 -1.552443 -1.474358 -6.364992
-0.784912 -0.915161 -4.000000 -1.459880 -1.460117 -6.309691
-0.784668 -0.910522 -4.000000 -1.368979 -1.381320 -6.261749
-0.786255 -0.915527 -4.000000 -1.290894 -1.271432 -6.226860
-0.782227 -0.915527 -4.000000 -1.274755 -1.173410 -6.193870
-0.780518 -0.915161 -4.000000 -1.311780 -1.164629 -6.196717
-0.787354 -0.912720 -4.000000 -1.335989 -1.274043 -6.213569
-0.787598 -0.917847 -4.000000 -1.306558 -1.424991 -6.238964
-0.784302 -0.918945 -4.000000 -1.213284 -1.557190 -6.232556
