-0.788452 -0.918335 -4.000000 -0.044383 -1.225151 -5.688572
-0.784912 -0.921021 -4.000000 -0.094699 -1.279976 -5.680265
-0.785278 -0.914185 -4.000000 -0.182277 -1.312729 -5.686673
-0.786743 -0.920532 -4.000000 -0.247783 -1.353314 -5.700439
-0.785156 -0.917480 -4.000000 -0.281960 -1.403393 -5.709220
-0.780762 -0.917358 -4.000000 -0.297862 -1.438994 -5.707085
-0.784180 -0.921997 -4.000000 -0.271280 -1.452523 -5.697353
-0.784424 -0.919922 -4.000000 -0.248733 -1.463915 -5.667686
-0.780029 -0.918701 -4.000000 -0.235916 -1.477206 -5.641816
-0.783813 -0.905884 -4.000000 -0.239714 -1.471985 -5.618556
-0.781616 -0.919922 -4.000000 -0.255378 -1.436621 -5.595060
-0.783691 -0.918335 -4.000000 -0.275789 -1.401494 -5.592687
-0.782959 -0.918945 -4.000000 -0.308305 -1.360197 -5.610250
-0.783447 -0.924561 -4.000000 -0.326580 -1.340735 -5.628287
-0.787598 -0.911255 -4.000000 -0.338447 -1.356637 -5.637544
-0.783325 -0.924805 -4.000000 -0.335124 -1.390339 -5.660091
-0.788818 -0.919189 -4.000000 -0.334175 -1.415260 -5.664363
-0.786011 -0.916382 -4.000000 -0.331090 -1.419770 -5.663651
-0.783203 -0.914429 -4.000000 -0.331090 -1.415735 -5.651072
-0.781860 -0.912598 -4.000000 -0.341770 -1.400545 -5.634933
-0.786987 -0.918701 -4.000000 -0.360757 -1.390339 -5.631610
-0.787842 -0.915649 -4.000000 -0.384254 -1.417634 -5.631373
-0.786255 -0.924561 -4.000000 -0.425551 -1.469136 -5.620930
-0.792480 -0.916138 -4.000000 -0.468272 -1.524674 -5.605503
-0.788818 -0.921021 -4.000000 -0.502449 -1.526098 -5.578209
-0.786865 -0.912598 -4.000000 -0.539949 -1.490497 -5.552814
-0.790283 -0.916382 -4.000000 -0.583857 -1.447538 -5.521484
-0.784546 -0.916260 -4.000000 -0.637971 -1.420482 -5.493478
-0.784912 -0.915527 -4.000000 -0.700154 -1.426415 -5.484934
-0.788940 -0.914673 -4.000000 -0.788919 -1.479105 -5.472592
-0.786011 -0.915161 -4.000000 -0.877210 -1.544848 -5.452418
-0.784668 -0.916016 -4.000000 -0.912336 -1.592079 -5.394032
-0.787964 -0.915039 -4.000000 -0.888365 -1.603471 -5.326865
-0.778198 -0.915283 -4.000000 -0.798650 -1.632189 -5.233353
-0.786865 -0.909912 -4.000000 -0.680929 -1.675622 -5.145300
-0.790894 -0.920288 -4.000000 -0.552291 -1.699831 -5.048228
-0.786499 -0.920166 -4.000000 -0.462102 -1.615813 -4.973940
-0.787109 -0.911621 -4.000000 -0.476579 -1.443741 -4.944036
-0.783813 -0.918579 -4.000000 -0.585993 -1.233457 -4.949969
-0.785645 -0.906982 -4.000000 -0.802922 -1.071829 -5.009304
-0.781006 -0.917847 -4.000000 -1.072303 -1.039550 -5.102816
-0.784546 -0.912964 -4.000000 -1.324359 -1.146591 -5.227420
-0.786865 -0.919189 -4.000000 -1.444453 -1.320324 -5.291739
-0.787720 -0.921631 -4.000000 -1.442554 -1.393899 -5.339207
-0.779785 -0.915405 -4.000000 -1.385118 -1.364232 -5.342530
-0.783813 -0.917847 -4.000000 -1.285198 -1.265973 -5.333273
-0.790039 -0.923218 -4.000000 -1.194771 -1.186227 -5.338732
-0.787842 -0.918945 -4.000000 -1.146354 -1.155610 -5.341106
-0.782715 -0.915527 -4.000000 -1.133537 -1.111465 -5.337783
-0.792236 -0.915039 -4.000000 -1.121907 -1.094139 -5.339682
-0.779907 -0.914307 -4.000000 -1.095088 -1.131639 -5.359144
-0.783447 -0.922852 -4.000000 -1.061386 -1.178157 -5.378131
-0.784302 -0.919678 -4.000000 -1.047620 -1.201891 -5.386438
-0.792480 -0.916626 -4.000000 -1.010595 -1.206875 -5.400678
-0.786377 -0.918701 -4.000000 -0.945801 -1.202366 -5.421564
-0.792114 -0.918579 -4.000000 -0.874836 -1.229423 -5.439839
-0.789673 -0.914795 -4.000000 -0.817163 -1.256480 -5.434618
-0.781738 -0.914673 -4.000000 -0.786308 -1.275229 -5.438890
-0.787354 -0.914307 -4.000000 -0.771356 -1.285910 -5.442925
-0.789795 -0.922607 -4.000000 -0.732669 -1.316052 -5.460013
-0.784668 -0.914063 -4.000000 -0.710359 -1.335514 -5.478526
-0.786011 -0.915527 -4.000000 -0.684015 -1.352602 -5.482798
-0.781372 -0.916382 -4.000000 -0.625866 -1.373726 -5.486121
-0.787842 -0.914673 -4.000000 -0.573889 -1.381320 -5.493716
-0.784058 -0.915161 -4.000000 -0.521674 -1.365656 -5.488731
-0.788452 -0.915771 -4.000000 -0.499127 -1.362333 -5.504870
-0.786255 -0.925171 -4.000000 -0.485836 -1.377048 -5.536911
-0.786255 -0.910156 -4.000000 -0.491057 -1.390814 -5.547592
-0.785522 -0.922119 -4.000000 -0.481089 -1.405292 -5.564206
-0.784546 -0.925049 -4.000000 -0.452845 -1.410276 -5.595297
-0.792847 -0.919556 -4.000000 -0.421991 -1.418346 -5.608114
-0.786011 -0.919678 -4.000000 -0.413447 -1.423804 -5.614996
-0.781738 -0.918091 -4.000000 -0.419855 -1.430687 -5.634459
-0.781860 -0.922729 -4.000000 -0.421516 -1.475782 -5.668398
-0.781006 -0.914063 -4.000000 -0.403478 -1.493820 -5.678366
-0.784180 -0.917236 -4.000000 -0.359571 -1.473883 -5.688334
-0.786255 -0.916260 -4.000000 -0.288606 -1.451098 -5.697116
-0.790161 -0.917847 -4.000000 -0.198179 -1.436383 -5.699490
-0.791870 -0.919434 -4.000000 -0.093987 -1.420482 -5.705186
-0.790771 -0.920288 -4.000000 -0.011630 -1.419770 -5.726784
-0.785400 -0.924927 -4.000000 0.061946 -1.443978 -5.739125
-0.786865 -0.916626 -4.000000 0.118195 -1.457269 -5.744822
-0.786377 -0.916382 -4.000000 0.153084 -1.448962 -5.728445
-0.784790 -0.916504 -4.000000 0.182040 -1.420244 -5.711831
-0.782959 -0.914551 -4.000000 0.253479 -1.390102 -5.679553
-0.780029 -0.916382 -4.000000 0.376184 -1.402206 -5.677180
-0.788086 -0.915894 -4.000000 0.494142 -1.409327 -5.673145
-0.781860 -0.918213 -4.000000 0.595724 -1.389627 -5.674569
-0.785889 -0.918457 -4.000000 0.662417 -1.351416 -5.664126
-0.779419 -0.921509 -4.000000 0.688999 -1.294691 -5.644189
-0.784546 -0.918213 -4.000000 0.661705 -1.214945 -5.646563
-0.782837 -0.920044 -4.000000 0.614474 -1.161781 -5.651784
-0.782227 -0.911133 -4.000000 0.577686 -1.189787 -5.682401
-0.784424 -0.911865 -4.000000 0.581009 -1.284723 -5.727021
-0.783813 -0.916626 -4.000000 0.589553 -1.451098 -5.758350
-0.782593 -0.917114 -4.000000 0.607354 -1.621984 -5.745296
-0.787598 -0.918701 -4.000000 0.584332 -1.732109 -5.697116
-0.778564 -0.920898 -4.000000 0.568667 -1.742078 -5.646326
-0.785400 -0.922729 -4.000000 0.620645 -1.647854 -5.625202
-0.791138 -0.917480 -4.000000 0.668350 -1.590180 -5.626863
-0.785034 -0.919922 -4.000000 0.707986 -1.578550 -5.626626
-0.788330 -0.906250 -4.000000 0.723651 -1.630053 -5.638731
-0.781128 -0.920410 -4.000000 0.690186 -1.719293 -5.660328
-0.786377 -0.916138 -4.000000 0.616135 -1.793818 -5.678129
-0.778564 -0.915039 -4.000000 0.569854 -1.741603 -5.679553
-0.786011 -0.913330 -4.000000 0.518826 -1.609167 -5.677180
-0.784912 -0.913818 -4.000000 0.459965 -1.483614 -5.685486
-0.785400 -0.911011 -4.000000 0.363605 -1.462253 -5.718002
-0.781494 -0.920654 -4.000000 0.247309 -1.488598 -5.736515
-0.777832 -0.921021 -4.000000 0.173496 -1.552443 -5.762622
-0.779907 -0.924316 -4.000000 0.106091 -1.636461 -5.765945
-0.781982 -0.912598 -4.000000 0.050791 -1.661857 -5.732955
-0.781616 -0.913330 -4.000000 0.047468 -1.608455 -5.691183
-0.794800 -0.916504 -4.000000 0.084256 -1.528471 -5.644901
-0.783691 -0.914307 -4.000000 0.140268 -1.400308 -5.605028
-0.795532 -0.917236 -4.000000 0.154271 -1.364944 -5.592212
-0.782593 -0.923706 -4.000000 0.103955 -1.383931 -5.583430
-0.785767 -0.916382 -4.000000 0.039873 -1.441368 -5.582955
-0.787842 -0.919067 -4.000000 -0.032041 -1.509009 -5.581532
-0.784058 -0.925293 -4.000000 -0.091139 -1.528471 -5.581294
-0.783691 -0.916870 -4.000000 -0.118433 -1.527047 -5.571088
-0.785034 -0.919678 -4.000000 -0.120806 -1.482427 -5.558984
-0.783081 -0.919922 -4.000000 -0.103006 -1.427839 -5.535250
-0.789673 -0.920532 -4.000000 -0.085205 -1.404105 -5.525519
-0.783081 -0.916382 -4.000000 -0.090901 -1.392001 -5.514839
-0.787720 -0.910645 -4.000000 -0.116771 -1.424279 -5.523621
-0.784912 -0.913696 -4.000000 -0.180853 -1.519452 -5.549490
-0.786011 -0.919800 -4.000000 -0.264160 -1.606794 -5.572987
-0.785034 -0.916260 -4.000000 -0.335599 -1.639547 -5.560646
-0.788940 -0.919312 -4.000000 -0.351976 -1.588519 -5.542370
-0.783325 -0.915527 -4.000000 -0.352213 -1.480529 -5.553051
-0.784058 -0.917236 -4.000000 -0.405852 -1.376811 -5.605503
-0.793091 -0.918091 -4.000000 -0.484649 -1.306321 -5.697116
-0.787354 -0.917236 -4.000000 -0.599522 -1.289232 -5.805343
-0.785400 -0.917358 -4.000000 -0.747622 -1.340973 -5.907162
-0.789673 -0.914551 -4.000000 -0.899045 -1.375862 -5.999013
-0.790161 -0.911743 -4.000000 -0.993269 -1.362571 -6.084693
-0.778809 -0.918213 -4.000000 -1.094851 -1.375624 -6.168474
-0.778442 -0.920776 -4.000000 -1.156322 -1.354976 -6.229945
-0.789917 -0.919556 -4.000000 -1.209011 -1.341685 -6.280973
-0.778442 -0.918213 -4.000000 -1.247935 -1.305134 -6.290704
-0.785156 -0.913208 -4.000000 -1.240340 -1.226100 -6.275752
-0.784546 -0.916382 -4.000000 -1.174597 -1.170325 -6.259375
-0.790039 -0.924438 -4.000000 -1.107430 -1.134961 -6.232793
-0.791992 -0.918823 -4.000000 -1.110753 -1.188125 -6.245135
-0.786255 -0.921509 -4.000000 -1.155135 -1.354738 -6.280024
-0.785278 -0.917480 -4.000000 -1.236306 -1.561224 -6.297824
-0.783081 -0.920288 -4.000000 -1.315103 -1.636699 -6.223774
-0.780884 -0.917480 -4.000000 -1.354501 -1.479579 -6.101069
-0.789795 -0.917847 -4.000000 -1.308694 -1.264074 -5.969346
