-0.785278 -0.912231 -4.000000 -0.267957 -1.317239 -6.033190
-0.783569 -0.918945 -4.000000 -0.229983 -1.292793 -6.045294
-0.781860 -0.920166 -4.000000 -0.219777 -1.289470 -6.033665
-0.793091 -0.919312 -4.000000 -0.243274 -1.346194 -6.004234
-0.788452 -0.920410 -4.000000 -0.272229 -1.394849 -5.992368
-0.782227 -0.918823 -4.000000 -0.292641 -1.402918 -5.991181
-0.779053 -0.921021 -4.000000 -0.312340 -1.404342 -5.989994
-0.788696 -0.915161 -4.000000 -0.324207 -1.417159 -5.998775
-0.784424 -0.913574 -4.000000 -0.327530 -1.426178 -5.993792
-0.785522 -0.912720 -4.000000 -0.332276 -1.433298 -5.995453
-0.784790 -0.922607 -4.000000 -0.333463 -1.449912 -5.987858
-0.783691 -0.919189 -4.000000 -0.337735 -1.445640 -5.990943
-0.784302 -0.913330 -4.000000 -0.342957 -1.420007 -5.979314
-0.782593 -0.917847 -4.000000 -0.356722 -1.415735 -5.979314
-0.781250 -0.912964 -4.000000 -0.391849 -1.418108 -5.967447
-0.794067 -0.912964 -4.000000 -0.416058 -1.425703 -5.968634
-0.780640 -0.912476 -4.000000 -0.444776 -1.442080 -5.980263
-0.786255 -0.914795 -4.000000 -0.476817 -1.479817 -5.980026
-0.782104 -0.909668 -4.000000 -0.506959 -1.523013 -5.985247
-0.781372 -0.917480 -4.000000 -0.564870 -1.558139 -5.984061
-0.779907 -0.920532 -4.000000 -0.638920 -1.618186 -5.969820
-0.782104 -0.914307 -4.000000 -0.702765 -1.691999 -5.938016
-0.778198 -0.916016 -4.000000 -0.730771 -1.744688 -5.893871
-0.783325 -0.915894 -4.000000 -0.730771 -1.746825 -5.844504
-0.787109 -0.912964 -4.000000 -0.722701 -1.705765 -5.784695
-0.788208 -0.912231 -4.000000 -0.730296 -1.650464 -5.720850
-0.787476 -0.914307 -4.000000 -0.738840 -1.573566 -5.647512
-0.779541 -0.916138 -4.000000 -0.769932 -1.488361 -5.592449
-0.779297 -0.914307 -4.000000 -0.831166 -1.422855 -5.554237
-0.783325 -0.926147 -4.000000 -0.920880 -1.412412 -5.526231
-0.788208 -0.925659 -4.000000 -1.012019 -1.440181 -5.510329
-0.784912 -0.913696 -4.000000 -1.077288 -1.485988 -5.485646
-0.784668 -0.918335 -4.000000 -1.087018 -1.530370 -5.458115
-0.795044 -0.921387 -4.000000 -1.032193 -1.507348 -5.422513
-0.789917 -0.917358 -4.000000 -0.959804 -1.401969 -5.391659
-0.781860 -0.922119 -4.000000 -0.917083 -1.206638 -5.357482
-0.789795 -0.917725 -4.000000 -0.940342 -0.991608 -5.351311
-0.787598 -0.916504 -4.000000 -1.016054 -0.871039 -5.375520
-0.791992 -0.917847 -4.000000 -1.093427 -0.886229 -5.403526
-0.780640 -0.920166 -4.000000 -1.129265 -0.998491 -5.465472
-0.784912 -0.914429 -4.000000 -1.110041 -1.126417 -5.510567
-0.787476 -0.909912 -4.000000 -1.063285 -1.215894 -5.524807
-0.786987 -0.914795 -4.000000 -1.010595 -1.240815 -5.544269
-0.784912 -0.926147 -4.000000 -0.981639 -1.206875 -5.566342
-0.786621 -0.918945 -4.000000 -0.963839 -1.143505 -5.594110
-0.784546 -0.918701 -4.000000 -0.942953 -1.088205 -5.618082
-0.784668 -0.918945 -4.000000 -0.930611 -1.065895 -5.644901
-0.787109 -0.914063 -4.000000 -0.924440 -1.071117 -5.671958
-0.783081 -0.916504 -4.000000 -0.900232 -1.082509 -5.705898
-0.784790 -0.916138 -4.000000 -0.839710 -1.095325 -5.743398
-0.787109 -0.923584 -4.000000 -0.760438 -1.113601 -5.783745
-0.789063 -0.919067 -4.000000 -0.689711 -1.113601 -5.805106
-0.786255 -0.921875 -4.000000 -0.614474 -1.113363 -5.802732
-0.796021 -0.912476 -4.000000 -0.567006 -1.158221 -5.816736
-0.787598 -0.913086 -4.000000 -0.546595 -1.238916 -5.840944
-0.786133 -0.920532 -4.000000 -0.560123 -1.325783 -5.844504
-0.785645 -0.915405 -4.000000 -0.559411 -1.378710 -5.868476
-0.786011 -0.915649 -4.000000 -0.557512 -1.387729 -5.897669
-0.784546 -0.915894 -4.000000 -0.545171 -1.386542 -5.913808
-0.790283 -0.913940 -4.000000 -0.518114 -1.398409 -5.914995
-0.793335 -0.924072 -4.000000 -0.490820 -1.406716 -5.928286
-0.787964 -0.921753 -4.000000 -0.456880 -1.399833 -5.934931
-0.786011 -0.919678 -4.000000 -0.419143 -1.365419 -5.934219
-0.785400 -0.920532 -4.000000 -0.396358 -1.336463 -5.951545
-0.782471 -0.919312 -4.000000 -0.392798 -1.322697 -5.971482
-0.782837 -0.919189 -4.000000 -0.392086 -1.328156 -5.996640
-0.785156 -0.914063 -4.000000 -0.402766 -1.352602 -6.020848
-0.787598 -0.914673 -4.000000 -0.391137 -1.407428 -6.044820
-0.790527 -0.916504 -4.000000 -0.379744 -1.405529 -6.072826
-0.790161 -0.926270 -4.000000 -0.370488 -1.439706 -6.053127
-0.790161 -0.917847 -4.000000 -0.345567 -1.433061 -6.029867
-0.786987 -0.913818 -4.000000 -0.314476 -1.390339 -6.019187
-0.786987 -0.912476 -4.000000 -0.282435 -1.337887 -6.030817
-0.782959 -0.914551 -4.000000 -0.255141 -1.312017 -6.047193
-0.781494 -0.912231 -4.000000 -0.239239 -1.309881 -6.056687
-0.783203 -0.916260 -4.000000 -0.207673 -1.349517 -6.083981
-0.783569 -0.915161 -4.000000 -0.173258 -1.394611 -6.080184
-0.785645 -0.912476 -4.000000 -0.139556 -1.401732 -6.074962
-0.783691 -0.915161 -4.000000 -0.116297 -1.385118 -6.070215
-0.784912 -0.913940 -4.000000 -0.112025 -1.361384 -6.080895
-0.790527 -0.916260 -4.000000 -0.121044 -1.323172 -6.095373
-0.785645 -0.914795 -4.000000 -0.125553 -1.285672 -6.100358
-0.789429 -0.918213 -4.000000 -0.113923 -1.266922 -6.122193
-0.784424 -0.915771 -4.000000 -0.079272 -1.260752 -6.127414
-0.781738 -0.914795 -4.000000 -0.025158 -1.291368 -6.123854
-0.781738 -0.915649 -4.000000 0.051740 -1.337412 -6.120531
-0.786865 -0.917236 -4.000000 0.154509 -1.358773 -6.116259
-0.784912 -0.914551 -4.000000 0.291691 -1.363995 -6.108902
-0.783569 -0.912598 -4.000000 0.461864 -1.346906 -6.087304
-0.783325 -0.916382 -4.000000 0.641056 -1.310830 -6.058586
-0.781128 -0.916626 -4.000000 0.762337 -1.275229 -6.032478
-0.780151 -0.912109 -4.000000 0.828080 -1.218505 -6.008744
-0.786499 -0.916626 -4.000000 0.846830 -1.165815 -6.017288
-0.782837 -0.915039 -4.000000 0.826419 -1.154423 -6.045057
-0.781738 -0.916626 -4.000000 0.738840 -1.229185 -6.108190
-0.791870 -0.910034 -4.000000 0.576500 -1.394611 -6.197667
-0.782837 -0.913452 -4.000000 0.384966 -1.565497 -6.260799
-0.784912 -0.916382 -4.000000 0.213606 -1.646904 -6.298062
-0.787354 -0.922974 -4.000000 0.130062 -1.657585 -6.295214
-0.787231 -0.916382 -4.000000 0.145964 -1.643344 -6.266496
-0.788208 -0.911499 -4.000000 0.234255 -1.616287 -6.210483
-0.788696 -0.920044 -4.000000 0.351026 -1.569294 -6.158506
-0.784424 -0.914307 -4.000000 0.459253 -1.524911 -6.104867
-0.786499 -0.918091 -4.000000 0.515978 -1.507348 -6.067605
-0.786743 -0.915405 -4.000000 0.541136 -1.518741 -6.041972
-0.791382 -0.917603 -4.000000 0.517402 -1.548883 -6.020611
-0.788696 -0.914673 -4.000000 0.446674 -1.568345 -6.001861
-0.782471 -0.917236 -4.000000 0.345330 -1.547221 -5.987621
-0.778809 -0.912720 -4.000000 0.234255 -1.504263 -5.997114
-0.786255 -0.917480 -4.000000 0.110838 -1.480291 -6.007557
-0.785156 -0.922852 -4.000000 0.010443 -1.473408 -6.031766
-0.783081 -0.916504 -4.000000 -0.071439 -1.460117 -6.037937
-0.785278 -0.916870 -4.000000 -0.105142 -1.477443 -6.043870
-0.792603 -0.909546 -4.000000 -0.154034 -1.496668 -6.008981
-0.785889 -0.918091 -4.000000 -0.104430 -1.458456 -6.038412
-0.783081 -0.918701 -4.000000 -0.081170 -1.397697 -6.013728
-0.785645 -0.921997 -4.000000 -0.081645 -1.448013 -5.977890
-0.780273 -0.921265 -4.000000 -0.090901 -1.484089 -5.952732
-0.792114 -0.915649 -4.000000 -0.103480 -1.493582 -5.937067
-0.784058 -0.915527 -4.000000 -0.121756 -1.483377 -5.960801
-0.788208 -0.916138 -4.000000 -0.159730 -1.455133 -5.975279
-0.788452 -0.918091 -4.000000 -0.201977 -1.457507 -5.970769
-0.788940 -0.918579 -4.000000 -0.240900 -1.465814 -5.982399
-0.783691 -0.917358 -4.000000 -0.283622 -1.460829 -5.991181
-0.777588 -0.916626 -4.000000 -0.311628 -1.431637 -5.987146
-0.781128 -0.918945 -4.000000 -0.336549 -1.400782 -5.994741
-0.779663 -0.916504 -4.000000 -0.338922 -1.382982 -6.003522
-0.786499 -0.915894 -4.000000 -0.337261 -1.387017 -5.995215
-0.785400 -0.920288 -4.000000 -0.322783 -1.407191 -5.994029
-0.782104 -0.917358 -4.000000 -0.302609 -1.448962 -5.971719
-0.786499 -0.912231 -4.000000 -0.277451 -1.474358 -5.944900
-0.786377 -0.918335 -4.000000 -0.254429 -1.464152 -5.923539
-0.781616 -0.913208 -4.000000 -0.218353 -1.438045 -5.906213
-0.795898 -0.921387 -4.000000 -0.201502 -1.425466 -5.907875
-0.784058 -0.920532 -4.000000 -0.195806 -1.405529 -5.890786
-0.783813 -0.918701 -4.000000 -0.198416 -1.388915 -5.900280
-0.785522 -0.915527 -4.000000 -0.184176 -1.402206 -5.900754
-0.786865 -0.925171 -4.000000 -0.156645 -1.442554 -5.896245
-0.779053 -0.916626 -4.000000 -0.128164 -1.507111 -5.893159
-0.784668 -0.918701 -4.000000 -0.138844 -1.559326 -5.898855
-0.780396 -0.920166 -4.000000 -0.190822 -1.582585 -5.934219
-0.791260 -0.917358 -4.000000 -0.268907 -1.524674 -5.968871
-0.783569 -0.913818 -4.000000 -0.328242 -1.392475 -6.000674
-0.788940 -0.914185 -4.000000 -0.391849 -1.288283 -6.035326
-0.781860 -0.916870 -4.000000 -0.452133 -1.209723 -6.073775
-0.790161 -0.924927 -4.000000 -0.501500 -1.139233 -6.104630
-0.783691 -0.916626 -4.000000 -0.567481 -1.098886 -6.139756
-0.791016 -0.916382 -4.000000 -0.657907 -1.108854 -6.197430
-0.789917 -0.925171 -4.000000 -0.779900 -1.153948 -6.243474
-0.786499 -0.926270 -4.000000 -0.913997 -1.215182 -6.290942
