-0.789551 -0.914917 -4.000000 -0.176344 -1.030769 -5.866815
-0.777710 -0.914917 -4.000000 -0.179904 -1.035990 -5.858033
-0.784546 -0.923340 -4.000000 -0.227609 -0.987336 -5.839046
-0.784058 -0.921265 -4.000000 -0.217878 -1.044297 -5.864916
-0.780518 -0.910522 -4.000000 -0.216217 -1.095563 -5.863492
-0.775513 -0.914795 -4.000000 -0.209334 -1.127129 -5.844504
-0.783203 -0.915405 -4.000000 -0.205774 -1.180056 -5.834299
-0.790405 -0.914429 -4.000000 -0.224287 -1.222065 -5.835011
-0.782471 -0.920532 -4.000000 -0.267720 -1.249834 -5.805106
-0.785889 -0.922119 -4.000000 -0.324207 -1.232508 -5.763097
-0.787109 -0.920166 -4.000000 -0.364555 -1.204739 -5.729632
-0.790405 -0.924072 -4.000000 -0.400630 -1.208062 -5.674332
-0.786621 -0.916260 -4.000000 -0.436943 -1.262176 -5.630186
-0.785034 -0.915405 -4.000000 -0.460678 -1.341685 -5.594585
-0.779053 -0.917114 -4.000000 -0.478241 -1.399596 -5.563731
-0.780640 -0.915283 -4.000000 -0.483937 -1.468662 -5.527655
-0.785645 -0.921265 -4.000000 -0.472782 -1.532506 -5.488731
-0.786743 -0.915894 -4.000000 -0.482750 -1.581636 -5.464285
-0.780396 -0.919189 -4.000000 -0.486310 -1.612727 -5.435567
-0.782715 -0.926880 -4.000000 -0.512180 -1.577838 -5.417055
-0.787109 -0.915649 -4.000000 -0.555851 -1.553392 -5.395457
-0.784302 -0.921265 -4.000000 -0.609490 -1.534880 -5.349887
-0.782715 -0.914307 -4.000000 -0.659331 -1.560512 -5.302657
-0.786255 -0.916382 -4.000000 -0.744774 -1.549832 -5.292451
-0.793091 -0.926758 -4.000000 -0.786308 -1.620797 -5.184699
-0.782349 -0.914917 -4.000000 -0.871276 -1.660670 -5.117056
-0.785278 -0.918823 -4.000000 -0.904029 -1.676334 -5.074573
-0.783813 -0.918579 -4.000000 -0.904979 -1.621034 -5.000523
-0.786011 -0.919312 -4.000000 -0.886703 -1.526573 -4.925286
-0.784912 -0.916992 -4.000000 -0.886703 -1.403393 -4.872359
-0.790283 -0.913208 -4.000000 -0.911861 -1.185515 -4.841505
-0.785645 -0.916870 -4.000000 -1.019377 -0.939630 -4.892295
-0.786621 -0.928711 -4.000000 -1.179344 -0.784647 -4.989367
-0.787720 -0.923340 -4.000000 -1.352602 -0.739790 -5.070301
-0.785156 -0.915161 -4.000000 -1.491921 -0.803397 -5.128923
-0.779419 -0.916748 -4.000000 -1.527759 -0.943190 -5.196091
-0.778809 -0.920898 -4.000000 -1.473883 -1.060199 -5.213892
-0.784790 -0.922607 -4.000000 -1.355213 -1.111939 -5.252340
-0.791260 -0.926147 -4.000000 -1.234169 -1.087968 -5.299571
-0.782471 -0.919678 -4.000000 -1.162493 -1.043111 -5.349175
-0.787964 -0.916748 -4.000000 -1.103870 -1.037414 -5.414681
-0.788574 -0.916138 -4.000000 -1.052842 -1.100072 -5.466422
-0.785034 -0.921021 -4.000000 -0.976181 -1.193110 -5.498937
-0.792969 -0.917114 -4.000000 -0.866055 -1.259328 -5.520298
-0.789185 -0.918457 -4.000000 -0.751419 -1.273331 -5.533114
-0.789063 -0.915527 -4.000000 -0.639632 -1.247223 -5.532402
-0.793579 -0.917969 -4.000000 -0.531405 -1.225625 -5.547829
-0.789063 -0.922363 -4.000000 -0.479665 -1.208774 -5.566579
-0.785522 -0.919800 -4.000000 -0.451421 -1.217556 -5.548304
-0.789429 -0.916260 -4.000000 -0.470646 -1.246749 -5.563494
-0.787231 -0.914673 -4.000000 -0.517877 -1.244375 -5.555899
-0.781860 -0.915527 -4.000000 -0.577686 -1.222302 -5.532165
-0.782715 -0.919189 -4.000000 -0.597386 -1.233457 -5.547355
-0.782715 -0.918701 -4.000000 -0.574838 -1.263125 -5.563256
-0.792603 -0.924438 -4.000000 -0.539712 -1.293742 -5.569664
-0.782837 -0.918701 -4.000000 -0.504585 -1.300387 -5.594348
-0.780396 -0.923096 -4.000000 -0.451659 -1.307508 -5.615708
-0.780640 -0.920410 -4.000000 -0.379507 -1.322935 -5.636832
-0.781982 -0.918701 -4.000000 -0.323495 -1.323884 -5.654158
-0.785156 -0.926758 -4.000000 -0.285520 -1.307508 -5.677892
-0.779785 -0.927002 -4.000000 -0.252293 -1.284486 -5.704948
-0.780884 -0.920410 -4.000000 -0.213132 -1.252682 -5.718002
-0.780029 -0.921265 -4.000000 -0.172546 -1.232983 -5.750992
-0.784546 -0.912842 -4.000000 -0.099683 -1.323647 -5.796087
-0.786987 -0.915894 -4.000000 -0.010680 -1.353314 -5.787780
-0.780273 -0.919556 -4.000000 0.116771 -1.399121 -5.795375
-0.787231 -0.920532 -4.000000 0.213606 -1.496193 -5.821720
-0.786621 -0.917603 -4.000000 0.264397 -1.528946 -5.817448
-0.788574 -0.916016 -4.000000 0.260600 -1.460592 -5.806293
-0.787598 -0.917725 -4.000000 0.238527 -1.315577 -5.778998
-0.786377 -0.916992 -4.000000 0.260362 -1.168426 -5.720613
-0.788940 -0.917603 -4.000000 0.333463 -1.076813 -5.677180
-0.784790 -0.916138 -4.000000 0.440029 -1.012494 -5.686436
-0.788086 -0.915405 -4.000000 0.565345 -1.014630 -5.758825
-0.791992 -0.924805 -4.000000 0.675708 -1.166290 -5.839758
-0.783813 -0.919312 -4.000000 0.747859 -1.400308 -5.888412
-0.793213 -0.916992 -4.000000 0.763998 -1.555291 -5.893396
-0.777832 -0.915405 -4.000000 0.731720 -1.604895 -5.869663
-0.778198 -0.914429 -4.000000 0.680217 -1.633139 -5.841656
-0.784790 -0.917358 -4.000000 0.577686 -1.629104 -5.788730
-0.783569 -0.919189 -4.000000 0.453795 -1.623408 -5.722274
-0.790649 -0.916748 -4.000000 0.349602 -1.626968 -5.715391
-0.790283 -0.917358 -4.000000 0.377371 -1.628392 -5.717290
-0.779297 -0.921875 -4.000000 0.468747 -1.620559 -5.727496
-0.789673 -0.917236 -4.000000 0.566769 -1.569531 -5.732243
-0.786499 -0.918335 -4.000000 0.633461 -1.533930 -5.748382
-0.781494 -0.915039 -4.000000 0.629664 -1.491684 -5.739600
-0.778931 -0.915527 -4.000000 0.549205 -1.456557 -5.732005
-0.785278 -0.920166 -4.000000 0.458304 -1.431874 -5.728208
-0.779907 -0.913452 -4.000000 0.394697 -1.425228 -5.727021
-0.782104 -0.915649 -4.000000 0.321596 -1.481241 -5.731293
-0.781616 -0.917236 -4.000000 0.226897 -1.531319 -5.718002
-0.782104 -0.920288 -4.000000 0.171834 -1.534405 -5.734379
-0.782349 -0.918335 -4.000000 0.148100 -1.530370 -5.732005
-0.781006 -0.916260 -4.000000 0.097072 -1.519215 -5.707322
-0.786011 -0.911743 -4.000000 0.007358 -1.512570 -5.661040
-0.792725 -0.915771 -4.000000 -0.069303 -1.477918 -5.629237
-0.781860 -0.917603 -4.000000 -0.109889 -1.431162 -5.617845
-0.782227 -0.916748 -4.000000 -0.142879 -1.426890 -5.614996
-0.785645 -0.914917 -4.000000 -0.189872 -1.470560 -5.616658
-0.792358 -0.920044 -4.000000 -0.216454 -1.489310 -5.617370
-0.784058 -0.918213 -4.000000 -0.198891 -1.525623 -5.604791
-0.787231 -0.922974 -4.000000 -0.160205 -1.546272 -5.586278
-0.783325 -0.916504 -4.000000 -0.141217 -1.538202 -5.595534
-0.788818 -0.916992 -4.000000 -0.147863 -1.543899 -5.608114
-0.785400 -0.921631 -4.000000 -0.175632 -1.560750 -5.620218
-0.789795 -0.920166 -4.000000 -0.221438 -1.548645 -5.659379
-0.787476 -0.919800 -4.000000 -0.297150 -1.532744 -5.724648
-0.782959 -0.922241 -4.000000 -0.365979 -1.498092 -5.880105
-0.787598 -0.921143 -4.000000 -0.441928 -1.410513 -6.069978
-0.785645 -0.912109 -4.000000 -0.558462 -1.322935 -6.268869
-0.779297 -0.909912 -4.000000 -0.741688 -1.288283 -6.408900
-0.781372 -0.920898 -4.000000 -0.971196 -1.313916 -6.514279
-0.782959 -0.920898 -4.000000 -1.144692 -1.335514 -6.566968
-0.789795 -0.919067 -4.000000 -1.238916 -1.328394 -6.630338
-0.784912 -0.922729 -4.000000 -1.315814 -1.343821 -6.655734
-0.781006 -0.919678 -4.000000 -1.467712 -1.417871 -6.621557
-0.782349 -0.916382 -4.000000 -1.571905 -1.495244 -6.552965
-0.785889 -0.917725 -4.000000 -1.522538 -1.530133 -6.465387
-0.780884 -0.923950 -4.000000 -1.350704 -1.518741 -6.357634
-0.780029 -0.912964 -4.000000 -1.110515 -1.467238 -6.237065
-0.786743 -0.914917 -4.000000 -0.873175 -1.401494 -6.130737
-0.786499 -0.915649 -4.000000 -0.687812 -1.382270 -6.031766
-0.776123 -0.921143 -4.000000 -0.557038 -1.424991 -5.961988
-0.783081 -0.910156 -4.000000 -0.505535 -1.499753 -5.915707
-0.782715 -0.918701 -4.000000 -0.525946 -1.527759 -5.890786
-0.783081 -0.919189 -4.000000 -0.583382 -1.530370 -5.883666
-0.786621 -0.916382 -4.000000 -0.632275 -1.495006 -5.843081
-0.785645 -0.912598 -4.000000 -0.652686 -1.420007 -5.795375
-0.787354 -0.921875 -4.000000 -0.655059 -1.391763 -5.775676
-0.782104 -0.923218 -4.000000 -0.632275 -1.419295 -5.784457
-0.782593 -0.923340 -4.000000 -0.590740 -1.423567 -5.789679
-0.785767 -0.908203 -4.000000 -0.533541 -1.462728 -5.771166
-0.788940 -0.919922 -4.000000 -0.480851 -1.506873 -5.749094
-0.777832 -0.920654 -4.000000 -0.458779 -1.512095 -5.744110
-0.784424 -0.930542 -4.000000 -0.450472 -1.480054 -5.746483
-0.783936 -0.926880 -4.000000 -0.450472 -1.475782 -5.731056
-0.790527 -0.916504 -4.000000 -0.449760 -1.479817 -5.708983
-0.780029 -0.918579 -4.000000 -0.456880 -1.495718 -5.698778
-0.779541 -0.920410 -4.000000 -0.440029 -1.499041 -5.689047
-0.781616 -0.920532 -4.000000 -0.404665 -1.478867 -5.680502
-0.787842 -0.918945 -4.000000 -0.368115 -1.443741 -5.676942
-0.785156 -0.918579 -4.000000 -0.338685 -1.416209 -5.684300
-0.777344 -0.920776 -4.000000 -0.312102 -1.389390 -5.687385
-0.783447 -0.921875 -4.000000 -0.276501 -1.352602 -5.701626
-0.780762 -0.924927 -4.000000 -0.271280 -1.336700 -5.714917
-0.783325 -0.917603 -4.000000 -0.293353 -1.346431 -5.726546
-0.785034 -0.919067 -4.000000 -0.340583 -1.374200 -5.736278
-0.787476 -0.921997 -4.000000 -0.395884 -1.417634 -5.756689
-0.784058 -0.921753 -4.000000 -0.430773 -1.436146 -5.761198
