-0.787354 -0.921143 -4.000000 -0.190110 -1.376099 -5.735328
-0.786011 -0.914307 -4.000000 -0.205537 -1.372302 -5.751467
-0.781006 -0.918945 -4.000000 -0.212420 -1.393662 -5.748144
-0.791870 -0.918823 -4.000000 -0.229271 -1.371352 -5.742448
-0.781738 -0.919067 -4.000000 -0.246359 -1.358061 -5.743635
-0.782959 -0.915894 -4.000000 -0.261312 -1.362096 -5.755739
-0.784180 -0.920044 -4.000000 -0.266770 -1.377998 -5.753129
-0.788208 -0.921387 -4.000000 -0.272229 -1.404342 -5.745296
-0.781006 -0.916992 -4.000000 -0.276739 -1.424516 -5.744347
-0.782227 -0.915283 -4.000000 -0.280536 -1.443029 -5.736278
-0.785156 -0.919800 -4.000000 -0.278400 -1.466288 -5.723461
-0.787231 -0.920776 -4.000000 -0.273653 -1.479342 -5.702338
-0.784912 -0.912842 -4.000000 -0.290505 -1.480766 -5.675518
-0.785767 -0.916748 -4.000000 -0.316612 -1.493582 -5.660328
-0.782471 -0.913940 -4.000000 -0.349602 -1.511858 -5.642053
-0.782349 -0.918457 -4.000000 -0.377608 -1.533218 -5.605028
-0.784424 -0.919922 -4.000000 -0.426263 -1.534642 -5.576310
-0.784668 -0.925537 -4.000000 -0.482513 -1.524674 -5.545218
-0.783325 -0.917236 -4.000000 -0.540424 -1.483614 -5.512703
-0.784302 -0.918091 -4.000000 -0.616610 -1.457981 -5.500361
-0.782715 -0.918945 -4.000000 -0.687337 -1.466526 -5.497988
-0.789551 -0.919678 -4.000000 -0.770881 -1.483377 -5.475915
-0.790161 -0.921265 -4.000000 -0.809093 -1.495956 -5.456690
-0.784424 -0.916748 -4.000000 -0.805770 -1.503313 -5.393321
-0.780396 -0.915039 -4.000000 -0.801261 -1.501889 -5.329001
-0.787842 -0.920044 -4.000000 -0.793903 -1.512095 -5.273226
-0.783569 -0.918701 -4.000000 -0.803872 -1.539864 -5.233828
-0.788696 -0.924561 -4.000000 -0.780138 -1.617949 -5.201787
-0.786865 -0.919678 -4.000000 -0.802447 -1.677521 -5.164762
-0.783813 -0.924927 -4.000000 -0.784172 -1.732109 -5.086677
-0.794800 -0.914185 -4.000000 -0.763524 -1.696746 -5.038971
-0.785522 -0.918213 -4.000000 -0.755217 -1.610354 -5.009067
-0.786499 -0.920654 -4.000000 -0.874124 -1.400070 -4.971330
-0.792603 -0.923828 -4.000000 -1.042399 -1.085357 -5.004083
-0.789551 -0.917847 -4.000000 -1.242002 -0.813128 -5.089288
-0.782959 -0.922241 -4.000000 -1.416684 -0.731720 -5.221249
-0.790894 -0.921509 -4.000000 -1.498092 -0.860596 -5.312862
-0.786011 -0.914307 -4.000000 -1.468899 -1.034092 -5.291027
-0.785156 -0.919189 -4.000000 -1.397460 -1.185989 -5.223860
-0.779785 -0.916138 -4.000000 -1.319137 -1.278315 -5.165474
-0.789063 -0.915771 -4.000000 -1.266210 -1.307508 -5.164287
-0.783936 -0.923340 -4.000000 -1.224913 -1.261226 -5.216027
-0.788452 -0.912231 -4.000000 -1.160357 -1.163917 -5.256138
-0.783936 -0.919312 -4.000000 -1.058538 -1.061623 -5.270141
-0.793701 -0.918579 -4.000000 -0.940580 -0.976893 -5.334460
-0.786621 -0.922607 -4.000000 -0.773967 -1.113838 -5.395219
-0.778687 -0.913574 -4.000000 -0.663129 -1.227999 -5.438890
-0.788574 -0.916138 -4.000000 -0.578873 -1.301811 -5.468083
-0.787231 -0.918823 -4.000000 -0.528794 -1.282112 -5.478051
-0.785156 -0.918579 -4.000000 -0.459253 -1.280451 -5.478051
-0.786865 -0.925049 -4.000000 -0.407276 -1.275467 -5.508430
-0.789307 -0.919922 -4.000000 -0.387814 -1.243188 -5.522196
-0.783325 -0.918579 -4.000000 -0.392086 -1.218980 -5.547355
-0.786499 -0.919922 -4.000000 -0.402054 -1.191211 -5.575835
-0.784424 -0.921265 -4.000000 -0.399206 -1.197856 -5.625440
-0.781616 -0.922729 -4.000000 -0.365741 -1.302049 -5.681689
-0.779663 -0.917603 -4.000000 -0.338210 -1.392001 -5.712069
-0.784424 -0.918091 -4.000000 -0.304033 -1.419058 -5.721325
-0.784302 -0.918335 -4.000000 -0.288368 -1.423330 -5.721087
-0.781372 -0.918579 -4.000000 -0.288843 -1.406953 -5.694505
-0.780518 -0.922485 -4.000000 -0.287894 -1.377048 -5.681689
-0.780762 -0.914551 -4.000000 -0.294777 -1.353314 -5.669347
-0.787109 -0.921265 -4.000000 -0.310441 -1.355450 -5.699015
-0.787109 -0.915649 -4.000000 -0.335836 -1.370403 -5.732243
-0.778442 -0.921143 -4.000000 -0.335599 -1.401732 -5.763097
-0.784668 -0.920288 -4.000000 -0.309492 -1.435909 -5.803445
-0.779541 -0.914795 -4.000000 -0.241850 -1.468899 -5.839046
-0.784668 -0.913452 -4.000000 -0.149999 -1.453709 -5.873935
-0.788330 -0.918213 -4.000000 -0.044857 -1.414073 -5.901941
-0.790405 -0.911865 -4.000000 0.048417 -1.352128 -5.931371
-0.791626 -0.919312 -4.000000 0.084968 -1.274992 -5.951308
-0.784912 -0.919800 -4.000000 0.107040 -1.209486 -5.957241
-0.784302 -0.922852 -4.000000 0.133385 -1.211385 -5.954156
-0.783569 -0.918213 -4.000000 0.205774 -1.292318 -5.965786
-0.790649 -0.927856 -4.000000 0.314476 -1.410988 -5.951308
-0.790527 -0.917236 -4.000000 0.453557 -1.508298 -5.910485
-0.787476 -0.919556 -4.000000 0.582670 -1.534168 -5.849489
-0.783936 -0.918457 -4.000000 0.665977 -1.454421 -5.771404
-0.782349 -0.915771 -4.000000 0.690660 -1.272381 -5.704711
-0.784180 -0.913452 -4.000000 0.699442 -1.062572 -5.636594
-0.780640 -0.919678 -4.000000 0.711546 -0.924915 -5.580582
-0.786133 -0.924805 -4.000000 0.676420 -0.841846 -5.583430
-0.789429 -0.912109 -4.000000 0.583857 -0.816688 -5.571801
-0.790161 -0.922852 -4.000000 0.464238 -0.875786 -5.511279
-0.786499 -0.917236 -4.000000 0.380219 -1.013680 -5.472117
-0.781372 -0.921509 -4.000000 0.426975 -1.192160 -5.480424
-0.783447 -0.922119 -4.000000 0.500551 -1.349280 -5.507719
-0.787964 -0.917236 -4.000000 0.496753 -1.532032 -5.552101
-0.776855 -0.924683 -4.000000 0.447861 -1.705527 -5.615234
-0.782471 -0.921021 -4.000000 0.371675 -1.740891 -5.651072
-0.788208 -0.923584 -4.000000 0.385441 -1.623645 -5.654870
-0.786377 -0.920166 -4.000000 0.452371 -1.463203 -5.657480
-0.788208 -0.919434 -4.000000 0.491532 -1.342397 -5.640392
-0.785889 -0.919067 -4.000000 0.471358 -1.309644 -5.658667
-0.790527 -0.927490 -4.000000 0.370014 -1.385118 -5.716578
-0.781738 -0.919067 -4.000000 0.222388 -1.524437 -5.762385
-0.788696 -0.915527 -4.000000 0.097547 -1.589468 -5.765945
-0.791016 -0.919800 -4.000000 0.027531 -1.622696 -5.787305
-0.783691 -0.919922 -4.000000 0.022310 -1.614863 -5.782084
-0.789673 -0.924438 -4.000000 0.015902 -1.581636 -5.769030
-0.785156 -0.919922 -4.000000 -0.010918 -1.558376 -5.748619
-0.776978 -0.925537 -4.000000 -0.026107 -1.531082 -5.704237
-0.777832 -0.919678 -4.000000 -0.007595 -1.493820 -5.669822
-0.783203 -0.909912 -4.000000 0.043908 -1.455133 -5.652971
-0.775757 -0.920166 -4.000000 0.096360 -1.436858 -5.660566
-0.778320 -0.921265 -4.000000 0.106566 -1.472934 -5.668635
-0.780151 -0.926392 -4.000000 0.093512 -1.501177 -5.665075
-0.780273 -0.916260 -4.000000 0.047231 -1.527759 -5.647987
-0.778198 -0.919800 -4.000000 0.004272 -1.540101 -5.638493
-0.782349 -0.911377 -4.000000 -0.057436 -1.582822 -5.633034
-0.789673 -0.912476 -4.000000 -0.142879 -1.623170 -5.633272
-0.780884 -0.928101 -4.000000 -0.214793 -1.627442 -5.624253
-0.780396 -0.920044 -4.000000 -0.234018 -1.603234 -5.613810
-0.789917 -0.917603 -4.000000 -0.229033 -1.578788 -5.606452
-0.790771 -0.922485 -4.000000 -0.231881 -1.563835 -5.601706
-0.778076 -0.920898 -4.000000 -0.299761 -1.536304 -5.616183
-0.784912 -0.918213 -4.000000 -0.389713 -1.466763 -5.641579
-0.784058 -0.923828 -4.000000 -0.436706 -1.353314 -5.704474
-0.785645 -0.912720 -4.000000 -0.464000 -1.253631 -5.782321
-0.789551 -0.917114 -4.000000 -0.612575 -1.347855 -5.896482
-0.787354 -0.915894 -4.000000 -0.795090 -1.554579 -5.989520
-0.782959 -0.918701 -4.000000 -0.963127 -1.741603 -6.114835
-0.781128 -0.916748 -4.000000 -1.191923 -1.908691 -6.241337
-0.786011 -0.919067 -4.000000 -1.372776 -2.011696 -6.298774
-0.789063 -0.920044 -4.000000 -1.432111 -1.980605 -6.321558
-0.786621 -0.919189 -4.000000 -1.379896 -1.940257 -6.349565
-0.787109 -0.926025 -4.000000 -1.325783 -1.844846 -6.305419
-0.785400 -0.919434 -4.000000 -1.230847 -1.720717 -6.233505
-0.790283 -0.910034 -4.000000 -1.067319 -1.569057 -6.174170
-0.787720 -0.916382 -4.000000 -0.899994 -1.442080 -6.139993
-0.784180 -0.918701 -4.000000 -0.782986 -1.338125 -6.145689
-0.795166 -0.916382 -4.000000 -0.731720 -1.250783 -6.150436
-0.785889 -0.913696 -4.000000 -0.783698 -1.211385 -6.171797
-0.786011 -0.919434 -4.000000 -0.934646 -1.258853 -6.189597
-0.784790 -0.917847 -4.000000 -1.110990 -1.357586 -6.212382
-0.790405 -0.919922 -4.000000 -1.286147 -1.480054 -6.247746
-0.779541 -0.916138 -4.000000 -1.378947 -1.643107 -6.249882
-0.781250 -0.916138 -4.000000 -1.366843 -1.762726 -6.201227
-0.786865 -0.918335 -4.000000 -1.245087 -1.739704 -6.111750
-0.788452 -0.916748 -4.000000 -1.046196 -1.605132 -6.001861
-0.788452 -0.923340 -4.000000 -0.853001 -1.475070 -5.916656
-0.788208 -0.923096 -4.000000 -0.698492 -1.404580 -5.844030
-0.786133 -0.917114 -4.000000 -0.615186 -1.353077 -5.784932
-0.786865 -0.914185 -4.000000 -0.564395 -1.307270 -5.743160
-0.789185 -0.919556 -4.000000 -0.522861 -1.363283 -5.735091
-0.786011 -0.915039 -4.000000 -0.497940 -1.363283 -5.716815
-0.780518 -0.917603 -4.000000 -0.517402 -1.383931 -5.718002
-0.781494 -0.918213 -4.000000 -0.522149 -1.404342 -5.724411
-0.789551 -0.917236 -4.000000 -0.510282 -1.402444 -5.734141
-0.791626 -0.920654 -4.000000 -0.509332 -1.424279 -5.745296
