-0.782715 -0.915405 -4.000000 -0.243748 -1.296827 -5.988570
-0.787598 -0.914673 -4.000000 -0.224287 -1.288046 -6.013254
-0.786133 -0.921997 -4.000000 -0.225711 -1.327444 -6.001624
-0.783203 -0.911133 -4.000000 -0.271992 -1.401020 -5.973855
-0.788086 -0.921021 -4.000000 -0.315900 -1.418583 -5.983586
-0.789429 -0.918701 -4.000000 -0.368589 -1.413124 -5.994266
-0.790527 -0.922485 -4.000000 -0.416295 -1.400308 -5.988095
-0.783081 -0.919067 -4.000000 -0.447861 -1.389865 -5.978602
-0.790161 -0.919312 -4.000000 -0.468510 -1.382745 -5.971007
-0.788208 -0.915039 -4.000000 -0.489396 -1.386779 -5.959615
-0.787598 -0.918823 -4.000000 -0.501737 -1.409089 -5.947985
-0.791870 -0.917480 -4.000000 -0.504348 -1.452523 -5.944425
-0.785645 -0.917725 -4.000000 -0.506484 -1.493108 -5.926624
-0.781982 -0.918091 -4.000000 -0.502687 -1.509009 -5.917605
-0.787842 -0.915283 -4.000000 -0.519301 -1.504500 -5.900517
-0.781982 -0.919678 -4.000000 -0.542085 -1.485988 -5.885564
-0.783325 -0.918091 -4.000000 -0.588367 -1.473646 -5.870849
-0.781372 -0.917847 -4.000000 -0.685439 -1.482427 -5.867289
-0.786255 -0.922241 -4.000000 -0.814789 -1.536304 -5.837622
-0.784668 -0.916992 -4.000000 -0.964788 -1.630053 -5.815311
-0.788818 -0.913452 -4.000000 -1.104582 -1.746112 -5.784932
-0.786499 -0.914063 -4.000000 -1.217793 -1.840099 -5.737701
-0.786011 -0.919800 -4.000000 -1.302761 -1.862884 -5.696167
-0.791138 -0.918335 -4.000000 -1.346194 -1.809957 -5.660091
-0.791748 -0.921631 -4.000000 -1.356162 -1.766049 -5.620455
-0.787109 -0.916748 -4.000000 -1.314628 -1.755606 -5.560171
-0.786987 -0.917236 -4.000000 -1.220878 -1.750147 -5.474254
-0.782959 -0.921021 -4.000000 -1.057351 -1.728075 -5.387624
-0.781860 -0.912842 -4.000000 -0.850628 -1.656873 -5.291739
-0.789551 -0.927490 -4.000000 -0.659094 -1.536304 -5.202262
-0.787842 -0.926025 -4.000000 -0.559886 -1.341447 -5.158116
-0.785645 -0.911133 -4.000000 -0.557512 -1.096512 -5.167135
-0.784180 -0.920654 -4.000000 -0.638683 -0.898096 -5.208433
-0.787231 -0.919189 -4.000000 -0.773255 -0.858222 -5.255900
-0.781860 -0.924194 -4.000000 -0.905928 -0.988285 -5.292688
-0.785889 -0.917358 -4.000000 -1.038126 -1.189075 -5.341818
-0.781982 -0.922607 -4.000000 -1.163679 -1.346669 -5.405188
-0.780396 -0.916016 -4.000000 -1.235594 -1.419058 -5.455504
-0.784424 -0.915771 -4.000000 -1.266448 -1.388915 -5.498462
-0.786621 -0.915771 -4.000000 -1.277365 -1.283774 -5.539997
-0.788696 -0.911621 -4.000000 -1.289232 -1.193822 -5.592449
-0.792969 -0.919678 -4.000000 -1.270720 -1.173410 -5.647275
-0.793091 -0.921387 -4.000000 -1.205214 -1.185989 -5.675993
-0.786621 -0.914551 -4.000000 -1.067794 -1.238442 -5.692132
-0.785889 -0.915039 -4.000000 -0.922304 -1.248885 -5.700202
-0.788696 -0.915894 -4.000000 -0.807194 -1.198094 -5.703050
-0.785400 -0.910645 -4.000000 -0.747622 -1.150388 -5.729394
-0.783447 -0.915771 -4.000000 -0.736704 -1.138047 -5.754078
-0.791870 -0.919434 -4.000000 -0.741451 -1.149676 -5.802021
-0.787842 -0.922607 -4.000000 -0.738603 -1.193584 -5.838571
-0.785767 -0.916260 -4.000000 -0.702290 -1.265024 -5.854948
-0.784180 -0.915405 -4.000000 -0.624442 -1.311542 -5.876545
-0.793091 -0.915161 -4.000000 -0.530218 -1.296590 -5.882479
-0.786255 -0.919067 -4.000000 -0.457355 -1.238679 -5.901229
-0.789673 -0.918335 -4.000000 -0.404903 -1.195246 -5.918317
-0.778076 -0.915527 -4.000000 -0.406564 -1.171037 -5.957241
-0.782593 -0.915771 -4.000000 -0.458304 -1.208774 -5.950596
-0.785278 -0.915283 -4.000000 -0.515266 -1.262650 -5.961988
-0.779541 -0.917603 -4.000000 -0.582433 -1.329343 -5.999250
-0.784058 -0.918457 -4.000000 -0.647227 -1.392950 -6.015389
-0.790894 -0.917847 -4.000000 -0.690660 -1.419295 -6.022747
-0.788208 -0.915649 -4.000000 -0.681404 -1.414311 -6.043633
-0.788452 -0.916626 -4.000000 -0.615186 -1.379184 -6.063807
-0.789795 -0.920776 -4.000000 -0.516690 -1.317713 -6.051940
-0.784790 -0.917847 -4.000000 -0.416058 -1.271195 -6.040073
-0.785400 -0.913208 -4.000000 -0.306881 -1.260277 -6.034140
-0.786865 -0.917358 -4.000000 -0.233068 -1.274755 -6.029155
-0.781738 -0.916870 -4.000000 -0.188211 -1.272856 -6.026545
-0.778809 -0.919434 -4.000000 -0.169936 -1.246986 -6.017288
-0.784668 -0.916260 -4.000000 -0.177531 -1.212334 -6.019424
-0.783081 -0.919800 -4.000000 -0.196280 -1.184328 -6.018000
-0.782715 -0.915649 -4.000000 -0.215505 -1.170800 -6.032953
-0.786377 -0.917358 -4.000000 -0.234730 -1.159645 -6.035563
-0.787964 -0.912720 -4.000000 -0.240426 -1.133775 -6.059772
-0.782349 -0.917114 -4.000000 -0.228559 -1.118347 -6.095373
-0.787476 -0.914307 -4.000000 -0.208859 -1.128316 -6.122193
-0.785278 -0.915649 -4.000000 -0.160205 -1.146354 -6.148063
-0.791138 -0.917603 -4.000000 -0.089715 -1.175309 -6.163965
-0.791260 -0.917725 -4.000000 0.035126 -1.201891 -6.166338
-0.785034 -0.913940 -4.000000 0.203401 -1.216369 -6.144977
-0.786133 -0.917358 -4.000000 0.407751 -1.235831 -6.121955
-0.791870 -0.910034 -4.000000 0.641768 -1.277365 -6.102256
-0.793701 -0.917358 -4.000000 0.851340 -1.352840 -6.083506
-0.788574 -0.913940 -4.000000 0.988522 -1.402918 -6.043870
-0.788696 -0.918945 -4.000000 0.993744 -1.384881 -6.013966
-0.790527 -0.915283 -4.000000 0.930137 -1.331954 -6.018238
-0.789185 -0.918823 -4.000000 0.831640 -1.318188 -6.061433
-0.788452 -0.913208 -4.000000 0.743587 -1.358536 -6.111750
-0.791504 -0.917480 -4.000000 0.699916 -1.426652 -6.151385
-0.791504 -0.924805 -4.000000 0.718429 -1.508535 -6.179629
-0.785400 -0.920288 -4.000000 0.776815 -1.619135 -6.191496
-0.782715 -0.918823 -4.000000 0.846118 -1.738280 -6.175357
-0.788452 -0.915649 -4.000000 0.900232 -1.826096 -6.159930
-0.789917 -0.919800 -4.000000 0.930611 -1.836539 -6.137620
-0.790771 -0.918335 -4.000000 0.937257 -1.779103 -6.091576
-0.784790 -0.916382 -4.000000 0.892637 -1.691761 -6.034377
-0.785156 -0.917480 -4.000000 0.847780 -1.617474 -5.986197
-0.788574 -0.918701 -4.000000 0.784647 -1.560512 -5.947985
-0.781860 -0.916992 -4.000000 0.686863 -1.521114 -5.953918
-0.783936 -0.917725 -4.000000 0.531880 -1.494532 -5.958902
-0.793579 -0.921997 -4.000000 0.339397 -1.458693 -5.976940
-0.779053 -0.919556 -4.000000 0.162341 -1.426890 -6.015864
-0.784180 -0.919189 -4.000000 0.058860 -1.454184 -6.058823
-0.785645 -0.910645 -4.000000 -0.009968 -1.522775 -6.053601
-0.789307 -0.918457 -4.000000 0.016851 -1.463678 -6.111038
-0.788452 -0.911743 -4.000000 0.022547 -1.377048 -6.108902
-0.781982 -0.920898 -4.000000 -0.001187 -1.394611 -6.096797
-0.786865 -0.917725 -4.000000 -0.047468 -1.409327 -6.058823
-0.784058 -0.913086 -4.000000 -0.090189 -1.404580 -6.047431
-0.790161 -0.912231 -4.000000 -0.122942 -1.418108 -6.047668
-0.784790 -0.915405 -4.000000 -0.152847 -1.470560 -6.046244
-0.789429 -0.911743 -4.000000 -0.183227 -1.536066 -6.038412
-0.783813 -0.914673 -4.000000 -0.198179 -1.582585 -6.021560
-0.784790 -0.910034 -4.000000 -0.182989 -1.579974 -6.003522
-0.779541 -0.915039 -4.000000 -0.148338 -1.523725 -5.990469
-0.789307 -0.917847 -4.000000 -0.139793 -1.438282 -5.975516
-0.785767 -0.918457 -4.000000 -0.150948 -1.401732 -5.950596
-0.789185 -0.924072 -4.000000 -0.175394 -1.402206 -5.933744
-0.786865 -0.918335 -4.000000 -0.211708 -1.405766 -5.938966
-0.792236 -0.918335 -4.000000 -0.258226 -1.420244 -5.952020
-0.789795 -0.918579 -4.000000 -0.303558 -1.422380 -5.963175
-0.781372 -0.923706 -4.000000 -0.332514 -1.432586 -5.983348
-0.785767 -0.917114 -4.000000 -0.338210 -1.473883 -5.998538
-0.793213 -0.915527 -4.000000 -0.317799 -1.530370 -6.010643
-0.784790 -0.918335 -4.000000 -0.273653 -1.588993 -5.987146
-0.786987 -0.921387 -4.000000 -0.221676 -1.587094 -5.978839
-0.787964 -0.918091 -4.000000 -0.180616 -1.550544 -5.972431
-0.791992 -0.914917 -4.000000 -0.168512 -1.505212 -5.973618
-0.782715 -0.921143 -4.000000 -0.164002 -1.465814 -5.972906
-0.783813 -0.918579 -4.000000 -0.169461 -1.450624 -5.982874
-0.782837 -0.915527 -4.000000 -0.169461 -1.450149 -5.999962
-0.787720 -0.920288 -4.000000 -0.209571 -1.463203 -6.007795
-0.782959 -0.917847 -4.000000 -0.298574 -1.485750 -6.039598
-0.779663 -0.913696 -4.000000 -0.410599 -1.498092 -6.080421
-0.788452 -0.915649 -4.000000 -0.550629 -1.464864 -6.118632
-0.788696 -0.920166 -4.000000 -0.705613 -1.401257 -6.167525
-0.781860 -0.914917 -4.000000 -0.837099 -1.299675 -6.204312
-0.781616 -0.915283 -4.000000 -0.929899 -1.180531 -6.237065
-0.785156 -0.915161 -4.000000 -0.981165 -1.063285 -6.251543
-0.783813 -0.916626 -4.000000 -1.012019 -0.969298 -6.270768
-0.782104 -0.917236 -4.000000 -1.095325 -0.956481 -6.311590
-0.787842 -0.916992 -4.000000 -1.274755 -1.061860 -6.370450
-0.782593 -0.913086 -4.000000 -1.467950 -1.221116 -6.422428
-0.778931 -0.919800 -4.000000 -1.621746 -1.342397 -6.472270
-0.777954 -0.921875 -4.000000 -1.736144 -1.383931 -6.514753
-0.790039 -0.919189 -4.000000 -1.766998 -1.359485 -6.522348
-0.786987 -0.915283 -4.000000 -1.708375 -1.284011 -6.491732
-0.789673 -0.913818 -4.000000 -1.591367 -1.179344 -6.446874
-0.795776 -0.915527 -4.000000 -1.427839 -1.068031 -6.393473
-0.786743 -0.914917 -4.000000 -1.257666 -0.978079 -6.332002
