-0.785034 -0.913452 -4.000000 -0.242799 -1.461779 -5.965074
-0.796753 -0.918823 -4.000000 -0.226185 -1.418583 -5.965786
-0.784668 -0.918701 -4.000000 -0.236866 -1.396510 -5.964836
-0.779907 -0.913452 -4.000000 -0.270331 -1.402918 -5.949883
-0.792847 -0.919189 -4.000000 -0.313052 -1.414548 -5.939441
-0.784180 -0.911621 -4.000000 -0.351501 -1.421668 -5.944900
-0.782959 -0.915527 -4.000000 -0.375235 -1.431399 -5.947985
-0.783936 -0.917114 -4.000000 -0.378320 -1.452997 -5.950358
-0.780518 -0.921631 -4.000000 -0.379032 -1.455608 -5.933744
-0.785522 -0.913086 -4.000000 -0.382830 -1.438994 -5.925912
-0.788940 -0.920898 -4.000000 -0.391611 -1.424042 -5.910248
-0.786255 -0.915527 -4.000000 -0.400393 -1.408852 -5.909536
-0.783081 -0.913818 -4.000000 -0.415345 -1.395798 -5.913333
-0.785278 -0.920532 -4.000000 -0.429111 -1.406241 -5.904789
-0.795166 -0.922363 -4.000000 -0.464950 -1.455133 -5.882479
-0.784058 -0.916992 -4.000000 -0.496753 -1.520164 -5.862780
-0.782959 -0.916138 -4.000000 -0.529506 -1.555291 -5.844267
-0.793823 -0.917114 -4.000000 -0.569142 -1.571430 -5.786831
-0.788086 -0.919312 -4.000000 -0.596199 -1.546984 -5.716578
-0.788452 -0.923584 -4.000000 -0.648414 -1.479579 -5.651309
-0.786255 -0.913208 -4.000000 -0.702053 -1.375624 -5.600993
-0.784424 -0.915161 -4.000000 -0.778001 -1.259328 -5.567766
-0.789551 -0.922729 -4.000000 -0.895010 -1.192398 -5.533114
-0.786133 -0.922485 -4.000000 -1.040500 -1.205689 -5.516737
-0.779663 -0.917603 -4.000000 -1.214945 -1.273093 -5.505345
-0.787231 -0.916870 -4.000000 -1.399121 -1.327919 -5.481611
-0.776367 -0.917114 -4.000000 -1.583534 -1.353077 -5.462862
-0.785034 -0.911743 -4.000000 -1.741840 -1.359010 -5.443399
-0.791626 -0.917236 -4.000000 -1.841523 -1.367317 -5.406137
-0.784668 -0.922363 -4.000000 -1.817552 -1.336463 -5.362229
-0.788330 -0.917480 -4.000000 -1.669926 -1.222302 -5.317134
-0.787720 -0.920654 -4.000000 -1.448725 -1.031244 -5.255188
-0.786621 -0.913330 -4.000000 -1.236068 -0.823096 -5.229556
-0.783081 -0.919312 -4.000000 -1.084408 -0.679743 -5.256375
-0.793091 -0.915161 -4.000000 -1.044772 -0.677844 -5.322356
-0.787109 -0.918945 -4.000000 -1.098648 -0.809568 -5.419665
-0.788330 -0.917847 -4.000000 -1.180768 -0.968823 -5.509855
-0.785400 -0.924072 -4.000000 -1.233932 -1.097936 -5.599807
-0.783447 -0.916748 -4.000000 -1.260752 -1.191686 -5.678366
-0.783325 -0.919556 -4.000000 -1.252207 -1.250071 -5.732243
-0.782959 -0.918945 -4.000000 -1.211859 -1.258615 -5.797274
-0.784668 -0.914185 -4.000000 -1.143505 -1.245799 -5.849489
-0.783691 -0.922485 -4.000000 -1.081560 -1.259328 -5.884615
-0.783081 -0.923096 -4.000000 -1.026971 -1.304897 -5.904314
-0.790039 -0.920044 -4.000000 -0.976893 -1.340498 -5.941102
-0.790161 -0.918579 -4.000000 -0.920168 -1.367555 -5.960801
-0.778931 -0.921143 -4.000000 -0.862257 -1.395324 -5.990943
-0.783691 -0.922852 -4.000000 -0.827843 -1.422380 -6.019661
-0.781616 -0.915039 -4.000000 -0.778001 -1.419295 -6.039598
-0.779053 -0.916626 -4.000000 -0.709173 -1.401969 -6.056212
-0.774658 -0.924194 -4.000000 -0.630850 -1.352840 -6.068791
-0.786255 -0.918945 -4.000000 -0.540661 -1.324596 -6.072351
-0.783203 -0.911011 -4.000000 -0.461627 -1.331479 -6.069978
-0.788330 -0.918579 -4.000000 -0.425314 -1.364944 -6.077098
-0.781128 -0.916748 -4.000000 -0.403953 -1.420956 -6.084455
-0.783813 -0.920898 -4.000000 -0.390899 -1.469611 -6.089202
-0.788818 -0.917847 -4.000000 -0.384729 -1.496668 -6.092051
-0.784912 -0.919678 -4.000000 -0.383067 -1.481478 -6.066892
-0.782471 -0.915649 -4.000000 -0.361944 -1.423804 -6.056449
-0.786621 -0.919556 -4.000000 -0.352213 -1.357586 -6.038174
-0.786011 -0.917236 -4.000000 -0.346517 -1.306084 -6.036750
-0.784668 -0.924072 -4.000000 -0.331327 -1.265024 -6.034140
-0.783203 -0.917114 -4.000000 -0.311390 -1.224676 -6.045769
-0.781006 -0.913696 -4.000000 -0.292403 -1.184803 -6.062146
-0.782959 -0.920654 -4.000000 -0.316375 -1.151100 -6.084930
-0.779297 -0.919434 -4.000000 -0.381881 -1.152762 -6.118158
-0.788452 -0.909180 -4.000000 -0.464238 -1.172224 -6.156132
-0.788208 -0.914673 -4.000000 -0.492481 -1.218980 -6.208584
-0.785645 -0.917358 -4.000000 -0.452371 -1.267160 -6.224961
-0.787598 -0.918579 -4.000000 -0.318036 -1.280451 -6.202651
-0.781128 -0.918213 -4.000000 -0.136471 -1.294691 -6.224486
-0.790405 -0.911621 -4.000000 0.059098 -1.323172 -6.177493
-0.788696 -0.914795 -4.000000 0.248970 -1.328156 -6.114123
-0.786499 -0.910767 -4.000000 0.432197 -1.295878 -6.079472
-0.783569 -0.918213 -4.000000 0.626816 -1.307270 -6.045769
-0.789307 -0.916382 -4.000000 0.786071 -1.363520 -5.994029
-0.787231 -0.922119 -4.000000 0.884805 -1.403393 -5.986434
-0.787842 -0.913940 -4.000000 0.955295 -1.421906 -5.970769
-0.785645 -0.919067 -4.000000 1.015342 -1.448488 -5.958665
-0.787964 -0.922729 -4.000000 1.095800 -1.493820 -5.952020
-0.791016 -0.915283 -4.000000 1.171986 -1.562174 -5.953918
-0.782837 -0.914917 -4.000000 1.187651 -1.640259 -5.958665
-0.782104 -0.915894 -4.000000 1.161543 -1.693898 -5.985722
-0.778687 -0.908569 -4.000000 1.103395 -1.747537 -6.027019
-0.782349 -0.911743 -4.000000 1.020801 -1.799514 -6.068079
-0.783081 -0.920532 -4.000000 0.938681 -1.837963 -6.075912
-0.787354 -0.915161 -4.000000 0.893824 -1.873327 -6.056449
-0.784302 -0.912964 -4.000000 0.863919 -1.861460 -6.021560
-0.773804 -0.908325 -4.000000 0.824758 -1.789546 -5.960564
-0.791138 -0.912842 -4.000000 0.765185 -1.701255 -5.919741
-0.779175 -0.923218 -4.000000 0.675233 -1.591367 -5.895770
-0.779297 -0.909912 -4.000000 0.556800 -1.486937 -5.889362
-0.785400 -0.920776 -4.000000 0.444301 -1.426890 -5.894109
-0.782715 -0.921875 -4.000000 0.359333 -1.425228 -5.932558
-0.791016 -0.921387 -4.000000 0.294065 -1.468899 -5.949883
-0.790039 -0.919678 -4.000000 0.254903 -1.512095 -5.961751
-0.786133 -0.914307 -4.000000 0.216692 -1.531557 -5.971719
-0.797607 -0.914063 -4.000000 0.190347 -1.528709 -5.987146
-0.792603 -0.918701 -4.000000 0.144303 -1.510196 -5.999250
-0.784424 -0.916870 -4.000000 0.089477 -1.466051 -6.007320
-0.783203 -0.913086 -4.000000 0.016139 -1.424754 -6.022273
-0.779419 -0.921875 -4.000000 -0.063133 -1.387966 -6.043396
-0.783936 -0.917969 -4.000000 -0.120569 -1.377523 -6.054551
-0.787109 -0.916260 -4.000000 -0.144778 -1.421431 -6.063095
-0.783203 -0.919434 -4.000000 -0.144778 -1.479817 -6.049804
-0.786255 -0.917969 -4.000000 -0.121518 -1.491684 -6.030817
-0.784424 -0.913696 -4.000000 -0.115110 -1.481715 -6.019424
-0.790649 -0.915649 -4.000000 -0.137420 -1.499279 -6.002336
-0.784058 -0.917480 -4.000000 -0.186787 -1.530133 -6.007320
-0.784790 -0.920166 -4.000000 -0.206011 -1.485276 -6.027968
-0.781372 -0.916626 -4.000000 -0.216929 -1.423330 -6.035801
-0.782959 -0.920288 -4.000000 -0.236391 -1.447538 -6.021323
-0.790283 -0.913330 -4.000000 -0.243748 -1.488124 -5.998301
-0.792480 -0.916748 -4.000000 -0.238527 -1.486937 -5.966735
-0.785522 -0.911011 -4.000000 -0.213844 -1.409089 -5.941576
-0.791870 -0.919312 -4.000000 -0.179904 -1.316052 -5.913808
-0.785767 -0.910400 -4.000000 -0.144778 -1.218268 -5.873223
-0.783447 -0.916138 -4.000000 -0.092088 -1.069930 -5.864678
-0.791016 -0.909546 -4.000000 -0.073575 -0.920406 -5.879868
-0.793701 -0.917603 -4.000000 -0.080933 -0.806720 -5.905738
-0.784302 -0.919556 -4.000000 -0.118670 -0.724363 -5.987146
-0.792114 -0.919067 -4.000000 -0.283147 -0.712496 -6.089914
-0.784424 -0.923706 -4.000000 -0.542797 -0.789631 -6.228284
-0.788818 -0.916260 -4.000000 -0.853238 -0.935833 -6.387064
-0.788208 -0.921631 -4.000000 -1.153948 -1.108142 -6.528282
-0.784058 -0.918335 -4.000000 -1.376336 -1.256954 -6.639357
-0.784912 -0.919678 -4.000000 -1.477443 -1.372302 -6.705101
-0.783569 -0.918579 -4.000000 -1.454421 -1.461067 -6.702727
-0.786499 -0.912964 -4.000000 -1.379896 -1.504025 -6.676620
-0.781738 -0.920166 -4.000000 -1.301099 -1.494057 -6.625117
-0.792847 -0.912964 -4.000000 -1.225863 -1.469611 -6.556288
-0.788330 -0.921753 -4.000000 -1.146828 -1.467000 -6.485086
-0.784180 -0.913208 -4.000000 -1.090579 -1.459405 -6.403915
-0.781738 -0.915161 -4.000000 -1.090816 -1.456795 -6.345055
-0.782959 -0.920898 -4.000000 -1.149202 -1.475782 -6.314201
-0.789307 -0.916382 -4.000000 -1.240815 -1.545560 -6.319185
-0.784668 -0.918091 -4.000000 -1.345482 -1.642395 -6.334375
-0.786621 -0.918213 -4.000000 -1.418346 -1.706714 -6.347191
-0.782471 -0.915161 -4.000000 -1.411700 -1.718106 -6.355498
-0.785034 -0.917236 -4.000000 -1.298963 -1.646430 -6.336274
-0.786987 -0.916504 -4.000000 -1.090341 -1.545323 -6.275040
-0.788696 -0.920044 -4.000000 -0.838761 -1.474120 -6.195293
-0.785645 -0.918335 -4.000000 -0.606879 -1.476969 -6.127414
-0.786255 -0.919434 -4.000000 -0.433383 -1.560275 -6.070215
-0.788208 -0.910156 -4.000000 -0.356485 -1.619610 -6.055737
-0.784546 -0.921631 -4.000000 -0.355298 -1.637885 -6.064756
-0.781250 -0.924072 -4.000000 -0.423890 -1.675622 -6.094899
-0.785400 -0.920410 -4.000000 -0.511231 -1.721192 -6.120531
-0.785400 -0.920410 -4.000000 -0.576500 -1.740179 -6.132161
-0.774414 -0.923828 -4.000000 -0.570091 -1.777441 -6.151148
