-0.784790 -0.913452 -4.000000 -0.171122 -1.432349 -5.726784
-0.778442 -0.922363 -4.000000 -0.151186 -1.390339 -5.733666
-0.783691 -0.921021 -4.000000 -0.153559 -1.371590 -5.714679
-0.789673 -0.916260 -4.000000 -0.140031 -1.363995 -5.688097
-0.785400 -0.918701 -4.000000 -0.139556 -1.361621 -5.682401
-0.785156 -0.914551 -4.000000 -0.162815 -1.389865 -5.713018
-0.775879 -0.912842 -4.000000 -0.193195 -1.420007 -5.711119
-0.790283 -0.913086 -4.000000 -0.217641 -1.420007 -5.697353
-0.781494 -0.915771 -4.000000 -0.237103 -1.416209 -5.688809
-0.784058 -0.923828 -4.000000 -0.243036 -1.408852 -5.696641
-0.789429 -0.917236 -4.000000 -0.250157 -1.380608 -5.697116
-0.781006 -0.912964 -4.000000 -0.255615 -1.356400 -5.685012
-0.784668 -0.922485 -4.000000 -0.284808 -1.326732 -5.670772
-0.787720 -0.918213 -4.000000 -0.318748 -1.319849 -5.668398
-0.788574 -0.919434 -4.000000 -0.354349 -1.335751 -5.676467
-0.781982 -0.918701 -4.000000 -0.383779 -1.338599 -5.670297
-0.783936 -0.918701 -4.000000 -0.407513 -1.345482 -5.678604
-0.779297 -0.910278 -4.000000 -0.437655 -1.357586 -5.680027
-0.791504 -0.914551 -4.000000 -0.486310 -1.382270 -5.667212
-0.786743 -0.915283 -4.000000 -0.516927 -1.405292 -5.664600
-0.785522 -0.919922 -4.000000 -0.529032 -1.422855 -5.654158
-0.779663 -0.917725 -4.000000 -0.552766 -1.444453 -5.628287
-0.781372 -0.921631 -4.000000 -0.552291 -1.473646 -5.586753
-0.778687 -0.918579 -4.000000 -0.552291 -1.474595 -5.521959
-0.785645 -0.927002 -4.000000 -0.571278 -1.460355 -5.445536
-0.787109 -0.923462 -4.000000 -0.616847 -1.435434 -5.363178
-0.786133 -0.913208 -4.000000 -0.677369 -1.434485 -5.319508
-0.783813 -0.914673 -4.000000 -0.729821 -1.508060 -5.307404
-0.777832 -0.917114 -4.000000 -0.804584 -1.634562 -5.308590
-0.783569 -0.906006 -4.000000 -0.870089 -1.799751 -5.293875
-0.784546 -0.919434 -4.000000 -0.866055 -1.971111 -5.266106
-0.789917 -0.919434 -4.000000 -0.764473 -2.086458 -5.227420
-0.778076 -0.914063 -4.000000 -0.599759 -2.059639 -5.167847
-0.787354 -0.910645 -4.000000 -0.466611 -1.850067 -5.138655
-0.785767 -0.915771 -4.000000 -0.440978 -1.551968 -5.111835
-0.785889 -0.918579 -4.000000 -0.556088 -1.202366 -5.102816
-0.778442 -0.916382 -4.000000 -0.750470 -0.985437 -5.132246
-0.780884 -0.915283 -4.000000 -0.925390 -0.981165 -5.183987
-0.783569 -0.910522 -4.000000 -1.024835 -1.130452 -5.230268
-0.784302 -0.923096 -4.000000 -1.062098 -1.276179 -5.266581
-0.786011 -0.925659 -4.000000 -1.049281 -1.325308 -5.300758
-0.784302 -0.921265 -4.000000 -1.010832 -1.304659 -5.345852
-0.785156 -0.913452 -4.000000 -0.945801 -1.220641 -5.394745
-0.791138 -0.915649 -4.000000 -0.881957 -1.094851 -5.457403
-0.791382 -0.913208 -4.000000 -0.846593 -1.011070 -5.476627
-0.786743 -0.921143 -4.000000 -0.802210 -1.034566 -5.512228
-0.783081 -0.919800 -4.000000 -0.741451 -1.136860 -5.514364
-0.787476 -0.921875 -4.000000 -0.694458 -1.256005 -5.525756
-0.786987 -0.916626 -4.000000 -0.662891 -1.365419 -5.532165
-0.782104 -0.914673 -4.000000 -0.628714 -1.423330 -5.540472
-0.786133 -0.918091 -4.000000 -0.601658 -1.409089 -5.537386
-0.782593 -0.914307 -4.000000 -0.599522 -1.311542 -5.531690
-0.781250 -0.915771 -4.000000 -0.623730 -1.213996 -5.534063
-0.785278 -0.921021 -4.000000 -0.641293 -1.164866 -5.561120
-0.783569 -0.920532 -4.000000 -0.650550 -1.192160 -5.581057
-0.783081 -0.919434 -4.000000 -0.656246 -1.249597 -5.592449
-0.787231 -0.920166 -4.000000 -0.657195 -1.299675 -5.600756
-0.788818 -0.915527 -4.000000 -0.637021 -1.339786 -5.607164
-0.782349 -0.924072 -4.000000 -0.606879 -1.341447 -5.612623
-0.787598 -0.920654 -4.000000 -0.581484 -1.309406 -5.617133
-0.780151 -0.921021 -4.000000 -0.552528 -1.263837 -5.619506
-0.787354 -0.920410 -4.000000 -0.536152 -1.249359 -5.618319
-0.785522 -0.920288 -4.000000 -0.533541 -1.271432 -5.616895
-0.787109 -0.919678 -4.000000 -0.528082 -1.314153 -5.624015
-0.787598 -0.915283 -4.000000 -0.522149 -1.373963 -5.636120
-0.788818 -0.917236 -4.000000 -0.519538 -1.411700 -5.638731
-0.786255 -0.917969 -4.000000 -0.495804 -1.420482 -5.646800
-0.785767 -0.913208 -4.000000 -0.452371 -1.419295 -5.647749
-0.784302 -0.919678 -4.000000 -0.417244 -1.416921 -5.647512
-0.781128 -0.917114 -4.000000 -0.383305 -1.406953 -5.651309
-0.780762 -0.917236 -4.000000 -0.344381 -1.377998 -5.661278
-0.783936 -0.912598 -4.000000 -0.314713 -1.358536 -5.675044
-0.784790 -0.912231 -4.000000 -0.304508 -1.329580 -5.674332
-0.785156 -0.913086 -4.000000 -0.335362 -1.267160 -5.674094
-0.782959 -0.921387 -4.000000 -0.428874 -1.252207 -5.690471
-0.788696 -0.919800 -4.000000 -0.542797 -1.376811 -5.698540
-0.790771 -0.915039 -4.000000 -0.621119 -1.525386 -5.692132
-0.790771 -0.913574 -4.000000 -0.630138 -1.557902 -5.636832
-0.782959 -0.916016 -4.000000 -0.547781 -1.494532 -5.580582
-0.792603 -0.919800 -4.000000 -0.403953 -1.348567 -5.534301
-0.785767 -0.916504 -4.000000 -0.252530 -1.113601 -5.501548
-0.783447 -0.912231 -4.000000 -0.115822 -0.899282 -5.493953
-0.790039 -0.918945 -4.000000 -0.014952 -0.875074 -5.506295
-0.786011 -0.915039 -4.000000 0.070253 -1.043585 -5.524095
-0.787476 -0.916260 -4.000000 0.137420 -1.313679 -5.571326
-0.786377 -0.916260 -4.000000 0.165189 -1.586383 -5.598382
-0.781738 -0.923950 -4.000000 0.072151 -1.775543 -5.632322
-0.782349 -0.924683 -4.000000 -0.096835 -1.816603 -5.693319
-0.784180 -0.921021 -4.000000 -0.109414 -1.658059 -5.737226
-0.783691 -0.924805 -4.000000 -0.009256 -1.407191 -5.744584
-0.785400 -0.915527 -4.000000 0.245885 -1.199993 -5.748144
-0.783447 -0.921875 -4.000000 0.457117 -1.197856 -5.752891
-0.786987 -0.913330 -4.000000 0.613999 -1.331716 -5.759774
-0.785400 -0.912109 -4.000000 0.785122 -1.507823 -5.770692
-0.783447 -0.917603 -4.000000 0.843982 -1.579737 -5.754315
-0.780273 -0.917847 -4.000000 0.771593 -1.542475 -5.753129
-0.781860 -0.918457 -4.000000 0.604980 -1.486700 -5.746958
-0.780884 -0.913574 -4.000000 0.447386 -1.468662 -5.756926
-0.782227 -0.918823 -4.000000 0.318036 -1.463203 -5.788255
-0.788696 -0.918091 -4.000000 0.236866 -1.476494 -5.793714
-0.785278 -0.918701 -4.000000 0.218353 -1.450149 -5.779473
-0.785400 -0.916260 -4.000000 0.207198 -1.422380 -5.755739
-0.786011 -0.917358 -4.000000 0.152135 -1.428077 -5.774252
-0.783936 -0.914185 -4.000000 0.098022 -1.440893 -5.759774
-0.780518 -0.914307 -4.000000 0.083781 -1.423567 -5.723461
-0.788574 -0.920166 -4.000000 0.138607 -1.411463 -5.685961
-0.786011 -0.913696 -4.000000 0.142167 -1.386305 -5.667449
-0.786255 -0.920776 -4.000000 0.099920 -1.355450 -5.657243
-0.785278 -0.909424 -4.000000 0.021123 -1.322460 -5.661753
-0.785278 -0.921143 -4.000000 -0.054351 -1.301574 -5.669822
-0.783447 -0.914551 -4.000000 -0.097547 -1.317713 -5.681689
-0.785156 -0.920532 -4.000000 -0.124366 -1.335751 -5.687148
-0.786499 -0.915771 -4.000000 -0.127214 -1.377286 -5.695455
-0.783813 -0.915405 -4.000000 -0.148575 -1.426415 -5.688334
-0.790771 -0.920044 -4.000000 -0.148812 -1.473408 -5.682164
-0.781616 -0.918945 -4.000000 -0.153559 -1.477918 -5.650123
-0.781616 -0.912476 -4.000000 -0.160205 -1.462491 -5.622117
-0.779541 -0.913086 -4.000000 -0.161154 -1.405292 -5.601468
-0.786133 -0.912354 -4.000000 -0.156170 -1.348805 -5.591262
-0.775146 -0.909546 -4.000000 -0.171834 -1.348330 -5.599807
-0.783203 -0.918213 -4.000000 -0.227135 -1.415260 -5.601943
-0.783936 -0.914063 -4.000000 -0.286707 -1.506636 -5.623066
-0.785645 -0.915405 -4.000000 -0.320409 -1.561936 -5.627338
-0.783569 -0.918945 -4.000000 -0.320884 -1.569769 -5.624490
-0.787231 -0.912476 -4.000000 -0.301185 -1.517316 -5.611911
-0.788086 -0.916748 -4.000000 -0.285995 -1.435197 -5.632560
-0.787354 -0.911255 -4.000000 -0.298574 -1.405766 -5.678366
-0.790649 -0.912476 -4.000000 -0.392561 -1.415972 -5.728683
-0.789917 -0.913574 -4.000000 -0.491294 -1.444690 -5.801546
-0.786621 -0.914063 -4.000000 -0.614474 -1.481953 -5.882004
-0.784180 -0.918091 -4.000000 -0.710122 -1.487174 -5.973618
-0.778198 -0.917969 -4.000000 -0.822621 -1.473883 -6.035089
-0.785400 -0.917358 -4.000000 -0.912811 -1.456083 -6.096797
-0.786621 -0.916504 -4.000000 -1.016054 -1.410039 -6.146164
-0.785034 -0.916382 -4.000000 -1.106955 -1.386305 -6.185088
-0.783325 -0.912476 -4.000000 -1.139708 -1.349754 -6.191733
-0.781982 -0.908936 -4.000000 -1.145642 -1.317713 -6.193632
-0.783691 -0.912109 -4.000000 -1.116923 -1.290894 -6.163965
-0.782227 -0.919189 -4.000000 -1.043823 -1.265261 -6.137383
-0.787109 -0.919067 -4.000000 -0.922779 -1.276891 -6.086354
-0.777100 -0.911743 -4.000000 -0.800786 -1.293979 -6.044582
-0.786499 -0.921143 -4.000000 -0.732907 -1.317951 -6.008032
-0.787842 -0.914063 -4.000000 -0.721040 -1.328394 -5.969108
-0.782837 -0.915649 -4.000000 -0.753555 -1.343109 -5.957716
-0.787964 -0.916626 -4.000000 -0.818587 -1.358061 -5.956767
-0.785034 -0.913696 -4.000000 -0.867716 -1.399121 -5.953444
-0.780762 -0.922607 -4.000000 -0.843745 -1.455133 -5.933982
-0.780396 -0.912476 -4.000000 -0.760201 -1.476969 -5.885564
-0.782349 -0.918213 -4.000000 -0.637259 -1.438757 -5.848302
-0.789673 -0.912109 -4.000000 -0.504823 -1.368267 -5.813650
