-0.792114 -0.923584 -4.000000 -0.135521 -1.371115 -5.616183
-0.779907 -0.918823 -4.000000 -0.158781 -1.321036 -5.621642
-0.793457 -0.921021 -4.000000 -0.165426 -1.279501 -5.622354
-0.789063 -0.916626 -4.000000 -0.168749 -1.262176 -5.623066
-0.787720 -0.915527 -4.000000 -0.165901 -1.264549 -5.626863
-0.782104 -0.917480 -4.000000 -0.205774 -1.321273 -5.644427
-0.778809 -0.919189 -4.000000 -0.243274 -1.374675 -5.654395
-0.784790 -0.917847 -4.000000 -0.284334 -1.395086 -5.638968
-0.786011 -0.912720 -4.000000 -0.311153 -1.379659 -5.641104
-0.785645 -0.920288 -4.000000 -0.329428 -1.349754 -5.645376
-0.782715 -0.919067 -4.000000 -0.342007 -1.317951 -5.641816
-0.780762 -0.917847 -4.000000 -0.362181 -1.289707 -5.629949
-0.787109 -0.921875 -4.000000 -0.378320 -1.285435 -5.625914
-0.780884 -0.923950 -4.000000 -0.397545 -1.305846 -5.632085
-0.784668 -0.912354 -4.000000 -0.430298 -1.337887 -5.637544
-0.782715 -0.919434 -4.000000 -0.462102 -1.364232 -5.635170
-0.784302 -0.917480 -4.000000 -0.505060 -1.374912 -5.625677
-0.785645 -0.916748 -4.000000 -0.539474 -1.355688 -5.606452
-0.788818 -0.915894 -4.000000 -0.582670 -1.312966 -5.564918
-0.788452 -0.918701 -4.000000 -0.597623 -1.297539 -5.540234
-0.785278 -0.915161 -4.000000 -0.599759 -1.335039 -5.502260
-0.789307 -0.917480 -4.000000 -0.595249 -1.360197 -5.476152
-0.784058 -0.910889 -4.000000 -0.617797 -1.369453 -5.468320
-0.790405 -0.921387 -4.000000 -0.675470 -1.402681 -5.457165
-0.783936 -0.917480 -4.000000 -0.752131 -1.480054 -5.424650
-0.793091 -0.915649 -4.000000 -0.830216 -1.550781 -5.366026
-0.783691 -0.915039 -4.000000 -0.895248 -1.598249 -5.319983
-0.784546 -0.905396 -4.000000 -0.955769 -1.654262 -5.297435
-0.782471 -0.918213 -4.000000 -1.004661 -1.728312 -5.300995
-0.774658 -0.920776 -4.000000 -1.055215 -1.778153 -5.277024
-0.781982 -0.921875 -4.000000 -1.066133 -1.745875 -5.239287
-0.788940 -0.920288 -4.000000 -1.068031 -1.660195 -5.197989
-0.780518 -0.919189 -4.000000 -1.067319 -1.571905 -5.148623
-0.785767 -0.921021 -4.000000 -1.039313 -1.460829 -5.105664
-0.786377 -0.918945 -4.000000 -0.971434 -1.371115 -5.111123
-0.785156 -0.914307 -4.000000 -0.885042 -1.316052 -5.138417
-0.785522 -0.920166 -4.000000 -0.849204 -1.243900 -5.166898
-0.779785 -0.917114 -4.000000 -0.870327 -1.133062 -5.196803
-0.784302 -0.915405 -4.000000 -0.950311 -1.063047 -5.245932
-0.784058 -0.919067 -4.000000 -1.059724 -1.067794 -5.291027
-0.784180 -0.921631 -4.000000 -1.168189 -1.135199 -5.341343
-0.785767 -0.923096 -4.000000 -1.250783 -1.217556 -5.370773
-0.791626 -0.913818 -4.000000 -1.248173 -1.284011 -5.404476
-0.782837 -0.919678 -4.000000 -1.162730 -1.331716 -5.445061
-0.783813 -0.925659 -4.000000 -1.024835 -1.335276 -5.457403
-0.778076 -0.922729 -4.000000 -0.885042 -1.313916 -5.475677
-0.789795 -0.924927 -4.000000 -0.753555 -1.272619 -5.480662
-0.781128 -0.912720 -4.000000 -0.663129 -1.152999 -5.424650
-0.784424 -0.915039 -4.000000 -0.583620 -1.124518 -5.517924
-0.778931 -0.918945 -4.000000 -0.551579 -1.125230 -5.514602
-0.779785 -0.916748 -4.000000 -0.537813 -1.192160 -5.564443
-0.793701 -0.915649 -4.000000 -0.549680 -1.261701 -5.577022
-0.784668 -0.918579 -4.000000 -0.546595 -1.328631 -5.574174
-0.788452 -0.918945 -4.000000 -0.528557 -1.394611 -5.575835
-0.786987 -0.917114 -4.000000 -0.506959 -1.399833 -5.587702
-0.786743 -0.917114 -4.000000 -0.478953 -1.365181 -5.600281
-0.788086 -0.915405 -4.000000 -0.456168 -1.349754 -5.594348
-0.786255 -0.925415 -4.000000 -0.449048 -1.314865 -5.594822
-0.783691 -0.919922 -4.000000 -0.459253 -1.280213 -5.583430
-0.791870 -0.924072 -4.000000 -0.448336 -1.283062 -5.591737
-0.788818 -0.916626 -4.000000 -0.429111 -1.311305 -5.600281
-0.782349 -0.917603 -4.000000 -0.414633 -1.354738 -5.612860
-0.787598 -0.918213 -4.000000 -0.407751 -1.410751 -5.638256
-0.781494 -0.912964 -4.000000 -0.383067 -1.470798 -5.671958
-0.782715 -0.915405 -4.000000 -0.349602 -1.473171 -5.694743
-0.780518 -0.917603 -4.000000 -0.301897 -1.432823 -5.711357
-0.777222 -0.911499 -4.000000 -0.241612 -1.394849 -5.735565
-0.788574 -0.918457 -4.000000 -0.191771 -1.354026 -5.749094
-0.781006 -0.925903 -4.000000 -0.160442 -1.308932 -5.768081
-0.780640 -0.921143 -4.000000 -0.143828 -1.313679 -5.794663
-0.786621 -0.921265 -4.000000 -0.112262 -1.381558 -5.820770
-0.781982 -0.919189 -4.000000 -0.054588 -1.460355 -5.830739
-0.779663 -0.919434 -4.000000 -0.022785 -1.478155 -5.832163
-0.778809 -0.923462 -4.000000 -0.006883 -1.498567 -5.827653
-0.786377 -0.920166 -4.000000 -0.002373 -1.500228 -5.783033
-0.786255 -0.920410 -4.000000 0.009968 -1.439706 -5.698303
-0.793091 -0.916870 -4.000000 -0.029430 -1.318663 -5.627575
-0.783081 -0.916260 -4.000000 -0.094936 -1.136385 -5.567528
-0.786987 -0.914917 -4.000000 -0.112499 -1.009171 -5.593399
-0.787476 -0.919067 -4.000000 -0.028243 -1.033380 -5.690708
-0.786133 -0.914917 -4.000000 0.103480 -1.106955 -5.731768
-0.786621 -0.918701 -4.000000 0.292878 -1.152762 -5.716578
-0.785034 -0.917114 -4.000000 0.526183 -1.199755 -5.689284
-0.781738 -0.921387 -4.000000 0.722701 -1.306321 -5.686199
-0.787109 -0.914673 -4.000000 0.857748 -1.366843 -5.675044
-0.787476 -0.918701 -4.000000 0.895960 -1.358536 -5.666262
-0.784058 -0.919434 -4.000000 0.867479 -1.313204 -5.629949
-0.786377 -0.916260 -4.000000 0.790106 -1.304659 -5.600044
-0.785645 -0.911743 -4.000000 0.783698 -1.414073 -5.547117
-0.782837 -0.909668 -4.000000 0.757828 -1.554816 -5.540709
-0.788208 -0.919312 -4.000000 0.692559 -1.691287 -5.549965
-0.789917 -0.911987 -4.000000 0.646990 -1.835115 -5.577734
-0.780762 -0.921509 -4.000000 0.614237 -1.767948 -5.574174
-0.778564 -0.913452 -4.000000 0.624680 -1.630290 -5.601468
-0.783203 -0.917847 -4.000000 0.583145 -1.516130 -5.594348
-0.785156 -0.921631 -4.000000 0.545171 -1.406004 -5.592687
-0.786011 -0.919067 -4.000000 0.529743 -1.319612 -5.611911
-0.786865 -0.921021 -4.000000 0.455219 -1.264786 -5.628050
-0.783203 -0.914063 -4.000000 0.353637 -1.224439 -5.666974
-0.782104 -0.920654 -4.000000 0.245173 -1.235831 -5.708746
-0.781738 -0.919556 -4.000000 0.134097 -1.274517 -5.745771
-0.787476 -0.920898 -4.000000 0.020649 -1.302761 -5.777337
-0.789063 -0.917114 -4.000000 0.004272 -1.326495 -5.815074
-0.787720 -0.918091 -4.000000 -0.008782 -1.375150 -5.835485
-0.779175 -0.919434 -4.000000 0.017563 -1.409564 -5.822195
-0.789429 -0.918335 -4.000000 0.070727 -1.445165 -5.797037
-0.783813 -0.918579 -4.000000 0.129825 -1.476731 -5.751942
-0.781250 -0.922363 -4.000000 0.172072 -1.474120 -5.699964
-0.793457 -0.917603 -4.000000 0.228321 -1.483614 -5.675281
-0.782837 -0.917725 -4.000000 0.233780 -1.527997 -5.645613
-0.782837 -0.913452 -4.000000 0.200553 -1.543899 -5.630424
-0.783447 -0.911743 -4.000000 0.157831 -1.541288 -5.603604
-0.787354 -0.922363 -4.000000 0.093275 -1.547459 -5.577260
-0.784180 -0.912109 -4.000000 0.051266 -1.511383 -5.601231
-0.788330 -0.915405 -4.000000 0.064557 -1.446589 -5.650598
-0.785400 -0.921631 -4.000000 0.060284 -1.429263 -5.730581
-0.788086 -0.918335 -4.000000 -0.022073 -1.495006 -5.823381
-0.787964 -0.926392 -4.000000 -0.160205 -1.659958 -5.916656
-0.784912 -0.919678 -4.000000 -0.333938 -1.897298 -6.005184
-0.787476 -0.918945 -4.000000 -0.496041 -2.058215 -6.050041
-0.779053 -0.916016 -4.000000 -0.589316 -2.096901 -6.086592
-0.789063 -0.918945 -4.000000 -0.642480 -2.032820 -6.112699
-0.788330 -0.917725 -4.000000 -0.703477 -1.879972 -6.126939
-0.782227 -0.915649 -4.000000 -0.743824 -1.687727 -6.131924
-0.786255 -0.917236 -4.000000 -0.795090 -1.525861 -6.160404
-0.783081 -0.914795 -4.000000 -0.864393 -1.430925 -6.193157
-0.787476 -0.918823 -4.000000 -0.988997 -1.417634 -6.214043
-0.786621 -0.918213 -4.000000 -1.115974 -1.422855 -6.239913
-0.787720 -0.918213 -4.000000 -1.218742 -1.457507 -6.238964
-0.782715 -0.916992 -4.000000 -1.294217 -1.491446 -6.217129
-0.782715 -0.913818 -4.000000 -1.336226 -1.464152 -6.163727
-0.783325 -0.921753 -4.000000 -1.326020 -1.397934 -6.099645
-0.780518 -0.911865 -4.000000 -1.251970 -1.320087 -6.057873
-0.784302 -0.917603 -4.000000 -1.186464 -1.311068 -6.041497
-0.787842 -0.920532 -4.000000 -1.172698 -1.402681 -6.012541
-0.782837 -0.921265 -4.000000 -1.156559 -1.515180 -5.988807
-0.787598 -0.916626 -4.000000 -1.096275 -1.581636 -5.975042
-0.791138 -0.918701 -4.000000 -1.008222 -1.530607 -5.922827
-0.785767 -0.916504 -4.000000 -0.910200 -1.430925 -5.855659
-0.786499 -0.922729 -4.000000 -0.787020 -1.367080 -5.811277
-0.783203 -0.915527 -4.000000 -0.687100 -1.359248 -5.780423
-0.783447 -0.916748 -4.000000 -0.611626 -1.378235 -5.764521
-0.790039 -0.917847 -4.000000 -0.538050 -1.396036 -5.753366
-0.786011 -0.920532 -4.000000 -0.463526 -1.408377 -5.745059
-0.783081 -0.915527 -4.000000 -0.383542 -1.420007 -5.723461
-0.788208 -0.920654 -4.000000 -0.313527 -1.415972 -5.696167
-0.787842 -0.921997 -4.000000 -0.243748 -1.382507 -5.688334
-0.783325 -0.915283 -4.000000 -0.182040 -1.363995 -5.667449
-0.787231 -0.919922 -4.000000 -0.137657 -1.378472 -5.662465
-0.789063 -0.920044 -4.000000 -0.146439 -1.451573 -5.681926
