-0.792847 -0.917725 -4.000000 -0.212894 -1.394374 -6.023934
-0.784058 -0.920044 -4.000000 -0.178480 -1.365181 -6.042209
-0.785156 -0.926025 -4.000000 -0.166613 -1.338362 -6.054788
-0.786377 -0.919556 -4.000000 -0.168037 -1.336938 -6.041972
-0.780640 -0.912720 -4.000000 -0.168037 -1.309406 -6.034377
-0.779663 -0.914185 -4.000000 -0.164477 -1.297065 -6.033190
-0.778564 -0.912231 -4.000000 -0.162341 -1.327207 -6.014678
-0.782104 -0.920166 -4.000000 -0.161154 -1.344295 -6.005421
-0.780396 -0.917480 -4.000000 -0.170885 -1.326495 -6.008507
-0.791870 -0.916504 -4.000000 -0.174682 -1.332903 -5.995690
-0.784058 -0.918945 -4.000000 -0.197942 -1.345719 -5.979076
-0.779297 -0.916504 -4.000000 -0.222863 -1.320324 -5.964599
-0.782837 -0.913452 -4.000000 -0.249682 -1.290656 -5.961751
-0.783325 -0.912964 -4.000000 -0.276976 -1.296590 -5.960089
-0.783813 -0.917603 -4.000000 -0.314713 -1.324834 -5.950833
-0.783936 -0.908569 -4.000000 -0.352925 -1.363757 -5.936118
-0.784790 -0.912720 -4.000000 -0.375710 -1.388441 -5.922589
-0.788330 -0.914551 -4.000000 -0.386627 -1.378710 -5.909298
-0.786133 -0.919189 -4.000000 -0.401342 -1.381320 -5.909061
-0.786987 -0.919922 -4.000000 -0.408463 -1.403156 -5.913333
-0.789551 -0.917725 -4.000000 -0.447386 -1.426652 -5.903128
-0.786865 -0.914917 -4.000000 -0.497465 -1.468424 -5.891023
-0.784790 -0.914917 -4.000000 -0.531880 -1.470323 -5.882479
-0.790039 -0.920776 -4.000000 -0.563446 -1.427127 -5.883428
-0.788208 -0.916626 -4.000000 -0.622781 -1.374675 -5.861118
-0.786255 -0.919434 -4.000000 -0.731245 -1.368504 -5.840232
-0.784668 -0.921265 -4.000000 -0.856086 -1.435909 -5.817923
-0.782227 -0.917480 -4.000000 -0.951023 -1.496905 -5.787068
-0.783813 -0.911377 -4.000000 -0.982826 -1.498092 -5.742685
-0.781738 -0.917236 -4.000000 -0.975943 -1.456083 -5.676705
-0.788330 -0.921143 -4.000000 -0.956719 -1.403630 -5.582006
-0.778809 -0.918945 -4.000000 -0.936782 -1.356874 -5.498225
-0.781616 -0.922241 -4.000000 -0.963364 -1.301811 -5.428210
-0.777344 -0.916626 -4.000000 -1.024835 -1.267872 -5.369112
-0.783936 -0.915283 -4.000000 -1.081797 -1.252682 -5.320932
-0.774658 -0.918945 -4.000000 -1.132350 -1.202129 -5.293400
-0.778198 -0.926025 -4.000000 -1.169613 -1.038126 -5.305505
-0.785400 -0.916992 -4.000000 -1.181243 -0.870089 -5.334935
-0.786377 -0.921265 -4.000000 -1.219454 -0.835675 -5.390235
-0.781128 -0.916382 -4.000000 -1.258141 -0.969535 -5.417292
-0.786865 -0.915283 -4.000000 -1.273805 -1.166765 -5.463811
-0.788208 -0.920288 -4.000000 -1.257192 -1.291368 -5.508430
-0.781250 -0.919678 -4.000000 -1.232033 -1.299201 -5.543794
-0.780029 -0.915405 -4.000000 -1.222065 -1.209249 -5.555661
-0.786011 -0.913696 -4.000000 -1.213284 -1.016054 -5.569190
-0.789307 -0.911743 -4.000000 -1.223014 -0.846830 -5.595772
-0.786255 -0.907959 -4.000000 -1.236543 -0.813840 -5.675044
-0.782593 -0.917969 -4.000000 -1.246986 -0.900232 -5.734616
-0.782349 -0.918335 -4.000000 -1.216132 -1.034566 -5.790391
-0.782471 -0.915283 -4.000000 -1.114787 -1.144692 -5.820058
-0.786743 -0.918457 -4.000000 -0.969772 -1.216369 -5.826467
-0.790405 -0.914185 -4.000000 -0.852052 -1.235594 -5.836672
-0.787598 -0.922729 -4.000000 -0.763998 -1.227999 -5.852574
-0.785889 -0.919067 -4.000000 -0.726261 -1.229423 -5.868950
-0.785889 -0.912842 -4.000000 -0.726736 -1.270008 -5.899805
-0.779175 -0.919067 -4.000000 -0.714632 -1.355213 -5.929947
-0.784790 -0.917969 -4.000000 -0.677132 -1.444216 -5.942051
-0.784302 -0.907837 -4.000000 -0.626104 -1.457507 -5.948460
-0.791626 -0.920776 -4.000000 -0.584094 -1.396273 -5.955105
-0.782471 -0.919800 -4.000000 -0.548019 -1.332191 -5.975754
-0.784424 -0.915527 -4.000000 -0.529981 -1.284011 -5.992605
-0.788818 -0.913696 -4.000000 -0.515978 -1.284960 -6.017288
-0.779785 -0.912598 -4.000000 -0.521437 -1.283774 -6.027731
-0.786865 -0.913330 -4.000000 -0.508146 -1.326495 -6.037937
-0.781616 -0.918091 -4.000000 -0.520250 -1.373726 -6.051940
-0.785645 -0.916138 -4.000000 -0.551104 -1.405054 -6.060484
-0.786499 -0.910767 -4.000000 -0.595724 -1.419058 -6.073538
-0.790649 -0.916016 -4.000000 -0.633699 -1.408852 -6.080421
-0.785645 -0.916870 -4.000000 -0.618509 -1.353789 -6.087541
-0.786377 -0.916016 -4.000000 -0.555851 -1.264786 -6.085642
-0.787231 -0.913452 -4.000000 -0.472545 -1.193347 -6.095373
-0.782715 -0.914429 -4.000000 -0.423890 -1.196432 -6.108664
-0.787598 -0.914795 -4.000000 -0.392561 -1.244850 -6.148300
-0.782349 -0.917725 -4.000000 -0.370014 -1.302523 -6.189835
-0.784424 -0.913330 -4.000000 -0.355298 -1.368741 -6.221401
-0.785034 -0.916260 -4.000000 -0.300235 -1.437333 -6.249644
-0.787842 -0.913818 -4.000000 -0.187736 -1.474358 -6.256290
-0.784058 -0.918457 -4.000000 -0.011155 -1.509722 -6.249882
-0.779419 -0.919434 -4.000000 0.149287 -1.526335 -6.239202
-0.787964 -0.919434 -4.000000 0.278875 -1.551968 -6.210009
-0.783325 -0.920288 -4.000000 0.416058 -1.593265 -6.133348
-0.788086 -0.924316 -4.000000 0.567718 -1.584721 -6.103680
-0.789551 -0.921631 -4.000000 0.687812 -1.530133 -6.079946
-0.785156 -0.921021 -4.000000 0.774204 -1.433773 -6.045057
-0.783813 -0.918335 -4.000000 0.841609 -1.385355 -6.042209
-0.793457 -0.924194 -4.000000 0.896434 -1.452523 -6.041972
-0.787231 -0.921997 -4.000000 0.918032 -1.570718 -6.052177
-0.789551 -0.920532 -4.000000 0.931798 -1.677284 -6.070927
-0.785522 -0.916260 -4.000000 0.932985 -1.748961 -6.071402
-0.785889 -0.923096 -4.000000 0.945564 -1.762726 -6.071639
-0.782349 -0.915405 -4.000000 0.962178 -1.763438 -6.074250
-0.788818 -0.917236 -4.000000 0.993744 -1.780290 -6.064281
-0.785645 -0.918579 -4.000000 1.031244 -1.789546 -6.040785
-0.788574 -0.919556 -4.000000 1.044060 -1.742315 -5.994741
-0.782104 -0.915283 -4.000000 1.047857 -1.647616 -5.961276
-0.787354 -0.919800 -4.000000 1.007509 -1.543424 -5.925675
-0.787720 -0.917114 -4.000000 0.924678 -1.441368 -5.899805
-0.786987 -0.919434 -4.000000 0.792954 -1.373726 -5.897906
-0.784302 -0.917725 -4.000000 0.635123 -1.315814 -5.911909
-0.789673 -0.919189 -4.000000 0.484886 -1.304185 -5.946323
-0.784668 -0.916748 -4.000000 0.343669 -1.349517 -5.989045
-0.788330 -0.912109 -4.000000 0.207910 -1.414311 -6.042209
-0.785522 -0.918579 -4.000000 0.114873 -1.486937 -6.072114
-0.781494 -0.923096 -4.000000 0.074525 -1.522301 -6.062146
-0.779785 -0.924194 -4.000000 0.088291 -1.503076 -6.052177
-0.782837 -0.920044 -4.000000 0.122942 -1.427602 -6.010168
-0.784058 -0.925171 -4.000000 0.186312 -1.357824 -5.980026
-0.779053 -0.920166 -4.000000 0.238290 -1.345719 -5.955817
-0.779785 -0.911133 -4.000000 0.241138 -1.389627 -5.947510
-0.788574 -0.916504 -4.000000 0.211708 -1.458931 -5.935881
-0.784790 -0.919312 -4.000000 0.144066 -1.501889 -5.935881
-0.783081 -0.914429 -4.000000 0.054351 -1.504975 -5.944900
-0.791382 -0.917480 -4.000000 -0.031329 -1.497617 -5.960564
-0.788818 -0.919434 -4.000000 -0.086629 -1.486937 -5.979551
-0.788696 -0.920410 -4.000000 -0.110363 -1.476257 -5.985247
-0.786133 -0.918335 -4.000000 -0.093512 -1.477918 -5.968634
-0.791870 -0.913696 -4.000000 -0.054351 -1.471747 -5.954630
-0.788818 -0.919800 -4.000000 -0.034414 -1.444690 -5.886989
-0.787231 -0.917114 -4.000000 -0.040111 -1.523725 -5.886989
-0.786743 -0.922363 -4.000000 -0.043433 -1.429501 -5.918080
-0.790039 -0.921753 -4.000000 -0.105616 -1.337412 -5.937067
-0.784302 -0.915527 -4.000000 -0.182040 -1.365419 -5.912858
-0.786865 -0.911865 -4.000000 -0.249207 -1.415497 -5.895295
-0.792236 -0.915527 -4.000000 -0.241612 -1.428077 -5.890549
-0.789307 -0.920410 -4.000000 -0.191534 -1.410276 -5.868476
-0.777100 -0.916138 -4.000000 -0.157357 -1.411937 -5.821008
-0.789795 -0.909180 -4.000000 -0.128401 -1.423330 -5.795612
-0.790405 -0.916504 -4.000000 -0.091376 -1.421431 -5.785644
-0.783569 -0.908203 -4.000000 -0.083781 -1.462491 -5.792764
-0.785522 -0.914917 -4.000000 -0.071914 -1.514943 -5.808904
-0.782959 -0.916138 -4.000000 -0.055538 -1.529658 -5.833824
-0.788818 -0.917725 -4.000000 -0.056487 -1.501415 -5.868238
-0.786133 -0.912598 -4.000000 -0.097784 -1.452760 -5.914995
-0.785400 -0.912354 -4.000000 -0.187499 -1.386779 -5.991418
-0.778564 -0.917725 -4.000000 -0.323020 -1.293979 -6.094186
-0.785156 -0.920898 -4.000000 -0.481563 -1.216132 -6.224724
-0.791504 -0.923218 -4.000000 -0.663366 -1.167477 -6.374485
-0.787842 -0.911255 -4.000000 -0.868428 -1.145167 -6.522586
-0.785889 -0.920410 -4.000000 -1.090816 -1.143980 -6.670211
-0.782593 -0.917114 -4.000000 -1.308932 -1.176496 -6.803834
-0.788452 -0.917847 -4.000000 -1.506873 -1.212572 -6.899957
-0.781250 -0.924683 -4.000000 -1.689151 -1.215894 -6.933897
-0.792603 -0.910889 -4.000000 -1.856476 -1.215657 -6.945289
-0.788696 -0.913086 -4.000000 -1.964703 -1.245324 -6.931523
-0.786865 -0.911133 -4.000000 -2.014307 -1.311780 -6.886903
-0.783813 -0.919678 -4.000000 -1.998168 -1.400782 -6.819024
-0.783936 -0.916748 -4.000000 -1.878311 -1.459880 -6.703914
-0.787964 -0.917114 -4.000000 -1.683929 -1.466288 -6.545845
-0.779175 -0.909668 -4.000000 -1.449437 -1.434247 -6.364754
-0.788940 -0.917847 -4.000000 -1.219454 -1.426178 -6.195056
