-0.784912 -0.913330 -4.000000 -0.204113 -1.449200 -5.989757
-0.789429 -0.919800 -4.000000 -0.186549 -1.406953 -6.014678
-0.781128 -0.910034 -4.000000 -0.193195 -1.368504 -6.013728
-0.782715 -0.914063 -4.000000 -0.213606 -1.369928 -5.990469
-0.783813 -0.910400 -4.000000 -0.243748 -1.396748 -5.977890
-0.785034 -0.917114 -4.000000 -0.282198 -1.406004 -5.978364
-0.780762 -0.916016 -4.000000 -0.328716 -1.395561 -5.971956
-0.789917 -0.916260 -4.000000 -0.364555 -1.395561 -5.996402
-0.777710 -0.921387 -4.000000 -0.394934 -1.399358 -6.001387
-0.782227 -0.913452 -4.000000 -0.429111 -1.405766 -6.005896
-0.788940 -0.917114 -4.000000 -0.444301 -1.421668 -6.004947
-0.781128 -0.918701 -4.000000 -0.451896 -1.424516 -5.985247
-0.781250 -0.920776 -4.000000 -0.459728 -1.416684 -5.965548
-0.786621 -0.921265 -4.000000 -0.463763 -1.403156 -5.936593
-0.791626 -0.916626 -4.000000 -0.478953 -1.393425 -5.921640
-0.783203 -0.911865 -4.000000 -0.501500 -1.412412 -5.916656
-0.785156 -0.914917 -4.000000 -0.544459 -1.447538 -5.891261
-0.783325 -0.915527 -4.000000 -0.593588 -1.489073 -5.868476
-0.787964 -0.919312 -4.000000 -0.638683 -1.507586 -5.831688
-0.784546 -0.916992 -4.000000 -0.674758 -1.498804 -5.792052
-0.780273 -0.918579 -4.000000 -0.691610 -1.481003 -5.732717
-0.787354 -0.919800 -4.000000 -0.702765 -1.425466 -5.688809
-0.790405 -0.920044 -4.000000 -0.734806 -1.354026 -5.622591
-0.794067 -0.912964 -4.000000 -0.783698 -1.259802 -5.559459
-0.790527 -0.916870 -4.000000 -0.856324 -1.164391 -5.496089
-0.787964 -0.917236 -4.000000 -0.953396 -1.062810 -5.428210
-0.785645 -0.915039 -4.000000 -1.099835 -0.955057 -5.362466
-0.784424 -0.911621 -4.000000 -1.270483 -0.876260 -5.316422
-0.777832 -0.915894 -4.000000 -1.393662 -0.841609 -5.259223
-0.782104 -0.912720 -4.000000 -1.495481 -0.811941 -5.185173
-0.786987 -0.913940 -4.000000 -1.592553 -0.783223 -5.114208
-0.781860 -0.917114 -4.000000 -1.659958 -0.786546 -5.078845
-0.785645 -0.911987 -4.000000 -1.689388 -0.867479 -5.074098
-0.781494 -0.917847 -4.000000 -1.649040 -0.980690 -5.113971
-0.778809 -0.921265 -4.000000 -1.532981 -1.053554 -5.144114
-0.786133 -0.911377 -4.000000 -1.377760 -1.004187 -5.138417
-0.784546 -0.918945 -4.000000 -1.228236 -0.881957 -5.139129
-0.784302 -0.914063 -4.000000 -1.106006 -0.772068 -5.164050
-0.785645 -0.911621 -4.000000 -1.045959 -0.764948 -5.202974
-0.785889 -0.922363 -4.000000 -1.060674 -0.848491 -5.270853
-0.786621 -0.914673 -4.000000 -1.131876 -0.960991 -5.355584
-0.780273 -0.916382 -4.000000 -1.204977 -1.078000 -5.439839
-0.788452 -0.917603 -4.000000 -1.252445 -1.171749 -5.505820
-0.783447 -0.912720 -4.000000 -1.254818 -1.211622 -5.577497
-0.786865 -0.918945 -4.000000 -1.239628 -1.208774 -5.635645
-0.783569 -0.915039 -4.000000 -1.207350 -1.201891 -5.671484
-0.786255 -0.918213 -4.000000 -1.134724 -1.215894 -5.709458
-0.788696 -0.916016 -4.000000 -1.044297 -1.232983 -5.757164
-0.780029 -0.916260 -4.000000 -0.952921 -1.245799 -5.779711
-0.786011 -0.916870 -4.000000 -0.889789 -1.246986 -5.793714
-0.787598 -0.918213 -4.000000 -0.837099 -1.266922 -5.822906
-0.786377 -0.912231 -4.000000 -0.788919 -1.305134 -5.847115
-0.785156 -0.920166 -4.000000 -0.745723 -1.353552 -5.883666
-0.780151 -0.911865 -4.000000 -0.727685 -1.417871 -5.935643
-0.792236 -0.917725 -4.000000 -0.702765 -1.485038 -5.958902
-0.790039 -0.921875 -4.000000 -0.668350 -1.535829 -5.976466
-0.787842 -0.926025 -4.000000 -0.639157 -1.545085 -5.989520
-0.785522 -0.920532 -4.000000 -0.605218 -1.519690 -6.001149
-0.782471 -0.916504 -4.000000 -0.548968 -1.456795 -6.006845
-0.784668 -0.912720 -4.000000 -0.481801 -1.384169 -6.018950
-0.790649 -0.915771 -4.000000 -0.419618 -1.340735 -6.021086
-0.780151 -0.918823 -4.000000 -0.383542 -1.315103 -6.009219
-0.780396 -0.921875 -4.000000 -0.358858 -1.313679 -6.008981
-0.784058 -0.912720 -4.000000 -0.360757 -1.342871 -5.999725
-0.788208 -0.914551 -4.000000 -0.384729 -1.377048 -5.987621
-0.782227 -0.918213 -4.000000 -0.426500 -1.405529 -5.991418
-0.789185 -0.911011 -4.000000 -0.437655 -1.430925 -5.989757
-0.781006 -0.913818 -4.000000 -0.430535 -1.447064 -5.987383
-0.786011 -0.924561 -4.000000 -0.400393 -1.438994 -5.988807
-0.787109 -0.922485 -4.000000 -0.362893 -1.420007 -5.972668
-0.783447 -0.919434 -4.000000 -0.317087 -1.388441 -5.958902
-0.780640 -0.914063 -4.000000 -0.279350 -1.348093 -5.953918
-0.786255 -0.915894 -4.000000 -0.256090 -1.306796 -5.959615
-0.789429 -0.913208 -4.000000 -0.244935 -1.257903 -5.967209
-0.782837 -0.916138 -4.000000 -0.250631 -1.205926 -5.970769
-0.788330 -0.913940 -4.000000 -0.253954 -1.158695 -5.992368
-0.787598 -0.913696 -4.000000 -0.249445 -1.134249 -6.011592
-0.784790 -0.913208 -4.000000 -0.239002 -1.116211 -6.038412
-0.787720 -0.922729 -4.000000 -0.219065 -1.091291 -6.056924
-0.787720 -0.911499 -4.000000 -0.169224 -1.081560 -6.090626
-0.783203 -0.914063 -4.000000 -0.105379 -1.110515 -6.121718
-0.789429 -0.918945 -4.000000 -0.016376 -1.151812 -6.136908
-0.786621 -0.921143 -4.000000 0.097072 -1.197856 -6.135958
-0.783569 -0.920044 -4.000000 0.239476 -1.228236 -6.136433
-0.788574 -0.919312 -4.000000 0.408700 -1.254581 -6.129787
-0.782837 -0.914551 -4.000000 0.581246 -1.293267 -6.131212
-0.784790 -0.915771 -4.000000 0.726736 -1.331242 -6.126939
-0.778320 -0.912720 -4.000000 0.819536 -1.353077 -6.119582
-0.786865 -0.917480 -4.000000 0.821435 -1.380846 -6.101069
-0.790283 -0.919434 -4.000000 0.738603 -1.374912 -6.093237
-0.786621 -0.911743 -4.000000 0.640581 -1.346431 -6.107003
-0.786255 -0.914307 -4.000000 0.606404 -1.400070 -6.149961
-0.786011 -0.916992 -4.000000 0.678556 -1.571193 -6.182714
-0.783813 -0.918457 -4.000000 0.803872 -1.787884 -6.174407
-0.790283 -0.917480 -4.000000 0.922304 -1.943105 -6.150673
-0.789551 -0.916626 -4.000000 1.007035 -1.969924 -6.092288
-0.792603 -0.915405 -4.000000 1.039076 -1.887330 -6.043159
-0.793091 -0.912354 -4.000000 1.014630 -1.775305 -6.001149
-0.781128 -0.919556 -4.000000 0.992794 -1.701493 -5.972194
-0.783569 -0.917114 -4.000000 0.960754 -1.646904 -5.950121
-0.786499 -0.910889 -4.000000 0.898096 -1.616525 -5.933270
-0.784424 -0.910034 -4.000000 0.802685 -1.607031 -5.908587
-0.782227 -0.915894 -4.000000 0.670012 -1.610829 -5.904789
-0.790771 -0.923706 -4.000000 0.527845 -1.606794 -5.916656
-0.789551 -0.913940 -4.000000 0.415583 -1.567870 -5.934456
-0.787354 -0.915161 -4.000000 0.326343 -1.564785 -5.966972
-0.786133 -0.923584 -4.000000 0.287656 -1.537965 -5.987146
-0.791748 -0.919434 -4.000000 0.253954 -1.469848 -5.999725
-0.780884 -0.920654 -4.000000 0.216929 -1.526810 -5.980026
-0.788574 -0.910278 -4.000000 0.155933 -1.594927 -5.960564
-0.786133 -0.909302 -4.000000 0.103480 -1.556478 -5.962937
-0.787109 -0.917480 -4.000000 0.039398 -1.475545 -5.982874
-0.786621 -0.918579 -4.000000 -0.015902 -1.420244 -6.006608
-0.788818 -0.917725 -4.000000 -0.075712 -1.408615 -6.033427
-0.785889 -0.917480 -4.000000 -0.117958 -1.434485 -6.056449
-0.786011 -0.924561 -4.000000 -0.158781 -1.467238 -6.086829
-0.786621 -0.910889 -4.000000 -0.188211 -1.483851 -6.092288
-0.779907 -0.919434 -4.000000 -0.198654 -1.492396 -6.099408
-0.781982 -0.919067 -4.000000 -0.196043 -1.502364 -6.086592
-0.787720 -0.921875 -4.000000 -0.187024 -1.515418 -6.078522
-0.780151 -0.910156 -4.000000 -0.203638 -1.513756 -6.069028
-0.791870 -0.916382 -4.000000 -0.243511 -1.491684 -6.065231
-0.791382 -0.921631 -4.000000 -0.287894 -1.471985 -6.074725
-0.783569 -0.910278 -4.000000 -0.337973 -1.447064 -6.081607
-0.782227 -0.917358 -4.000000 -0.374523 -1.416921 -6.090389
-0.788330 -0.917480 -4.000000 -0.379270 -1.423804 -6.096085
-0.781616 -0.912598 -4.000000 -0.371675 -1.454659 -6.089440
-0.792847 -0.914307 -4.000000 -0.352688 -1.467712 -6.074725
-0.791138 -0.915405 -4.000000 -0.342007 -1.465102 -6.056687
-0.779053 -0.923584 -4.000000 -0.323732 -1.463203 -6.048380
-0.786499 -0.916626 -4.000000 -0.296913 -1.466526 -6.046244
-0.789795 -0.924683 -4.000000 -0.272229 -1.468187 -6.044345
-0.785767 -0.920654 -4.000000 -0.248021 -1.502839 -6.048854
-0.794678 -0.918823 -4.000000 -0.226897 -1.556240 -6.045532
-0.778687 -0.916748 -4.000000 -0.199128 -1.573329 -6.037937
-0.778931 -0.916138 -4.000000 -0.170410 -1.570006 -6.023222
-0.787598 -0.911011 -4.000000 -0.141455 -1.570243 -6.022747
-0.792969 -0.916992 -4.000000 -0.138607 -1.552205 -6.007795
-0.788696 -0.919556 -4.000000 -0.159967 -1.527759 -6.006608
-0.783813 -0.917114 -4.000000 -0.201502 -1.507111 -6.010643
-0.785156 -0.913452 -4.000000 -0.268669 -1.476019 -6.049329
-0.788574 -0.919312 -4.000000 -0.380694 -1.460592 -6.090864
-0.783203 -0.915649 -4.000000 -0.515028 -1.451573 -6.154471
-0.792114 -0.914673 -4.000000 -0.676657 -1.458931 -6.232318
-0.785767 -0.920654 -4.000000 -0.893586 -1.498329 -6.328679
-0.792969 -0.921753 -4.000000 -1.119059 -1.561462 -6.423378
-0.783569 -0.909668 -4.000000 -1.312254 -1.621509 -6.523298
-0.785645 -0.917114 -4.000000 -1.450149 -1.645243 -6.582158
-0.782349 -0.920288 -4.000000 -1.529658 -1.644531 -6.624642
-0.789795 -0.920532 -4.000000 -1.551968 -1.636936 -6.628914
