-0.787598 -0.924683 -4.000000 -0.178955 -1.121196 -5.595297
-0.787842 -0.920044 -4.000000 -0.160442 -1.155135 -5.606452
-0.776978 -0.920898 -4.000000 -0.175394 -1.163205 -5.666025
-0.784302 -0.924194 -4.000000 -0.169461 -1.162018 -5.692607
-0.784912 -0.923950 -4.000000 -0.155221 -1.160119 -5.698066
-0.788818 -0.912231 -4.000000 -0.126265 -1.169613 -5.716341
-0.785156 -0.924072 -4.000000 -0.112737 -1.145404 -5.721087
-0.780273 -0.921021 -4.000000 -0.107040 -1.126417 -5.736515
-0.791138 -0.921875 -4.000000 -0.112025 -1.129502 -5.751942
-0.783813 -0.917847 -4.000000 -0.128876 -1.176970 -5.750755
-0.790649 -0.917114 -4.000000 -0.183227 -1.254106 -5.746720
-0.781006 -0.920288 -4.000000 -0.256090 -1.327919 -5.745059
-0.776489 -0.916748 -4.000000 -0.328716 -1.382745 -5.757401
-0.787720 -0.917236 -4.000000 -0.374998 -1.415972 -5.761910
-0.791016 -0.916382 -4.000000 -0.386627 -1.435197 -5.752417
-0.777954 -0.920288 -4.000000 -0.382355 -1.453472 -5.750043
-0.783569 -0.915894 -4.000000 -0.367877 -1.420719 -5.700202
-0.777710 -0.915039 -4.000000 -0.362656 -1.292081 -5.610013
-0.786255 -0.919922 -4.000000 -0.388526 -1.252445 -5.621642
-0.790649 -0.915283 -4.000000 -0.421042 -1.259565 -5.590550
-0.787476 -0.921997 -4.000000 -0.479427 -1.244375 -5.559696
-0.787354 -0.920776 -4.000000 -0.563446 -1.256242 -5.552814
-0.784180 -0.920166 -4.000000 -0.633461 -1.290894 -5.547117
-0.786743 -0.922729 -4.000000 -0.683303 -1.292793 -5.534063
-0.782349 -0.910889 -4.000000 -0.746435 -1.266685 -5.486358
-0.783691 -0.918213 -4.000000 -0.773729 -1.293979 -5.457640
-0.778442 -0.910767 -4.000000 -0.761388 -1.424279 -5.450994
-0.786743 -0.921631 -4.000000 -0.674284 -1.622458 -5.449808
-0.786499 -0.914795 -4.000000 -0.600708 -1.811856 -5.423463
-0.784546 -0.915161 -4.000000 -0.533778 -1.850780 -5.394507
-0.782104 -0.917480 -4.000000 -0.389713 -1.920320 -5.365552
-0.788696 -0.921387 -4.000000 -0.202451 -1.829656 -5.307641
-0.785400 -0.918945 -4.000000 -0.233068 -1.655211 -5.177341
-0.786865 -0.919678 -4.000000 -0.435519 -1.489785 -5.019035
-0.783203 -0.920044 -4.000000 -0.647227 -1.352840 -4.948308
-0.784790 -0.911499 -4.000000 -0.972620 -1.084882 -4.953766
-0.784912 -0.919556 -4.000000 -1.265498 -0.802685 -5.014525
-0.775269 -0.916870 -4.000000 -1.364707 -0.722938 -5.135807
-0.785767 -0.920654 -4.000000 -1.374675 -0.820485 -5.212467
-0.785522 -0.915894 -4.000000 -1.337650 -0.979978 -5.292926
-0.790405 -0.917480 -4.000000 -1.244375 -1.149202 -5.309777
-0.790283 -0.914063 -4.000000 -1.098648 -1.189312 -5.305742
-0.787231 -0.922729 -4.000000 -0.943190 -1.147303 -5.324255
-0.783569 -0.913330 -4.000000 -0.830454 -1.096275 -5.366026
-0.786011 -0.917725 -4.000000 -0.765185 -1.017952 -5.393558
-0.786621 -0.919312 -4.000000 -0.747147 -0.932985 -5.408036
-0.789063 -0.917603 -4.000000 -0.750707 -0.915421 -5.442688
-0.782959 -0.919556 -4.000000 -0.738603 -0.980927 -5.485883
-0.790039 -0.921387 -4.000000 -0.730059 -1.056876 -5.497750
-0.782471 -0.920532 -4.000000 -0.748334 -1.105294 -5.506532
-0.788818 -0.920898 -4.000000 -0.773967 -1.127841 -5.491817
-0.788818 -0.920166 -4.000000 -0.812890 -1.111227 -5.473779
-0.786255 -0.916626 -4.000000 -0.831166 -1.150388 -5.549016
-0.787598 -0.924561 -4.000000 -0.810042 -1.188363 -5.519823
-0.789551 -0.920044 -4.000000 -0.791530 -1.180768 -5.532402
-0.785278 -0.916870 -4.000000 -0.773017 -1.154186 -5.550440
-0.788452 -0.918579 -4.000000 -0.712970 -1.190024 -5.603129
-0.791138 -0.912598 -4.000000 -0.639632 -1.276179 -5.641579
-0.784302 -0.917358 -4.000000 -0.553003 -1.376099 -5.673619
-0.784424 -0.918701 -4.000000 -0.497940 -1.415497 -5.703525
-0.782227 -0.909424 -4.000000 -0.472782 -1.405292 -5.706610
-0.787231 -0.916748 -4.000000 -0.449522 -1.420956 -5.723698
-0.788330 -0.910400 -4.000000 -0.429111 -1.444453 -5.735803
-0.789795 -0.919434 -4.000000 -0.401580 -1.439469 -5.731531
-0.788330 -0.917236 -4.000000 -0.356485 -1.424991 -5.734616
-0.792480 -0.923950 -4.000000 -0.299286 -1.443266 -5.735328
-0.790039 -0.912354 -4.000000 -0.228796 -1.522775 -5.755027
-0.782471 -0.914429 -4.000000 -0.167088 -1.554104 -5.769742
-0.787598 -0.913452 -4.000000 -0.109651 -1.582110 -5.769268
-0.786499 -0.918945 -4.000000 -0.095173 -1.565971 -5.770929
-0.789063 -0.915527 -4.000000 -0.090189 -1.528709 -5.770692
-0.786255 -0.918091 -4.000000 -0.084730 -1.512332 -5.759062
-0.782959 -0.919678 -4.000000 -0.110601 -1.492158 -5.731056
-0.779663 -0.917969 -4.000000 -0.096835 -1.446114 -5.710170
-0.784546 -0.918213 -4.000000 -0.061946 -1.342159 -5.671958
-0.788452 -0.919800 -4.000000 -0.010206 -1.190024 -5.621879
-0.787720 -0.916504 -4.000000 0.082120 -1.049044 -5.583193
-0.789551 -0.919189 -4.000000 0.169224 -0.944614 -5.562307
-0.787720 -0.922241 -4.000000 0.224524 -0.857036 -5.577497
-0.787720 -0.922363 -4.000000 0.257514 -0.843745 -5.575598
-0.787354 -0.921265 -4.000000 0.256565 -0.873650 -5.577497
-0.787842 -0.922241 -4.000000 0.269381 -0.949124 -5.619981
-0.776367 -0.917480 -4.000000 0.322071 -1.136385 -5.627101
-0.782715 -0.929077 -4.000000 0.428874 -1.377523 -5.635170
-0.786255 -0.917847 -4.000000 0.489158 -1.601098 -5.612623
-0.789307 -0.914551 -4.000000 0.535202 -1.839150 -5.623303
-0.785156 -0.916504 -4.000000 0.550155 -2.043500 -5.680740
-0.789307 -0.918945 -4.000000 0.478241 -2.147930 -5.696641
-0.788452 -0.919922 -4.000000 0.433383 -2.143657 -5.705423
-0.786133 -0.922974 -4.000000 0.484886 -2.012408 -5.727971
-0.786621 -0.913574 -4.000000 0.620170 -1.808533 -5.737701
-0.783691 -0.922729 -4.000000 0.703002 -1.626256 -5.730106
-0.790161 -0.909424 -4.000000 0.717954 -1.508535 -5.749094
-0.786133 -0.918579 -4.000000 0.699442 -1.492633 -5.795612
-0.783081 -0.921509 -4.000000 0.628240 -1.557664 -5.821008
-0.786743 -0.915527 -4.000000 0.541136 -1.652838 -5.855897
-0.782104 -0.922607 -4.000000 0.456880 -1.694135 -5.894583
-0.781128 -0.917236 -4.000000 0.394460 -1.659246 -5.898143
-0.787842 -0.922119 -4.000000 0.362656 -1.599436 -5.890549
-0.783447 -0.918579 -4.000000 0.333226 -1.521351 -5.872985
-0.788818 -0.919067 -4.000000 0.264872 -1.461067 -5.841894
-0.785278 -0.918945 -4.000000 0.220964 -1.408377 -5.833112
-0.786133 -0.912354 -4.000000 0.170648 -1.368029 -5.825280
-0.787720 -0.913574 -4.000000 0.075712 -1.335276 -5.820058
-0.783691 -0.924438 -4.000000 -0.019937 -1.291606 -5.808904
-0.778198 -0.920776 -4.000000 -0.084018 -1.274517 -5.814837
-0.789307 -0.914307 -4.000000 -0.115347 -1.331716 -5.820296
-0.783447 -0.922119 -4.000000 -0.147863 -1.433535 -5.803445
-0.790771 -0.918823 -4.000000 -0.182040 -1.524911 -5.783033
-0.783081 -0.917236 -4.000000 -0.271043 -1.594689 -5.720613
-0.781738 -0.922119 -4.000000 -0.318985 -1.624357 -5.652971
-0.790161 -0.920898 -4.000000 -0.322783 -1.567158 -5.603367
-0.787476 -0.921875 -4.000000 -0.318985 -1.494769 -5.574174
-0.791504 -0.914917 -4.000000 -0.318273 -1.410039 -5.567291
-0.788330 -0.916504 -4.000000 -0.264872 -1.298251 -5.558509
-0.786987 -0.921631 -4.000000 -0.226185 -1.212097 -5.587465
-0.783936 -0.919800 -4.000000 -0.223100 -1.201654 -5.638493
-0.788940 -0.919556 -4.000000 -0.321121 -1.327682 -5.720613
-0.785645 -0.921387 -4.000000 -0.552528 -1.555528 -5.815311
-0.786865 -0.922363 -4.000000 -0.870802 -1.804024 -5.935406
-0.789551 -0.912231 -4.000000 -1.156559 -1.971823 -6.042921
-0.780151 -0.919556 -4.000000 -1.329106 -1.980130 -6.121480
-0.786621 -0.915039 -4.000000 -1.369691 -1.874514 -6.189123
-0.788208 -0.918823 -4.000000 -1.397934 -1.749673 -6.221876
-0.781250 -0.915649 -4.000000 -1.388678 -1.636936 -6.255578
-0.786011 -0.911133 -4.000000 -1.370878 -1.576651 -6.274803
-0.783081 -0.925537 -4.000000 -1.333615 -1.540101 -6.292603
-0.779053 -0.913574 -4.000000 -1.293979 -1.479342 -6.317523
-0.777100 -0.914063 -4.000000 -1.214470 -1.399121 -6.325830
-0.778198 -0.919312 -4.000000 -1.109091 -1.292318 -6.333900
-0.784546 -0.914917 -4.000000 -1.016528 -1.196670 -6.322033
-0.783569 -0.915894 -4.000000 -0.913760 -1.146354 -6.309217
-0.790039 -0.916748 -4.000000 -0.919456 -1.175784 -6.322745
-0.789673 -0.916626 -4.000000 -1.112414 -1.336938 -6.294264
-0.780884 -0.922852 -4.000000 -1.382507 -1.500228 -6.232081
-0.785889 -0.914795 -4.000000 -1.481715 -1.518741 -6.160167
-0.787476 -0.911499 -4.000000 -1.396273 -1.477918 -6.082794
-0.791504 -0.920044 -4.000000 -1.220641 -1.458693 -6.019424
-0.795288 -0.919312 -4.000000 -1.019851 -1.459168 -5.962462
-0.783203 -0.921509 -4.000000 -0.840422 -1.491209 -5.909298
-0.783936 -0.920654 -4.000000 -0.684252 -1.542237 -5.865153
-0.788940 -0.928101 -4.000000 -0.528794 -1.566208 -5.832400
-0.781006 -0.920776 -4.000000 -0.398494 -1.536304 -5.789442
-0.786011 -0.919067 -4.000000 -0.309254 -1.466763 -5.751230
-0.785522 -0.917603 -4.000000 -0.256090 -1.338125 -5.716815
-0.788818 -0.920166 -4.000000 -0.235679 -1.221828 -5.699964
-0.787231 -0.919312 -4.000000 -0.245647 -1.197856 -5.720376
-0.784424 -0.914551 -4.000000 -0.292641 -1.220404 -5.743872
-0.790405 -0.918335 -4.000000 -0.362893 -1.283536 -5.779948
-0.778076 -0.916138 -4.000000 -0.418431 -1.409801 -5.799647
