-0.788574 -0.914795 -4.000000 -0.218353 -1.271907 -5.945374
-0.786133 -0.917603 -4.000000 -0.200790 -1.270720 -5.935168
-0.787354 -0.918335 -4.000000 -0.171834 -1.277603 -5.947748
-0.787598 -0.922485 -4.000000 -0.181091 -1.307270 -5.946086
-0.780762 -0.914917 -4.000000 -0.212894 -1.332428 -5.942051
-0.783203 -0.918457 -4.000000 -0.269144 -1.348093 -5.950358
-0.784180 -0.915527 -4.000000 -0.320409 -1.376811 -5.957953
-0.783325 -0.918579 -4.000000 -0.353162 -1.406241 -5.977890
-0.784912 -0.916504 -4.000000 -0.365029 -1.418108 -5.975279
-0.793213 -0.912842 -4.000000 -0.365979 -1.393188 -5.961988
-0.786987 -0.911743 -4.000000 -0.349602 -1.356400 -5.966972
-0.791626 -0.922241 -4.000000 -0.329666 -1.334327 -5.973855
-0.783325 -0.918213 -4.000000 -0.314713 -1.335989 -5.966497
-0.788330 -0.920166 -4.000000 -0.318273 -1.359960 -5.953444
-0.788086 -0.919189 -4.000000 -0.324444 -1.390102 -5.944425
-0.788818 -0.924316 -4.000000 -0.350314 -1.416684 -5.928761
-0.792236 -0.920166 -4.000000 -0.368589 -1.425703 -5.920454
-0.784546 -0.911621 -4.000000 -0.374998 -1.447064 -5.919741
-0.784668 -0.919189 -4.000000 -0.386153 -1.478155 -5.910010
-0.783936 -0.916260 -4.000000 -0.412260 -1.505212 -5.898143
-0.781006 -0.917358 -4.000000 -0.444538 -1.534642 -5.900042
-0.787476 -0.914063 -4.000000 -0.496753 -1.579262 -5.902653
-0.789795 -0.914063 -4.000000 -0.561547 -1.635512 -5.877732
-0.788696 -0.914673 -4.000000 -0.625392 -1.676097 -5.853761
-0.781128 -0.919067 -4.000000 -0.690186 -1.701255 -5.829790
-0.782104 -0.917114 -4.000000 -0.763998 -1.733059 -5.815786
-0.784424 -0.915405 -4.000000 -0.843033 -1.790258 -5.798460
-0.786133 -0.919556 -4.000000 -0.922067 -1.851729 -5.766657
-0.787109 -0.914185 -4.000000 -1.003475 -1.879735 -5.739838
-0.781860 -0.912720 -4.000000 -1.068743 -1.893501 -5.693081
-0.780518 -0.913330 -4.000000 -1.093189 -1.906792 -5.621405
-0.782227 -0.912354 -4.000000 -1.081322 -1.903232 -5.543557
-0.785156 -0.914307 -4.000000 -1.038364 -1.862172 -5.461437
-0.784424 -0.924683 -4.000000 -0.990896 -1.768422 -5.380030
-0.783569 -0.914673 -4.000000 -0.974757 -1.620559 -5.298859
-0.778931 -0.916382 -4.000000 -1.003237 -1.464390 -5.240473
-0.778076 -0.918335 -4.000000 -1.052604 -1.362571 -5.216027
-0.781128 -0.919556 -4.000000 -1.130214 -1.312017 -5.229319
-0.778442 -0.921387 -4.000000 -1.235356 -1.283774 -5.244983
-0.781494 -0.914551 -4.000000 -1.343821 -1.220641 -5.252578
-0.784912 -0.917114 -4.000000 -1.436621 -1.118822 -5.269666
-0.780640 -0.921631 -4.000000 -1.517791 -1.014867 -5.301470
-0.787354 -0.916626 -4.000000 -1.585196 -0.949598 -5.368875
-0.791626 -0.925903 -4.000000 -1.640021 -0.924915 -5.449333
-0.778442 -0.918945 -4.000000 -1.657347 -0.933222 -5.493478
-0.788940 -0.911133 -4.000000 -1.628392 -0.928713 -5.528367
-0.783813 -0.918335 -4.000000 -1.584009 -0.909488 -5.582955
-0.788452 -0.917114 -4.000000 -1.543661 -0.902605 -5.611436
-0.788574 -0.915161 -4.000000 -1.524199 -0.962178 -5.644189
-0.788086 -0.914307 -4.000000 -1.534642 -1.071354 -5.663651
-0.784546 -0.913330 -4.000000 -1.527285 -1.186464 -5.683113
-0.784058 -0.916260 -4.000000 -1.445165 -1.259565 -5.697591
-0.785400 -0.917847 -4.000000 -1.263600 -1.260040 -5.712780
-0.781616 -0.916382 -4.000000 -1.033854 -1.194059 -5.725834
-0.780640 -0.920410 -4.000000 -0.814789 -1.100072 -5.730581
-0.784302 -0.918457 -4.000000 -0.653398 -1.012019 -5.766419
-0.787354 -0.915649 -4.000000 -0.565107 -0.958855 -5.746246
-0.781860 -0.917358 -4.000000 -0.508146 -0.939868 -5.767132
-0.787109 -0.919678 -4.000000 -0.499601 -0.999915 -5.818635
-0.782837 -0.910278 -4.000000 -0.538525 -1.105531 -5.867527
-0.781982 -0.921509 -4.000000 -0.595487 -1.194296 -5.885090
-0.788208 -0.914307 -4.000000 -0.616847 -1.228711 -5.910960
-0.781982 -0.918091 -4.000000 -0.605692 -1.230372 -5.935643
-0.782471 -0.915649 -4.000000 -0.578873 -1.220404 -5.957479
-0.786499 -0.913330 -4.000000 -0.527370 -1.206875 -5.992130
-0.782837 -0.917847 -4.000000 -0.473257 -1.224676 -6.008032
-0.784180 -0.907471 -4.000000 -0.421754 -1.253394 -6.016339
-0.784912 -0.919922 -4.000000 -0.385678 -1.268584 -6.022510
-0.786011 -0.916504 -4.000000 -0.345330 -1.277603 -6.024646
-0.792114 -0.916870 -4.000000 -0.313764 -1.294454 -6.030342
-0.785522 -0.914795 -4.000000 -0.302134 -1.307033 -6.025833
-0.789185 -0.913940 -4.000000 -0.289792 -1.298251 -6.020848
-0.783936 -0.913208 -4.000000 -0.271280 -1.271432 -6.022035
-0.782593 -0.919189 -4.000000 -0.260600 -1.237730 -6.017763
-0.786011 -0.918945 -4.000000 -0.247071 -1.201891 -6.043159
-0.794678 -0.915527 -4.000000 -0.233305 -1.161543 -6.058823
-0.791992 -0.919922 -4.000000 -0.222625 -1.120958 -6.070690
-0.779175 -0.911865 -4.000000 -0.223337 -1.096275 -6.088727
-0.782959 -0.915771 -4.000000 -0.247546 -1.089155 -6.103443
-0.783447 -0.913818 -4.000000 -0.218828 -1.113126 -6.122430
-0.793457 -0.921143 -4.000000 -0.154509 -1.172698 -6.164677
-0.786011 -0.915283 -4.000000 -0.076424 -1.217793 -6.191021
-0.784546 -0.917236 -4.000000 0.027294 -1.239866 -6.205499
-0.782715 -0.918091 -4.000000 0.092325 -1.234882 -6.214043
-0.788208 -0.911499 -4.000000 0.086155 -1.206401 -6.247746
-0.784424 -0.918945 -4.000000 0.042009 -1.222777 -6.299486
-0.787842 -0.916504 -4.000000 0.024209 -1.326020 -6.332239
-0.787964 -0.912354 -4.000000 0.148338 -1.518978 -6.350989
-0.784912 -0.917358 -4.000000 0.488446 -1.803786 -6.288568
-0.783813 -0.915649 -4.000000 0.971196 -2.172376 -6.183189
-0.791870 -0.916016 -4.000000 1.456083 -2.463592 -6.040785
-0.789795 -0.919434 -4.000000 1.895162 -2.559240 -5.895058
-0.782593 -0.920898 -4.000000 2.227676 -2.463355 -5.800122
-0.783203 -0.922607 -4.000000 2.363672 -2.257106 -5.755977
-0.789063 -0.922363 -4.000000 2.242154 -2.061063 -5.742448
-0.795166 -0.919067 -4.000000 1.972298 -1.908453 -5.764046
-0.783447 -0.918579 -4.000000 1.606794 -1.841523 -5.819584
-0.791504 -0.915161 -4.000000 1.180293 -1.877836 -5.894346
-0.788940 -0.918457 -4.000000 0.757353 -1.938595 -5.977178
-0.781860 -0.910522 -4.000000 0.430061 -1.942156 -6.070453
-0.793091 -0.915527 -4.000000 0.214793 -1.902994 -6.130262
-0.787109 -0.921753 -4.000000 0.144778 -1.850542 -6.171322
-0.782349 -0.926147 -4.000000 0.197467 -1.864308 -6.172509
-0.787964 -0.916992 -4.000000 0.315188 -1.816840 -6.139281
-0.780396 -0.916992 -4.000000 0.393510 -1.729024 -6.064994
-0.784546 -0.919189 -4.000000 0.461627 -1.698407 -5.985960
-0.785767 -0.921387 -4.000000 0.453320 -1.738518 -5.917368
-0.785034 -0.913818 -4.000000 0.381406 -1.709799 -5.908824
-0.780884 -0.916382 -4.000000 0.289555 -1.631002 -5.946323
-0.789307 -0.921631 -4.000000 0.192958 -1.600148 -5.974567
-0.787231 -0.919800 -4.000000 0.107752 -1.639072 -5.990706
-0.787598 -0.913574 -4.000000 0.051028 -1.690812 -5.991893
-0.790161 -0.915161 -4.000000 0.033702 -1.701967 -5.988095
-0.788818 -0.917114 -4.000000 0.027769 -1.670401 -6.002336
-0.784790 -0.912842 -4.000000 -0.005696 -1.633851 -6.010406
-0.784302 -0.926147 -4.000000 -0.048180 -1.627680 -6.023459
-0.786621 -0.911133 -4.000000 -0.104192 -1.639072 -6.008032
-0.788330 -0.916748 -4.000000 -0.130062 -1.656160 -5.998301
-0.784302 -0.915405 -4.000000 -0.133385 -1.655448 -5.980263
-0.777710 -0.914551 -4.000000 -0.130300 -1.639072 -5.976703
-0.782715 -0.916992 -4.000000 -0.110126 -1.601098 -5.962937
-0.785034 -0.917114 -4.000000 -0.114873 -1.557427 -5.942763
-0.780029 -0.915283 -4.000000 -0.131961 -1.534405 -5.943713
-0.783691 -0.921509 -4.000000 -0.160205 -1.522775 -5.944900
-0.788940 -0.918091 -4.000000 -0.173970 -1.489073 -5.949883
-0.787842 -0.919434 -4.000000 -0.175869 -1.473883 -5.961039
-0.786621 -0.920410 -4.000000 -0.169698 -1.481953 -5.982162
-0.789307 -0.916748 -4.000000 -0.160442 -1.499991 -6.010643
-0.788330 -0.918945 -4.000000 -0.139793 -1.518741 -6.046481
-0.791992 -0.917480 -4.000000 -0.132199 -1.563598 -6.084930
-0.783813 -0.918701 -4.000000 -0.121756 -1.630053 -6.130262
-0.784302 -0.919556 -4.000000 -0.128401 -1.670401 -6.171559
-0.784180 -0.919556 -4.000000 -0.136708 -1.663755 -6.200515
-0.786499 -0.923828 -4.000000 -0.148575 -1.582348 -6.229708
-0.788086 -0.919922 -4.000000 -0.194382 -1.446826 -6.265309
-0.781738 -0.918457 -4.000000 -0.262973 -1.287096 -6.302334
-0.785645 -0.912720 -4.000000 -0.311153 -1.166528 -6.338884
-0.780884 -0.912598 -4.000000 -0.378083 -1.085832 -6.373536
-0.786499 -0.920654 -4.000000 -0.500788 -1.054503 -6.430735
-0.787598 -0.914063 -4.000000 -0.697068 -1.095088 -6.509532
-0.786865 -0.922241 -4.000000 -0.934171 -1.172224 -6.600433
-0.787476 -0.918701 -4.000000 -1.172461 -1.235594 -6.678043
-0.784058 -0.920776 -4.000000 -1.387254 -1.288995 -6.750670
-0.780762 -0.919189 -4.000000 -1.546035 -1.325308 -6.790306
-0.773682 -0.917236 -4.000000 -1.627917 -1.338599 -6.797188
-0.781494 -0.913330 -4.000000 -1.635037 -1.334090 -6.781287
-0.786987 -0.922363 -4.000000 -1.587569 -1.308932 -6.717442
-0.784790 -0.920410 -4.000000 -1.479342 -1.230372 -6.633898
-0.785400 -0.910400 -4.000000 -1.358536 -1.104582 -6.524485
-0.789063 -0.921753 -4.000000 -1.239391 -0.996117 -6.419343
