-0.785767 -0.917603 -4.000000 -0.270331 -1.243663 -5.983348
-0.779419 -0.918823 -4.000000 -0.264160 -1.237730 -5.991418
-0.776123 -0.923828 -4.000000 -0.303796 -1.260277 -5.981450
-0.788330 -0.916382 -4.000000 -0.363843 -1.305134 -5.987858
-0.781738 -0.918945 -4.000000 -0.428162 -1.348567 -5.997589
-0.785522 -0.912231 -4.000000 -0.488209 -1.387017 -6.007320
-0.787476 -0.919067 -4.000000 -0.532354 -1.413836 -6.005896
-0.789795 -0.923828 -4.000000 -0.549205 -1.450149 -6.001149
-0.782104 -0.920776 -4.000000 -0.553715 -1.467475 -5.998301
-0.784180 -0.917847 -4.000000 -0.548968 -1.506161 -5.985010
-0.782959 -0.914917 -4.000000 -0.553715 -1.553155 -5.954393
-0.782593 -0.912964 -4.000000 -0.555851 -1.577601 -5.888887
-0.784546 -0.915527 -4.000000 -0.585756 -1.553630 -5.833587
-0.782715 -0.918945 -4.000000 -0.654585 -1.493582 -5.777100
-0.785889 -0.923462 -4.000000 -0.786546 -1.435434 -5.704474
-0.787842 -0.921997 -4.000000 -0.945801 -1.410039 -5.642053
-0.783569 -0.914185 -4.000000 -1.114313 -1.438045 -5.595772
-0.785278 -0.916504 -4.000000 -1.277840 -1.517554 -5.544032
-0.788574 -0.916992 -4.000000 -1.383219 -1.639547 -5.470694
-0.780762 -0.916992 -4.000000 -1.442317 -1.753707 -5.372910
-0.789795 -0.919800 -4.000000 -1.457269 -1.780764 -5.244508
-0.789307 -0.914673 -4.000000 -1.404105 -1.650227 -5.122990
-0.781372 -0.910034 -4.000000 -1.281638 -1.354738 -5.030902
-0.788086 -0.920044 -4.000000 -1.139945 -0.979029 -4.968719
-0.788208 -0.923218 -4.000000 -1.051417 -0.705138 -4.943324
-0.790405 -0.914307 -4.000000 -1.043823 -0.623256 -4.959463
-0.788330 -0.914673 -4.000000 -1.101734 -0.744299 -5.019984
-0.782349 -0.914551 -4.000000 -1.159170 -0.971196 -5.093797
-0.791626 -0.919556 -4.000000 -1.173885 -1.174597 -5.185885
-0.785889 -0.914917 -4.000000 -1.172936 -1.286859 -5.274651
-0.781250 -0.910889 -4.000000 -1.157983 -1.321748 -5.348226
-0.783325 -0.918579 -4.000000 -1.137335 -1.325783 -5.417767
-0.785400 -0.920776 -4.000000 -1.091053 -1.321273 -5.448858
-0.786865 -0.917480 -4.000000 -1.007035 -1.286622 -5.479238
-0.787231 -0.917847 -4.000000 -0.933222 -1.209723 -5.512465
-0.785645 -0.921509 -4.000000 -0.914235 -1.096037 -5.551152
-0.790405 -0.914429 -4.000000 -0.919931 -1.006086 -5.608114
-0.786377 -0.917114 -4.000000 -0.954108 -0.991608 -5.675044
-0.788940 -0.911255 -4.000000 -0.976893 -1.035041 -5.768556
-0.786255 -0.915894 -4.000000 -0.985437 -1.131401 -5.839758
-0.785278 -0.919312 -4.000000 -0.962652 -1.251021 -5.886514
-0.785522 -0.919678 -4.000000 -0.914235 -1.345482 -5.923539
-0.785645 -0.913086 -4.000000 -0.851340 -1.353552 -5.944900
-0.786255 -0.925171 -4.000000 -0.778951 -1.301811 -5.923539
-0.785400 -0.917847 -4.000000 -0.694932 -1.243900 -5.902653
-0.781494 -0.912598 -4.000000 -0.620170 -1.211385 -5.907875
-0.784058 -0.919678 -4.000000 -0.559174 -1.211859 -5.909536
-0.787476 -0.916748 -4.000000 -0.559174 -1.225151 -5.916656
-0.787109 -0.918213 -4.000000 -0.600471 -1.268109 -5.929710
-0.789551 -0.915283 -4.000000 -0.629664 -1.335039 -5.942051
-0.790283 -0.913818 -4.000000 -0.649126 -1.385355 -5.963175
-0.790527 -0.923950 -4.000000 -0.638208 -1.419058 -5.979076
-0.787964 -0.918457 -4.000000 -0.591927 -1.415735 -5.992368
-0.789795 -0.914673 -4.000000 -0.520962 -1.375862 -5.980026
-0.788086 -0.911255 -4.000000 -0.462339 -1.336463 -5.953444
-0.787231 -0.915405 -4.000000 -0.447624 -1.312017 -5.937542
-0.785889 -0.911499 -4.000000 -0.447386 -1.288758 -5.931134
-0.785400 -0.916016 -4.000000 -0.464712 -1.281400 -5.928286
-0.781982 -0.916138 -4.000000 -0.480139 -1.288520 -5.938491
-0.785889 -0.916016 -4.000000 -0.491769 -1.293505 -5.948697
-0.782227 -0.918213 -4.000000 -0.506247 -1.296827 -5.951545
-0.784912 -0.915649 -4.000000 -0.517164 -1.290419 -5.958190
-0.781860 -0.922119 -4.000000 -0.518114 -1.281638 -5.969346
-0.787231 -0.913208 -4.000000 -0.500551 -1.285435 -5.979551
-0.792969 -0.912842 -4.000000 -0.460440 -1.294217 -5.979076
-0.789185 -0.918579 -4.000000 -0.430298 -1.303473 -5.985247
-0.789917 -0.917236 -4.000000 -0.404191 -1.301574 -5.991893
-0.785522 -0.916016 -4.000000 -0.360995 -1.297302 -6.000437
-0.791626 -0.919067 -4.000000 -0.316612 -1.303236 -5.997826
-0.786255 -0.913452 -4.000000 -0.223812 -1.289470 -5.964124
-0.786621 -0.914551 -4.000000 -0.117483 -1.232745 -5.927099
-0.783081 -0.921509 -4.000000 -0.037262 -1.130214 -5.893159
-0.787842 -0.918091 -4.000000 -0.020411 -1.038838 -5.873697
-0.786011 -0.916992 -4.000000 -0.046281 -0.988997 -5.909773
-0.783203 -0.917236 -4.000000 -0.123892 -0.985912 -5.991418
-0.790039 -0.919067 -4.000000 -0.210521 -1.023649 -6.092288
-0.783691 -0.916992 -4.000000 -0.193907 -1.095563 -6.158031
-0.787598 -0.916992 -4.000000 -0.087341 -1.151812 -6.174882
-0.783325 -0.914063 -4.000000 0.061471 -1.159407 -6.179866
-0.792358 -0.914063 -4.000000 0.232356 -1.153948 -6.170372
-0.786377 -0.920654 -4.000000 0.423178 -1.152999 -6.177256
-0.794678 -0.915161 -4.000000 0.607828 -1.170800 -6.175357
-0.793457 -0.916992 -4.000000 0.763049 -1.218030 -6.187224
-0.781982 -0.913208 -4.000000 0.852052 -1.281163 -6.189123
-0.796143 -0.911621 -4.000000 0.878634 -1.314865 -6.200040
-0.791504 -0.910767 -4.000000 0.876735 -1.298251 -6.220451
-0.780151 -0.918579 -4.000000 0.873412 -1.285198 -6.235641
-0.788086 -0.920044 -4.000000 0.878396 -1.376099 -6.211432
-0.787842 -0.916138 -4.000000 0.928238 -1.583060 -6.186275
-0.784058 -0.918091 -4.000000 0.998491 -1.770558 -6.186275
-0.781738 -0.920532 -4.000000 1.039788 -1.872378 -6.179629
-0.784668 -0.911743 -4.000000 1.022699 -1.898485 -6.161354
-0.780273 -0.927612 -4.000000 0.944614 -1.863121 -6.153996
-0.785767 -0.921143 -4.000000 0.825469 -1.790495 -6.135484
-0.789429 -0.912354 -4.000000 0.710359 -1.707901 -6.123617
-0.785522 -0.918945 -4.000000 0.618983 -1.655686 -6.100832
-0.784302 -0.917236 -4.000000 0.552291 -1.611778 -6.053601
-0.782715 -0.918091 -4.000000 0.516215 -1.532269 -6.023934
-0.786865 -0.917847 -4.000000 0.488921 -1.436146 -6.001624
-0.780640 -0.913086 -4.000000 0.430298 -1.389390 -5.980975
-0.787964 -0.922241 -4.000000 0.342245 -1.409089 -6.005421
-0.786255 -0.909424 -4.000000 0.204350 -1.496668 -5.999488
-0.778687 -0.917969 -4.000000 0.109651 -1.483851 -6.029630
-0.788330 -0.915527 -4.000000 0.072151 -1.335276 -6.059298
-0.781494 -0.917969 -4.000000 0.040585 -1.398884 -6.038649
-0.785645 -0.920532 -4.000000 0.044383 -1.529184 -6.004234
-0.782837 -0.920410 -4.000000 0.075949 -1.561224 -5.976466
-0.785889 -0.914673 -4.000000 0.099446 -1.531794 -5.964124
-0.788452 -0.915527 -4.000000 0.077136 -1.542237 -5.957953
-0.784302 -0.911621 -4.000000 0.023734 -1.579974 -5.951070
-0.783447 -0.922974 -4.000000 -0.049129 -1.623882 -5.960327
-0.779663 -0.908936 -4.000000 -0.113211 -1.626968 -5.953207
-0.782593 -0.920898 -4.000000 -0.155221 -1.603234 -5.958902
-0.781250 -0.919800 -4.000000 -0.186549 -1.596113 -5.971244
-0.780762 -0.918945 -4.000000 -0.199366 -1.609879 -5.967921
-0.779419 -0.918213 -4.000000 -0.206249 -1.600623 -5.969346
-0.792725 -0.916016 -4.000000 -0.223812 -1.586145 -5.958665
-0.784302 -0.922852 -4.000000 -0.233780 -1.583297 -5.952969
-0.785278 -0.922607 -4.000000 -0.247546 -1.598961 -5.970532
-0.782715 -0.918945 -4.000000 -0.256328 -1.637173 -5.981925
-0.782349 -0.916870 -4.000000 -0.278875 -1.686065 -6.010643
-0.781860 -0.913574 -4.000000 -0.329666 -1.715258 -6.027968
-0.785645 -0.922119 -4.000000 -0.384966 -1.742790 -6.051702
-0.783691 -0.913452 -4.000000 -0.438130 -1.783138 -6.063332
-0.786133 -0.911255 -4.000000 -0.489870 -1.802599 -6.080658
-0.781982 -0.922485 -4.000000 -0.539237 -1.788359 -6.099645
-0.792236 -0.913452 -4.000000 -0.601183 -1.787172 -6.124329
-0.780640 -0.916016 -4.000000 -0.707511 -1.754894 -6.143553
-0.782471 -0.912598 -4.000000 -0.829030 -1.645005 -6.157319
-0.779053 -0.917358 -4.000000 -0.984250 -1.518028 -6.204075
-0.783569 -0.913696 -4.000000 -1.164866 -1.462253 -6.250831
-0.787476 -0.923462 -4.000000 -1.346906 -1.441368 -6.309217
-0.787109 -0.915894 -4.000000 -1.518028 -1.413361 -6.378757
-0.784912 -0.911011 -4.000000 -1.655923 -1.368029 -6.435007
-0.783325 -0.916016 -4.000000 -1.752283 -1.359010 -6.488883
-0.789429 -0.918213 -4.000000 -1.799039 -1.428551 -6.529706
-0.783325 -0.922852 -4.000000 -1.771983 -1.499516 -6.537301
-0.786743 -0.915527 -4.000000 -1.660433 -1.487174 -6.504548
-0.792847 -0.912231 -4.000000 -1.476494 -1.431874 -6.450434
-0.787598 -0.910522 -4.000000 -1.259328 -1.377523 -6.369739
-0.783325 -0.919312 -4.000000 -1.039313 -1.383219 -6.289043
-0.785034 -0.918213 -4.000000 -0.885042 -1.419532 -6.203600
-0.782593 -0.911011 -4.000000 -0.801498 -1.418583 -6.135246
-0.781860 -0.910156 -4.000000 -0.728872 -1.401732 -6.094424
-0.786743 -0.911377 -4.000000 -0.684964 -1.366605 -6.079709
-0.785645 -0.921265 -4.000000 -0.670724 -1.374438 -6.091813
-0.783936 -0.915161 -4.000000 -0.641293 -1.431637 -6.132398
-0.786255 -0.914917 -4.000000 -0.615898 -1.478155 -6.183189
-0.779297 -0.919067 -4.000000 -0.610677 -1.527047 -6.247983
-0.789917 -0.921387 -4.000000 -0.612101 -1.619135 -6.283347
