-0.787598 -0.919678 -4.000000 -0.243511 -1.377998 -5.697828
-0.787354 -0.916138 -4.000000 -0.224524 -1.364232 -5.714205
-0.788452 -0.921875 -4.000000 -0.266058 -1.344295 -5.744584
-0.790283 -0.909790 -4.000000 -0.284096 -1.336938 -5.741024
-0.779175 -0.912476 -4.000000 -0.284334 -1.350466 -5.727733
-0.783813 -0.914429 -4.000000 -0.288606 -1.373726 -5.735565
-0.790894 -0.915039 -4.000000 -0.269381 -1.399833 -5.732005
-0.783569 -0.919434 -4.000000 -0.222151 -1.420719 -5.718714
-0.784790 -0.914917 -4.000000 -0.164477 -1.419532 -5.716341
-0.776978 -0.914917 -4.000000 -0.103955 -1.403868 -5.720850
-0.779663 -0.913208 -4.000000 -0.067405 -1.375624 -5.753840
-0.781616 -0.915161 -4.000000 -0.078560 -1.385593 -5.831688
-0.783325 -0.917603 -4.000000 -0.130774 -1.429263 -5.937067
-0.787109 -0.916260 -4.000000 -0.217641 -1.478630 -6.083744
-0.789795 -0.922241 -4.000000 -0.356248 -1.538914 -6.258901
-0.789185 -0.913940 -4.000000 -0.517639 -1.615101 -6.448773
-0.784424 -0.917358 -4.000000 -0.691372 -1.700068 -6.640306
-0.783691 -0.914063 -4.000000 -0.820485 -1.754182 -6.778676
-0.783325 -0.921509 -4.000000 -0.880058 -1.770321 -6.894973
-0.782837 -0.918335 -4.000000 -0.876735 -1.735432 -6.967836
-0.782349 -0.914551 -4.000000 -0.801023 -1.659009 -6.981602
-0.786499 -0.907837 -4.000000 -0.681404 -1.559563 -6.961428
-0.787598 -0.910889 -4.000000 -0.583857 -1.471510 -6.916808
-0.784302 -0.917847 -4.000000 -0.515266 -1.416209 -6.864830
-0.785278 -0.912476 -4.000000 -0.473969 -1.389865 -6.830416
-0.787964 -0.919434 -4.000000 -0.489633 -1.393662 -6.772742
-0.786499 -0.914307 -4.000000 -0.578161 -1.420956 -6.723138
-0.788208 -0.919312 -4.000000 -0.708698 -1.424754 -6.669262
-0.786133 -0.919922 -4.000000 -0.835675 -1.429975 -6.616810
-0.788696 -0.916748 -4.000000 -0.899520 -1.420482 -6.559848
-0.785156 -0.914795 -4.000000 -0.886703 -1.416684 -6.492444
-0.785767 -0.917847 -4.000000 -0.787020 -1.388203 -6.406052
-0.780640 -0.915894 -4.000000 -0.651736 -1.355688 -6.315862
-0.781250 -0.914307 -4.000000 -0.499364 -1.342871 -6.231844
-0.789551 -0.917847 -4.000000 -0.375710 -1.322223 -6.171797
-0.792847 -0.915039 -4.000000 -0.292878 -1.305609 -6.111750
-0.785645 -0.921143 -4.000000 -0.246834 -1.317951 -6.063095
-0.784668 -0.915771 -4.000000 -0.264397 -1.374912 -6.029630
-0.783325 -0.912598 -4.000000 -0.325156 -1.442792 -6.015864
-0.776489 -0.917236 -4.000000 -0.385203 -1.501177 -5.998775
-0.780029 -0.916016 -4.000000 -0.431959 -1.532032 -5.978364
-0.784424 -0.918945 -4.000000 -0.472545 -1.514468 -5.967684
-0.794312 -0.911499 -4.000000 -0.487022 -1.458219 -5.954630
-0.785278 -0.913086 -4.000000 -0.463763 -1.362571 -5.918317
-0.785400 -0.918457 -4.000000 -0.423652 -1.278315 -5.895533
-0.778809 -0.916992 -4.000000 -0.397545 -1.258378 -5.887938
-0.782959 -0.908325 -4.000000 -0.382118 -1.290419 -5.878207
-0.777344 -0.916748 -4.000000 -0.395409 -1.375862 -5.891261
-0.783936 -0.916626 -4.000000 -0.423178 -1.483851 -5.925675
-0.783691 -0.919800 -4.000000 -0.456880 -1.550781 -5.932795
-0.789917 -0.914673 -4.000000 -0.478478 -1.567395 -5.910485
-0.781982 -0.914673 -4.000000 -0.488921 -1.548645 -5.887226
-0.784058 -0.914795 -4.000000 -0.503161 -1.525386 -5.867527
-0.783081 -0.918945 -4.000000 -0.522149 -1.506161 -5.844267
-0.788208 -0.912476 -4.000000 -0.536864 -1.492870 -5.825043
-0.785522 -0.921143 -4.000000 -0.561072 -1.493345 -5.835011
-0.789063 -0.916260 -4.000000 -0.601895 -1.506399 -5.837859
-0.783081 -0.915771 -4.000000 -0.637733 -1.497617 -5.849251
-0.781250 -0.916992 -4.000000 -0.679743 -1.481715 -5.854236
-0.783325 -0.912964 -4.000000 -0.718666 -1.480766 -5.863966
-0.788940 -0.918335 -4.000000 -0.774441 -1.476019 -5.855659
-0.780518 -0.915161 -4.000000 -0.838049 -1.411463 -5.835485
-0.784668 -0.919678 -4.000000 -0.865580 -1.326732 -5.811039
-0.790771 -0.915527 -4.000000 -0.897621 -1.254818 -5.801309
-0.782715 -0.917603 -4.000000 -0.933222 -1.204739 -5.809141
-0.783691 -0.914795 -4.000000 -0.965738 -1.186464 -5.810802
-0.778809 -0.919067 -4.000000 -0.998728 -1.177920 -5.817448
-0.785522 -0.918091 -4.000000 -1.015104 -1.155373 -5.812701
-0.776001 -0.922363 -4.000000 -0.994218 -1.126417 -5.807242
-0.783447 -0.912720 -4.000000 -1.046196 -1.115737 -5.800122
-0.780640 -0.916260 -4.000000 -1.085594 -1.138284 -5.805818
-0.787231 -0.916382 -4.000000 -1.073253 -1.170325 -5.797274
-0.779053 -0.919312 -4.000000 -1.052604 -1.181243 -5.789916
-0.784790 -0.914673 -4.000000 -0.981165 -1.155135 -5.774964
-0.784058 -0.917114 -4.000000 -0.875548 -1.132113 -5.768318
-0.785400 -0.917236 -4.000000 -0.784647 -1.144455 -5.768318
-0.787476 -0.918701 -4.000000 -0.705613 -1.184091 -5.764758
-0.784424 -0.920654 -4.000000 -0.665265 -1.244612 -5.783271
-0.782837 -0.919922 -4.000000 -0.630850 -1.286622 -5.802970
-0.784790 -0.913086 -4.000000 -0.614474 -1.300387 -5.805818
-0.779419 -0.910156 -4.000000 -0.607591 -1.295403 -5.803919
-0.786255 -0.915649 -4.000000 -0.613287 -1.307982 -5.795850
-0.773438 -0.918701 -4.000000 -0.605692 -1.331479 -5.802258
-0.778931 -0.916748 -4.000000 -0.585518 -1.363045 -5.781847
-0.777344 -0.910522 -4.000000 -0.551579 -1.392001 -5.786831
-0.777466 -0.917480 -4.000000 -0.513604 -1.419295 -5.790391
-0.782471 -0.907227 -4.000000 -0.458067 -1.429026 -5.798223
-0.785767 -0.912109 -4.000000 -0.397545 -1.452048 -5.811277
-0.789063 -0.919312 -4.000000 -0.344143 -1.474833 -5.816736
-0.787720 -0.917114 -4.000000 -0.292403 -1.486700 -5.828840
-0.786621 -0.920044 -4.000000 -0.265821 -1.473408 -5.835011
-0.781616 -0.921265 -4.000000 -0.253479 -1.449912 -5.838334
-0.786377 -0.922241 -4.000000 -0.250394 -1.429263 -5.835248
-0.782471 -0.919922 -4.000000 -0.266296 -1.411937 -5.830976
-0.788330 -0.917725 -4.000000 -0.267720 -1.379659 -5.815311
-0.778320 -0.911255 -4.000000 -0.260362 -1.360197 -5.810565
-0.779785 -0.918213 -4.000000 -0.261312 -1.382507 -5.797274
-0.784668 -0.915771 -4.000000 -0.270805 -1.448962 -5.783983
-0.786987 -0.911377 -4.000000 -0.296913 -1.523013 -5.768793
-0.785645 -0.911255 -4.000000 -0.309966 -1.581873 -5.728920
-0.780518 -0.918823 -4.000000 -0.282672 -1.586383 -5.654632
-0.786987 -0.918701 -4.000000 -0.248021 -1.580449 -5.563494
-0.787354 -0.916748 -4.000000 -0.212657 -1.645955 -5.465235
-0.782593 -0.918213 -4.000000 -0.131487 -1.802125 -5.416817
-0.783936 -0.918335 -4.000000 -0.002373 -1.962804 -5.368163
-0.784912 -0.917358 -4.000000 0.167800 -2.018579 -5.305267
-0.778687 -0.914063 -4.000000 0.332514 -1.981554 -5.202974
-0.781738 -0.922485 -4.000000 0.466611 -1.873327 -5.079319
-0.778076 -0.916870 -4.000000 0.557750 -1.715733 -4.989605
-0.782959 -0.913452 -4.000000 0.599996 -1.551493 -4.935491
-0.792725 -0.915405 -4.000000 0.555851 -1.399833 -4.916029
-0.781860 -0.910767 -4.000000 0.398257 -1.312492 -4.908672
-0.786987 -0.916382 -4.000000 0.155221 -1.321748 -4.926472
-0.782837 -0.912354 -4.000000 -0.123654 -1.454659 -4.988893
-0.787476 -0.917358 -4.000000 -0.367877 -1.702917 -5.072674
-0.780396 -0.916260 -4.000000 -0.543747 -1.962330 -5.148148
-0.775269 -0.922363 -4.000000 -0.639395 -2.138911 -5.225521
-0.781128 -0.909424 -4.000000 -0.670249 -2.203942 -5.276074
-0.783081 -0.916748 -4.000000 -0.629189 -2.142708 -5.267767
-0.789673 -0.921509 -4.000000 -0.479665 -2.040414 -5.267767
-0.782104 -0.915405 -4.000000 -0.276264 -1.797853 -5.227894
-0.788330 -0.917114 -4.000000 -0.112025 -1.508535 -5.159541
-0.786133 -0.914307 -4.000000 -0.018987 -1.213521 -5.084066
-0.781006 -0.921631 -4.000000 -0.002373 -0.986386 -5.031851
-0.788330 -0.921631 -4.000000 -0.045095 -0.873650 -5.043956
-0.787476 -0.916748 -4.000000 -0.128164 -0.875786 -5.090000
-0.778198 -0.919067 -4.000000 -0.222863 -0.971671 -5.165236
-0.783691 -0.913574 -4.000000 -0.327530 -1.117635 -5.260173
-0.786377 -0.915283 -4.000000 -0.431010 -1.240340 -5.323305
-0.785400 -0.920288 -4.000000 -0.480377 -1.293742 -5.372435
-0.783936 -0.916992 -4.000000 -0.504111 -1.302049 -5.422276
-0.783325 -0.919189 -4.000000 -0.495329 -1.303710 -5.463811
-0.785034 -0.921875 -4.000000 -0.454269 -1.278077 -5.500836
-0.787354 -0.913818 -4.000000 -0.396596 -1.209961 -5.518874
-0.785278 -0.914673 -4.000000 -0.314951 -1.127366 -5.526231
-0.788086 -0.915894 -4.000000 -0.249445 -1.086781 -5.549965
-0.789917 -0.917236 -4.000000 -0.191771 -1.114075 -5.586515
-0.784668 -0.918701 -4.000000 -0.155458 -1.163917 -5.613573
-0.783691 -0.915649 -4.000000 -0.141217 -1.208062 -5.642528
-0.785522 -0.920288 -4.000000 -0.149999 -1.232983 -5.676942
-0.788940 -0.917358 -4.000000 -0.206723 -1.274280 -5.719189
-0.785645 -0.914551 -4.000000 -0.288368 -1.332191 -5.749568
-0.788330 -0.910034 -4.000000 -0.360283 -1.390577 -5.787305
-0.783813 -0.914551 -4.000000 -0.388526 -1.414073 -5.803682
-0.788940 -0.909180 -4.000000 -0.379982 -1.395561 -5.806767
-0.781372 -0.912476 -4.000000 -0.345330 -1.362571 -5.802258
-0.779297 -0.913696 -4.000000 -0.312340 -1.341922 -5.804394
-0.783325 -0.911133 -4.000000 -0.292878 -1.344058 -5.815786
-0.784058 -0.912842 -4.000000 -0.281960 -1.363520 -5.834062
-0.781860 -0.913086 -4.000000 -0.291454 -1.381320 -5.839283
