-0.790894 -0.915649 -4.000000 -0.365029 -1.579974 -5.597196
-0.785156 -0.915283 -4.000000 -0.360045 -1.628866 -5.574411
-0.779663 -0.918701 -4.000000 -0.374998 -1.689863 -5.558747
-0.779053 -0.920288 -4.000000 -0.392086 -1.729499 -5.542370
-0.777344 -0.909912 -4.000000 -0.393748 -1.717157 -5.527418
-0.779419 -0.911865 -4.000000 -0.413447 -1.724514 -5.519823
-0.785889 -0.922119 -4.000000 -0.412972 -1.778391 -5.467371
-0.786987 -0.911133 -4.000000 -0.398969 -1.910115 -5.410409
-0.782593 -0.915894 -4.000000 -0.349365 -2.046585 -5.364840
-0.777588 -0.915161 -4.000000 -0.196992 -2.114227 -5.303131
-0.781616 -0.918579 -4.000000 0.224287 -2.027123 -5.286755
-0.788208 -0.919800 -4.000000 0.240663 -1.869529 -5.291976
-0.791138 -0.917603 -4.000000 0.034414 -1.704103 -5.360568
-0.786011 -0.917236 -4.000000 -0.075237 -1.429975 -5.530741
-0.785156 -0.922852 -4.000000 -0.080696 -1.086781 -5.736989
-0.790039 -0.920166 -4.000000 -0.071202 -0.886229 -5.990232
-0.786255 -0.912598 -4.000000 -0.236866 -0.964551 -6.293552
-0.782715 -0.910278 -4.000000 -0.578398 -1.294217 -6.631525
-0.786743 -0.918213 -4.000000 -0.950548 -1.752283 -6.929387
-0.784424 -0.922974 -4.000000 -1.257429 -2.204417 -7.208974
-0.792725 -0.919434 -4.000000 -1.422380 -2.503228 -7.426377
-0.791382 -0.915161 -4.000000 -1.495006 -2.618813 -7.534842
-0.780273 -0.920776 -4.000000 -1.434485 -2.542864 -7.531044
-0.780151 -0.908203 -4.000000 -1.232033 -2.297454 -7.428276
-0.787109 -0.917969 -4.000000 -0.905453 -1.949988 -7.278989
-0.781372 -0.917480 -4.000000 -0.524285 -1.659483 -7.160082
-0.786987 -0.912476 -4.000000 -0.215505 -1.542712 -7.047108
-0.786987 -0.918579 -4.000000 -0.080696 -1.515418 -6.939592
-0.783936 -0.914795 -4.000000 -0.098734 -1.456557 -6.819736
-0.780884 -0.909546 -4.000000 -0.244698 -1.398884 -6.713408
-0.789917 -0.918457 -4.000000 -0.482038 -1.353314 -6.626778
-0.780762 -0.919067 -4.000000 -0.743824 -1.354264 -6.553440
-0.790161 -0.923462 -4.000000 -0.967874 -1.415497 -6.517601
-0.784790 -0.918945 -4.000000 -1.124756 -1.514706 -6.502649
-0.781860 -0.921265 -4.000000 -1.176970 -1.618186 -6.476542
-0.791260 -0.913818 -4.000000 -1.128553 -1.676572 -6.416732
-0.781250 -0.919189 -4.000000 -1.029345 -1.649278 -6.346716
-0.786621 -0.915771 -4.000000 -0.889314 -1.584721 -6.274328
-0.784180 -0.916626 -4.000000 -0.744062 -1.513519 -6.203363
-0.784546 -0.917358 -4.000000 -0.620408 -1.473883 -6.157557
-0.783691 -0.920288 -4.000000 -0.527607 -1.480529 -6.121955
-0.785645 -0.917480 -4.000000 -0.450472 -1.478155 -6.086117
-0.784058 -0.914917 -4.000000 -0.430298 -1.471510 -6.081370
-0.780029 -0.919067 -4.000000 -0.424364 -1.471747 -6.069503
-0.787231 -0.918335 -4.000000 -0.421279 -1.433298 -6.054076
-0.778687 -0.917969 -4.000000 -0.410124 -1.403630 -6.041734
-0.788696 -0.912476 -4.000000 -0.374998 -1.380134 -6.007795
-0.788208 -0.916748 -4.000000 -0.326106 -1.337175 -5.952257
-0.786377 -0.916748 -4.000000 -0.292403 -1.292318 -5.915707
-0.788330 -0.919067 -4.000000 -0.299761 -1.310593 -5.902178
-0.779541 -0.909302 -4.000000 -0.303084 -1.410988 -5.893634
-0.781982 -0.907104 -4.000000 -0.302609 -1.537728 -5.864441
-0.783936 -0.919556 -4.000000 -0.309729 -1.667790 -5.819821
-0.776367 -0.919312 -4.000000 -0.311628 -1.720005 -5.796562
-0.791626 -0.917480 -4.000000 -0.308068 -1.657110 -5.799410
-0.793701 -0.913208 -4.000000 -0.329191 -1.566446 -5.810328
-0.787842 -0.917603 -4.000000 -0.371912 -1.481478 -5.795138
-0.780151 -0.921997 -4.000000 -0.406327 -1.423567 -5.778049
-0.783081 -0.914185 -4.000000 -0.444776 -1.403868 -5.782084
-0.783691 -0.921631 -4.000000 -0.522149 -1.441605 -5.794425
-0.783569 -0.915771 -4.000000 -0.665027 -1.528709 -5.815311
-0.785767 -0.915649 -4.000000 -0.843982 -1.640496 -5.816498
-0.789795 -0.908569 -4.000000 -1.008696 -1.696034 -5.775438
-0.779907 -0.917114 -4.000000 -1.115025 -1.668028 -5.735091
-0.777222 -0.914673 -4.000000 -1.149439 -1.566683 -5.715391
-0.790039 -0.914429 -4.000000 -1.143268 -1.450624 -5.715391
-0.786377 -0.920532 -4.000000 -1.120958 -1.340498 -5.687623
-0.782593 -0.920288 -4.000000 -1.093664 -1.267160 -5.668873
-0.788452 -0.921387 -4.000000 -1.067082 -1.233932 -5.694980
-0.784424 -0.911011 -4.000000 -1.058063 -1.257429 -5.708508
-0.782104 -0.916626 -4.000000 -1.051892 -1.307745 -5.743398
-0.785522 -0.914917 -4.000000 -1.015579 -1.355688 -5.759062
-0.789063 -0.913208 -4.000000 -0.921592 -1.389390 -5.761673
-0.787842 -0.915283 -4.000000 -0.779663 -1.375862 -5.756689
-0.783936 -0.908813 -4.000000 -0.604506 -1.337887 -5.742685
-0.786011 -0.914795 -4.000000 -0.459253 -1.311305 -5.723461
-0.784058 -0.917847 -4.000000 -0.356485 -1.291131 -5.723936
-0.782715 -0.913086 -4.000000 -0.306169 -1.248647 -5.730581
-0.783691 -0.921021 -4.000000 -0.287894 -1.211859 -5.746958
-0.788452 -0.918945 -4.000000 -0.306881 -1.209961 -5.778286
-0.787598 -0.923584 -4.000000 -0.349602 -1.248647 -5.817448
-0.787231 -0.921387 -4.000000 -0.403953 -1.352128 -5.842369
-0.783081 -0.923828 -4.000000 -0.427450 -1.452048 -5.880105
-0.787109 -0.915161 -4.000000 -0.413447 -1.521114 -5.906450
-0.786499 -0.926025 -4.000000 -0.349365 -1.520639 -5.894109
-0.791748 -0.915039 -4.000000 -0.228796 -1.469136 -5.863966
-0.782837 -0.918579 -4.000000 -0.111787 -1.390102 -5.841419
-0.781494 -0.927612 -4.000000 0.008782 -1.302998 -5.824331
-0.781738 -0.921753 -4.000000 0.105142 -1.244612 -5.817448
-0.786499 -0.915283 -4.000000 0.166376 -1.221828 -5.812464
-0.782715 -0.919434 -4.000000 0.207198 -1.227049 -5.818397
-0.783081 -0.920776 -4.000000 0.229983 -1.237018 -5.832637
-0.784058 -0.911987 -4.000000 0.236391 -1.251733 -5.842606
-0.783203 -0.916992 -4.000000 0.226185 -1.268821 -5.843792
-0.784424 -0.913696 -4.000000 0.194856 -1.282587 -5.842843
-0.779053 -0.920410 -4.000000 0.160442 -1.282350 -5.827178
-0.781006 -0.914917 -4.000000 0.115347 -1.265024 -5.814363
-0.787598 -0.915649 -4.000000 0.067642 -1.250309 -5.793951
-0.781616 -0.915771 -4.000000 0.010918 -1.260752 -5.752654
-0.781006 -0.919189 -4.000000 -0.065031 -1.287096 -5.699727
-0.787964 -0.919922 -4.000000 -0.140743 -1.280451 -5.644664
-0.785400 -0.920532 -4.000000 -0.193432 -1.235594 -5.578209
-0.787231 -0.922729 -4.000000 -0.219302 -1.187651 -5.514127
-0.787720 -0.915771 -4.000000 -0.216217 -1.174122 -5.448858
-0.783691 -0.920166 -4.000000 -0.153797 -1.218980 -5.371723
-0.782349 -0.919434 -4.000000 -0.060759 -1.320799 -5.290790
-0.783569 -0.921143 -4.000000 0.016376 -1.410039 -5.197515
-0.791504 -0.921265 -4.000000 0.068829 -1.396036 -5.094984
-0.783813 -0.923218 -4.000000 0.116534 -1.335751 -4.970143
-0.782959 -0.916504 -4.000000 0.152135 -1.296590 -4.875444
-0.785889 -0.914429 -4.000000 0.171834 -1.241052 -4.820619
-0.787964 -0.919556 -4.000000 0.173258 -1.205214 -4.786441
-0.785278 -0.922119 -4.000000 0.146439 -1.266210 -4.787154
-0.778442 -0.910034 -4.000000 0.059810 -1.401494 -4.833910
-0.776123 -0.923462 -4.000000 -0.023971 -1.511146 -4.912944
-0.782959 -0.913574 -4.000000 -0.127214 -1.545323 -5.032089
-0.787964 -0.917969 -4.000000 -0.237340 -1.475782 -5.243321
-0.782593 -0.917847 -4.000000 -0.306406 -1.336700 -5.461437
-0.787964 -0.918579 -4.000000 -0.315425 -1.181005 -5.606927
-0.788086 -0.920044 -4.000000 -0.338447 -1.078237 -5.639680
-0.789917 -0.912476 -4.000000 -0.420804 -1.038838 -5.643952
-0.781494 -0.911377 -4.000000 -0.574363 -1.067319 -5.675044
-0.786133 -0.920288 -4.000000 -0.636309 -1.282112 -5.805106
-0.778442 -0.920776 -4.000000 -1.019614 -1.514468 -5.962462
-0.783569 -0.921875 -4.000000 -1.319849 -1.645480 -5.901466
-0.783203 -0.921753 -4.000000 -1.368504 -1.768897 -5.602892
-0.788452 -0.914917 -4.000000 -1.078237 -1.653075 -5.639205
-0.786987 -0.920044 -4.000000 -0.809805 -1.391763 -5.655107
-0.781250 -0.919189 -4.000000 -0.566531 -1.250546 -5.666499
-0.785034 -0.916138 -4.000000 -0.311628 -1.195720 -5.686199
-0.785889 -0.914673 -4.000000 -0.272941 -1.119534 -5.633746
-0.785278 -0.914307 -4.000000 -0.305457 -1.070642 -5.626863
-0.787476 -0.919189 -4.000000 -0.313052 -0.969060 -5.688572
-0.787109 -0.918091 -4.000000 -0.358621 -1.009171 -5.779236
-0.787964 -0.918945 -4.000000 -0.393985 -0.995168 -5.881530
-0.777710 -0.915405 -4.000000 -0.749283 -1.087731 -5.882004
-0.778809 -0.915894 -4.000000 -0.915659 -1.290656 -5.916656
-0.786255 -0.911987 -4.000000 -1.040025 -1.441368 -5.969346
-0.786621 -0.919678 -4.000000 -0.987098 -1.515892 -6.003048
-0.785034 -0.919067 -4.000000 -0.854900 -1.560987 -5.980263
-0.785156 -0.916992 -4.000000 -0.719141 -1.571193 -5.915469
-0.785400 -0.918579 -4.000000 -0.640107 -1.563123 -5.833112
-0.789795 -0.918945 -4.000000 -0.541136 -1.525386 -5.798698
-0.776367 -0.917603 -4.000000 -0.459491 -1.480529 -5.797511
-0.778564 -0.919800 -4.000000 -0.370488 -1.428077 -5.792764
-0.785156 -0.916504 -4.000000 -0.323020 -1.370640 -5.795850
-0.788940 -0.921631 -4.000000 -0.288131 -1.359722 -5.796799
-0.776733 -0.916748 -4.000000 -0.286944 -1.363995 -5.793951
-0.782471 -0.913086 -4.000000 -0.245173 -1.357824 -5.773540
-0.781128 -0.917358 -4.000000 -0.183701 -1.350704 -5.746008
