-0.785645 -0.921387 -4.000000 -0.166850 -1.199043 -5.543794
-0.787842 -0.920166 -4.000000 -0.161154 -1.241527 -5.540709
-0.783691 -0.916992 -4.000000 -0.149050 -1.303948 -5.527655
-0.777100 -0.917480 -4.000000 -0.162578 -1.376099 -5.495140
-0.782959 -0.920898 -4.000000 -0.224761 -1.412887 -5.479238
-0.784790 -0.918457 -4.000000 -0.240663 -1.387017 -5.466422
-0.793091 -0.915039 -4.000000 -0.147863 -1.264312 -5.450282
-0.782227 -0.915161 -4.000000 0.008544 -1.130926 -5.429634
-0.784912 -0.919189 -4.000000 0.143354 -1.055927 -5.419428
-0.788452 -0.921875 -4.000000 0.196280 -1.122382 -5.455741
-0.786133 -0.910156 -4.000000 0.106803 -1.322460 -5.560408
-0.779297 -0.927246 -4.000000 -0.067642 -1.610354 -5.688572
-0.786987 -0.917358 -4.000000 -0.250869 -1.925304 -5.839520
-0.788574 -0.922485 -4.000000 -0.441216 -2.115414 -6.047431
-0.785156 -0.916016 -4.000000 -0.673097 -2.208451 -6.294264
-0.787964 -0.919556 -4.000000 -0.959804 -2.255445 -6.527332
-0.785278 -0.913208 -4.000000 -1.241527 -2.247138 -6.784372
-0.783691 -0.919434 -4.000000 -1.378710 -2.211774 -7.009133
-0.784180 -0.925781 -4.000000 -1.391289 -2.198246 -7.203040
-0.779541 -0.919922 -4.000000 -1.250309 -2.178546 -7.299638
-0.781250 -0.917969 -4.000000 -0.988048 -2.120161 -7.279939
-0.786011 -0.922729 -4.000000 -0.615898 -1.956159 -7.179781
-0.794312 -0.911621 -4.000000 -0.242562 -1.707426 -7.020288
-0.784546 -0.911377 -4.000000 0.088053 -1.495481 -6.846318
-0.786743 -0.915283 -4.000000 0.302134 -1.378235 -6.703914
-0.783936 -0.914551 -4.000000 0.381168 -1.342871 -6.578124
-0.788696 -0.917847 -4.000000 0.311390 -1.308457 -6.446874
-0.786133 -0.918335 -4.000000 0.103006 -1.234407 -6.341021
-0.777710 -0.918457 -4.000000 -0.161154 -1.206401 -6.300198
-0.777832 -0.917480 -4.000000 -0.426263 -1.297777 -6.297824
-0.783203 -0.915771 -4.000000 -0.673334 -1.454421 -6.324881
-0.789307 -0.917847 -4.000000 -0.876023 -1.599199 -6.356448
-0.783813 -0.916870 -4.000000 -1.011544 -1.668265 -6.361432
-0.786987 -0.920654 -4.000000 -1.072541 -1.640733 -6.317286
-0.779663 -0.919800 -4.000000 -1.072778 -1.557902 -6.265783
-0.785400 -0.917480 -4.000000 -1.014630 -1.465576 -6.194582
-0.786377 -0.921509 -4.000000 -0.903554 -1.349754 -6.127414
-0.786499 -0.923706 -4.000000 -0.762337 -1.264549 -6.079709
-0.778442 -0.919922 -4.000000 -0.616610 -1.231321 -6.060484
-0.781860 -0.919434 -4.000000 -0.479665 -1.241052 -6.043870
-0.793579 -0.920898 -4.000000 -0.375235 -1.279027 -6.023696
-0.786011 -0.915283 -4.000000 -0.328242 -1.295166 -5.990706
-0.789185 -0.918579 -4.000000 -0.323969 -1.277840 -5.943950
-0.784180 -0.922974 -4.000000 -0.352450 -1.280451 -5.933744
-0.786377 -0.916626 -4.000000 -0.408225 -1.330767 -5.940390
-0.788208 -0.914917 -4.000000 -0.474681 -1.420482 -5.927099
-0.783081 -0.919434 -4.000000 -0.523098 -1.533693 -5.900042
-0.781494 -0.921143 -4.000000 -0.552291 -1.650227 -5.873935
-0.787720 -0.915649 -4.000000 -0.555614 -1.708138 -5.853761
-0.786133 -0.918091 -4.000000 -0.483700 -1.696508 -5.837859
-0.791016 -0.918701 -4.000000 -0.367165 -1.645480 -5.823856
-0.776611 -0.919312 -4.000000 -0.248021 -1.603471 -5.849726
-0.786987 -0.917236 -4.000000 -0.153084 -1.643582 -5.917368
-0.786865 -0.926147 -4.000000 -0.263685 -1.742552 -5.995928
-0.786743 -0.916016 -4.000000 -0.529981 -1.851966 -6.082319
-0.782471 -0.920532 -4.000000 -0.795802 -1.891127 -6.150436
-0.784302 -0.920410 -4.000000 -0.965975 -1.826096 -6.229470
-0.787231 -0.924194 -4.000000 -1.067319 -1.721666 -6.144265
-0.783081 -0.921265 -4.000000 -1.127841 -1.574041 -6.027256
-0.782715 -0.915161 -4.000000 -1.149914 -1.372064 -5.962937
-0.787231 -0.918335 -4.000000 -1.169850 -1.154186 -5.895770
-0.785034 -0.918945 -4.000000 -1.237730 -1.013206 -5.840707
-0.786743 -0.914429 -4.000000 -1.293267 -0.976418 -5.791815
-0.780396 -0.922974 -4.000000 -1.319849 -1.027921 -5.752891
-0.782593 -0.911743 -4.000000 -1.368029 -1.174597 -5.703762
-0.793457 -0.918335 -4.000000 -1.370878 -1.337650 -5.670772
-0.789917 -0.911377 -4.000000 -1.310356 -1.450861 -5.669822
-0.784424 -0.915405 -4.000000 -1.214945 -1.445402 -5.650835
-0.783936 -0.917603 -4.000000 -1.049044 -1.338362 -5.624015
-0.781616 -0.918945 -4.000000 -0.863444 -1.200704 -5.594585
-0.782959 -0.916870 -4.000000 -0.717005 -1.111227 -5.587228
-0.781982 -0.922241 -4.000000 -0.640344 -1.099360 -5.589364
-0.783813 -0.918335 -4.000000 -0.598335 -1.143505 -5.605028
-0.780518 -0.923096 -4.000000 -0.557750 -1.219692 -5.622117
-0.782959 -0.915894 -4.000000 -0.501975 -1.287808 -5.636357
-0.784424 -0.914917 -4.000000 -0.460915 -1.318425 -5.657006
-0.786987 -0.921509 -4.000000 -0.437893 -1.298726 -5.660091
-0.790283 -0.919067 -4.000000 -0.401580 -1.243663 -5.662939
-0.791260 -0.920288 -4.000000 -0.376896 -1.190974 -5.675044
-0.780640 -0.922607 -4.000000 -0.351264 -1.186939 -5.695930
-0.776978 -0.915771 -4.000000 -0.341295 -1.231321 -5.715629
-0.787598 -0.911621 -4.000000 -0.339634 -1.283062 -5.736989
-0.786255 -0.920288 -4.000000 -0.319697 -1.321748 -5.750992
-0.783081 -0.917236 -4.000000 -0.285520 -1.346194 -5.766419
-0.789307 -0.914063 -4.000000 -0.243274 -1.365893 -5.778049
-0.787476 -0.913940 -4.000000 -0.210996 -1.390102 -5.795612
-0.787842 -0.912354 -4.000000 -0.179192 -1.415972 -5.800359
-0.786011 -0.922974 -4.000000 -0.161629 -1.417871 -5.794663
-0.785889 -0.915894 -4.000000 -0.155695 -1.408615 -5.776625
-0.790894 -0.917847 -4.000000 -0.169936 -1.366368 -5.773065
-0.781128 -0.910645 -4.000000 -0.225236 -1.335989 -5.797749
-0.790039 -0.922852 -4.000000 -0.334650 -1.390814 -5.835011
-0.787720 -0.923340 -4.000000 -0.478241 -1.564072 -5.899568
-0.784546 -0.919556 -4.000000 -0.595961 -1.859086 -5.961513
-0.783813 -0.918823 -4.000000 -0.664790 -2.198958 -5.996640
-0.792969 -0.920776 -4.000000 -0.650075 -2.429652 -5.983586
-0.785156 -0.920654 -4.000000 -0.539474 -2.481867 -5.906925
-0.786011 -0.920410 -4.000000 -0.361232 -2.334479 -5.776863
-0.787842 -0.922607 -4.000000 -0.146439 -2.048484 -5.607639
-0.778931 -0.918457 -4.000000 0.079034 -1.706002 -5.435567
-0.790771 -0.913208 -4.000000 0.274365 -1.403156 -5.299809
-0.785889 -0.916626 -4.000000 0.387577 -1.180293 -5.192768
-0.783447 -0.918823 -4.000000 0.423890 -1.041212 -5.081930
-0.784912 -0.924072 -4.000000 0.426975 -1.008459 -4.986282
-0.782227 -0.920044 -4.000000 0.425076 -1.096275 -4.892058
-0.778198 -0.917358 -4.000000 0.392798 -1.267635 -4.785255
-0.784180 -0.913696 -4.000000 0.331327 -1.414311 -4.703610
-0.781982 -0.917114 -4.000000 0.248021 -1.465814 -4.619354
-0.786499 -0.920044 -4.000000 0.139556 -1.478393 -4.596807
-0.782349 -0.921143 -4.000000 -0.024446 -1.468424 -4.664211
-0.779663 -0.909912 -4.000000 -0.240188 -1.385355 -4.791900
-0.787231 -0.919434 -4.000000 -0.354349 -1.221590 -4.866425
-0.785400 -0.924194 -4.000000 -0.293827 -1.074677 -4.967295
-0.784058 -0.915771 -4.000000 -0.170885 -1.026022 -5.068164
-0.784912 -0.918457 -4.000000 -0.094936 -1.004899 -5.109936
-0.787109 -0.917847 -4.000000 -0.026345 -1.082272 -5.124414
-0.786499 -0.920044 -4.000000 -0.231644 -1.192635 -5.431532
-0.791016 -0.920532 -4.000000 -0.472545 -1.295166 -5.743398
-0.782104 -0.914673 -4.000000 -0.671436 -1.415972 -5.529791
-0.783813 -0.918823 -4.000000 -0.773255 -1.250071 -5.322831
-0.782471 -0.916870 -4.000000 -0.836625 -0.905216 -5.231454
-0.794067 -0.915894 -4.000000 -0.624917 -0.790343 -5.315948
-0.787720 -0.920532 -4.000000 -0.341770 -0.810992 -5.394270
-0.789185 -0.915039 -4.000000 -0.273891 -0.798175 -5.391422
-0.777710 -0.915039 -4.000000 -0.296675 -0.930611 -5.403526
-0.794189 -0.919800 -4.000000 -0.247071 -1.116211 -5.491342
-0.779541 -0.920288 -4.000000 -0.253479 -1.181955 -5.571088
-0.789185 -0.919556 -4.000000 -0.336786 -1.264786 -5.686673
-0.778564 -0.923950 -4.000000 -0.412497 -1.317239 -5.777337
-0.787354 -0.920044 -4.000000 -0.468035 -1.308932 -5.821957
-0.778442 -0.923828 -4.000000 -0.528557 -1.245087 -5.805581
-0.785522 -0.916138 -4.000000 -0.513130 -1.200467 -5.782559
-0.784790 -0.917603 -4.000000 -0.468747 -1.202129 -5.810090
-0.788452 -0.919800 -4.000000 -0.444538 -1.229423 -5.877495
-0.787720 -0.917114 -4.000000 -0.407513 -1.308220 -5.952020
-0.778687 -0.914795 -4.000000 -0.413447 -1.470323 -6.037462
-0.784058 -0.914063 -4.000000 -0.507671 -1.662569 -6.115072
-0.789185 -0.917236 -4.000000 -0.592876 -1.804498 -6.168949
-0.786621 -0.912109 -4.000000 -0.562971 -1.789546 -6.156607
-0.785645 -0.924316 -4.000000 -0.363605 -1.619847 -6.024408
-0.788452 -0.907837 -4.000000 -0.198654 -1.406479 -5.849489
-0.791260 -0.914673 -4.000000 -0.111313 -1.199518 -5.760486
-0.787964 -0.916138 -4.000000 -0.111550 -1.058300 -5.769742
-0.791260 -0.921997 -4.000000 -0.177531 -1.062335 -5.848777
-0.790161 -0.914795 -4.000000 -0.304982 -1.196670 -5.905501
-0.786987 -0.921997 -4.000000 -0.422228 -1.351653 -5.943238
-0.781860 -0.918213 -4.000000 -0.485361 -1.452997 -5.989045
-0.784424 -0.915039 -4.000000 -0.506009 -1.510671 -6.033665
-0.786865 -0.916382 -4.000000 -0.473969 -1.528471 -6.045057
-0.788330 -0.912964 -4.000000 -0.402766 -1.514943 -6.021086
