-0.778320 -0.911865 -4.000000 -0.329666 -1.405292 -5.686911
-0.785645 -0.917847 -4.000000 -0.352450 -1.364232 -5.694268
-0.776855 -0.919800 -4.000000 -0.395646 -1.322935 -5.711831
-0.787231 -0.909180 -4.000000 -0.452845 -1.303236 -5.731768
-0.787842 -0.917847 -4.000000 -0.499601 -1.335276 -5.758112
-0.785645 -0.914917 -4.000000 -0.497940 -1.369453 -5.793477
-0.785400 -0.913330 -4.000000 -0.457829 -1.396748 -5.800834
-0.784546 -0.921265 -4.000000 -0.419143 -1.438282 -5.816973
-0.779175 -0.907959 -4.000000 -0.376659 -1.464627 -5.802021
-0.782959 -0.918823 -4.000000 -0.320647 -1.454184 -5.767844
-0.785034 -0.910767 -4.000000 -0.247783 -1.394611 -5.725122
-0.776367 -0.918823 -4.000000 -0.175157 -1.318663 -5.697116
-0.780518 -0.918457 -4.000000 -0.121518 -1.236780 -5.691183
-0.783203 -0.920654 -4.000000 -0.090189 -1.183379 -5.717053
-0.786499 -0.916992 -4.000000 -0.126977 -1.223489 -5.784220
-0.787476 -0.911133 -4.000000 -0.216929 -1.341685 -5.917130
-0.781860 -0.914307 -4.000000 -0.341533 -1.457507 -6.083506
-0.782593 -0.918091 -4.000000 -0.484886 -1.548645 -6.297824
-0.794800 -0.919434 -4.000000 -0.656009 -1.687015 -6.535639
-0.785645 -0.919067 -4.000000 -0.793191 -1.817315 -6.753993
-0.782349 -0.927368 -4.000000 -0.873887 -1.878548 -6.944102
-0.790283 -0.923096 -4.000000 -0.929187 -1.880922 -7.106917
-0.785767 -0.918579 -4.000000 -0.940817 -1.859086 -7.219892
-0.779175 -0.918091 -4.000000 -0.885279 -1.821587 -7.291568
-0.783203 -0.915527 -4.000000 -0.807906 -1.778153 -7.317438
-0.787231 -0.914063 -4.000000 -0.695170 -1.696508 -7.267360
-0.784180 -0.917358 -4.000000 -0.574363 -1.556240 -7.133974
-0.776001 -0.911133 -4.000000 -0.492006 -1.424516 -6.973295
-0.783447 -0.919067 -4.000000 -0.450709 -1.343346 -6.836112
-0.787231 -0.915649 -4.000000 -0.425076 -1.272619 -6.715306
-0.784546 -0.916138 -4.000000 -0.473731 -1.242002 -6.622506
-0.787354 -0.914673 -4.000000 -0.527607 -1.233457 -6.517839
-0.793701 -0.915283 -4.000000 -0.563209 -1.238916 -6.420292
-0.789063 -0.919067 -4.000000 -0.546120 -1.237255 -6.317761
-0.786499 -0.915405 -4.000000 -0.479190 -1.202603 -6.226148
-0.786377 -0.920776 -4.000000 -0.398732 -1.191211 -6.158743
-0.780273 -0.916870 -4.000000 -0.328954 -1.223014 -6.109139
-0.785156 -0.927124 -4.000000 -0.314951 -1.287808 -6.079946
-0.785156 -0.922363 -4.000000 -0.301422 -1.371352 -6.077573
-0.789185 -0.919922 -4.000000 -0.270093 -1.475307 -6.079709
-0.789063 -0.921753 -4.000000 -0.232356 -1.596113 -6.078997
-0.787109 -0.918701 -4.000000 -0.221438 -1.667078 -6.070453
-0.783081 -0.924316 -4.000000 -0.215268 -1.660907 -6.032478
-0.780151 -0.921631 -4.000000 -0.192483 -1.590655 -5.987621
-0.787109 -0.920044 -4.000000 -0.169224 -1.520877 -5.951070
-0.782349 -0.921265 -4.000000 -0.169461 -1.490022 -5.933270
-0.775513 -0.920044 -4.000000 -0.180379 -1.506399 -5.918317
-0.783203 -0.920532 -4.000000 -0.214793 -1.539152 -5.902653
-0.781860 -0.916748 -4.000000 -0.241612 -1.575465 -5.890074
-0.785767 -0.914673 -4.000000 -0.252530 -1.592791 -5.869188
-0.789307 -0.916870 -4.000000 -0.254191 -1.589943 -5.845217
-0.782715 -0.921875 -4.000000 -0.266533 -1.590417 -5.832400
-0.778687 -0.918823 -4.000000 -0.279587 -1.588756 -5.830739
-0.777344 -0.916748 -4.000000 -0.285520 -1.580212 -5.818160
-0.784790 -0.913818 -4.000000 -0.284571 -1.541525 -5.797749
-0.781494 -0.916260 -4.000000 -0.304033 -1.492158 -5.778524
-0.788330 -0.921753 -4.000000 -0.333463 -1.391051 -5.756926
-0.783936 -0.912109 -4.000000 -0.382830 -1.275704 -5.743160
-0.786621 -0.918823 -4.000000 -0.449048 -1.188600 -5.742211
-0.784912 -0.911743 -4.000000 -0.561547 -1.146354 -5.763809
-0.784790 -0.918823 -4.000000 -0.726973 -1.153474 -5.802732
-0.784912 -0.913086 -4.000000 -0.886703 -1.192398 -5.838096
-0.788452 -0.912842 -4.000000 -1.015104 -1.234644 -5.858033
-0.777588 -0.915039 -4.000000 -1.101259 -1.221828 -5.861356
-0.780518 -0.919312 -4.000000 -1.224913 -1.171749 -5.859694
-0.784546 -0.918701 -4.000000 -1.276179 -1.130214 -5.851150
-0.783447 -0.922974 -4.000000 -1.280926 -1.105531 -5.813888
-0.778809 -0.922363 -4.000000 -1.232508 -1.077288 -5.780897
-0.782959 -0.918335 -4.000000 -1.105531 -1.041924 -5.746958
-0.785278 -0.922241 -4.000000 -0.957905 -1.056164 -5.711594
-0.787598 -0.923828 -4.000000 -0.818112 -1.133537 -5.701863
-0.785156 -0.919922 -4.000000 -0.703239 -1.219217 -5.699490
-0.787109 -0.919922 -4.000000 -0.619933 -1.279264 -5.688809
-0.779785 -0.915405 -4.000000 -0.587180 -1.320561 -5.696404
-0.789795 -0.913330 -4.000000 -0.588367 -1.367792 -5.715866
-0.783081 -0.914063 -4.000000 -0.598572 -1.425940 -5.745771
-0.787964 -0.917847 -4.000000 -0.630850 -1.476257 -5.762147
-0.776733 -0.915771 -4.000000 -0.647227 -1.491209 -5.774014
-0.781128 -0.913330 -4.000000 -0.636072 -1.472222 -5.775913
-0.784668 -0.915771 -4.000000 -0.596199 -1.447776 -5.761198
-0.779297 -0.915649 -4.000000 -0.542323 -1.424991 -5.775201
-0.786865 -0.915161 -4.000000 -0.488209 -1.423330 -5.791578
-0.781860 -0.919434 -4.000000 -0.455219 -1.450861 -5.816261
-0.783325 -0.915039 -4.000000 -0.425551 -1.482427 -5.827416
-0.782959 -0.917969 -4.000000 -0.385678 -1.493108 -5.836672
-0.777954 -0.913696 -4.000000 -0.332988 -1.481003 -5.835248
-0.782837 -0.921387 -4.000000 -0.299761 -1.456795 -5.833350
-0.776489 -0.919434 -4.000000 -0.299049 -1.456557 -5.846878
-0.788818 -0.923828 -4.000000 -0.312577 -1.449674 -5.859457
-0.778809 -0.916748 -4.000000 -0.315425 -1.406479 -5.867764
-0.778442 -0.911987 -4.000000 -0.303321 -1.359722 -5.868476
-0.781250 -0.918213 -4.000000 -0.294302 -1.351416 -5.886039
-0.783569 -0.924805 -4.000000 -0.293590 -1.349992 -5.897431
-0.787964 -0.914063 -4.000000 -0.305220 -1.342397 -5.909298
-0.783569 -0.910522 -4.000000 -0.331090 -1.342871 -5.911672
-0.783691 -0.919922 -4.000000 -0.352213 -1.370878 -5.929235
-0.790283 -0.919556 -4.000000 -0.370014 -1.397934 -5.914520
-0.789917 -0.920410 -4.000000 -0.377134 -1.419058 -5.909773
-0.780151 -0.918091 -4.000000 -0.355773 -1.420719 -5.885564
-0.782104 -0.919556 -4.000000 -0.327530 -1.416209 -5.859457
-0.784668 -0.920166 -4.000000 -0.277925 -1.406241 -5.830739
-0.785889 -0.914795 -4.000000 -0.232356 -1.390102 -5.788730
-0.789185 -0.914429 -4.000000 -0.217641 -1.412649 -5.724885
-0.779297 -0.917358 -4.000000 -0.215268 -1.470323 -5.667686
-0.785278 -0.918335 -4.000000 -0.237340 -1.501889 -5.586278
-0.784424 -0.918701 -4.000000 -0.271992 -1.518741 -5.504870
-0.789185 -0.916626 -4.000000 -0.302134 -1.560987 -5.433194
-0.780762 -0.916626 -4.000000 -0.326818 -1.638597 -5.371960
-0.778320 -0.918701 -4.000000 -0.323257 -1.688676 -5.301707
-0.782593 -0.915771 -4.000000 -0.287419 -1.714546 -5.231929
-0.784058 -0.912476 -4.000000 -0.237815 -1.719293 -5.148860
-0.788818 -0.914795 -4.000000 -0.162815 -1.678708 -5.043244
-0.783936 -0.918579 -4.000000 -0.085205 -1.619610 -4.961599
-0.786133 -0.919556 -4.000000 -0.067879 -1.610116 -4.923862
-0.779541 -0.925293 -4.000000 -0.107515 -1.660907 -4.907960
-0.783813 -0.911865 -4.000000 -0.156170 -1.750385 -4.929795
-0.788818 -0.919189 -4.000000 -0.193670 -1.898960 -4.993402
-0.786133 -0.921387 -4.000000 -0.205062 -2.068658 -5.048465
-0.784546 -0.918335 -4.000000 -0.113449 -2.037092 -5.059620
-0.785400 -0.919800 -4.000000 0.020886 -1.860036 -5.054873
-0.788208 -0.921143 -4.000000 0.150711 -1.600148 -5.033038
-0.782349 -0.922241 -4.000000 0.207435 -1.290656 -5.005269
-0.788330 -0.913940 -4.000000 0.159493 -1.038838 -4.983434
-0.782959 -0.918457 -4.000000 0.048892 -0.876023 -4.994351
-0.786011 -0.921753 -4.000000 -0.096835 -0.853238 -5.056772
-0.790161 -0.914429 -4.000000 -0.229271 -0.927763 -5.146249
-0.786255 -0.915283 -4.000000 -0.319460 -1.047620 -5.258274
-0.793091 -0.914429 -4.000000 -0.405140 -1.202366 -5.369112
-0.787964 -0.918823 -4.000000 -0.493668 -1.323884 -5.443874
-0.781250 -0.921631 -4.000000 -0.563209 -1.366131 -5.474966
-0.781982 -0.916626 -4.000000 -0.576974 -1.290656 -5.474016
-0.783936 -0.911377 -4.000000 -0.569379 -1.160119 -5.450045
-0.781372 -0.919434 -4.000000 -0.551816 -1.045484 -5.432244
-0.783936 -0.916870 -4.000000 -0.539474 -0.978079 -5.433194
-0.779419 -0.912354 -4.000000 -0.494617 -0.967874 -5.456690
-0.779297 -0.920776 -4.000000 -0.393985 -0.974994 -5.502497
-0.780029 -0.920288 -4.000000 -0.313764 -1.044297 -5.565155
-0.784912 -0.914185 -4.000000 -0.245410 -1.158221 -5.617133
-0.779053 -0.904785 -4.000000 -0.232831 -1.301099 -5.686673
-0.779419 -0.919556 -4.000000 -0.267245 -1.412412 -5.739363
-0.777832 -0.918579 -4.000000 -0.301422 -1.468662 -5.785170
-0.784790 -0.918823 -4.000000 -0.328479 -1.478630 -5.806056
-0.785889 -0.913696 -4.000000 -0.358384 -1.471985 -5.800359
-0.781982 -0.915649 -4.000000 -0.349602 -1.440418 -5.792290
-0.781006 -0.914429 -4.000000 -0.294539 -1.396748 -5.791340
-0.785889 -0.911743 -4.000000 -0.224049 -1.354976 -5.769268
-0.781006 -0.916992 -4.000000 -0.173258 -1.352128 -5.756214
-0.786865 -0.918091 -4.000000 -0.195568 -1.362808 -5.752179
-0.785278 -0.921387 -4.000000 -0.225711 -1.362096 -5.757164
-0.786499 -0.922485 -4.000000 -0.278875 -1.364232 -5.774726
