-0.785400 -0.916260 -4.000000 -0.263685 -1.490022 -5.583905
-0.787231 -0.914795 -4.000000 -0.302134 -1.354264 -5.614285
-0.785522 -0.921631 -4.000000 -0.450709 -1.306796 -5.689521
-0.780884 -0.922241 -4.000000 -0.585044 -1.388678 -5.740550
-0.785400 -0.920166 -4.000000 -0.667401 -1.459405 -5.834774
-0.788452 -0.917114 -4.000000 -0.671198 -1.458693 -5.923064
-0.785522 -0.917236 -4.000000 -0.632037 -1.425466 -6.055026
-0.785889 -0.921265 -4.000000 -0.602132 -1.430450 -6.211907
-0.774902 -0.916504 -4.000000 -0.587180 -1.438994 -6.425514
-0.783325 -0.917480 -4.000000 -0.567955 -1.424042 -6.672110
-0.784424 -0.918213 -4.000000 -0.587892 -1.467712 -6.921555
-0.781738 -0.922241 -4.000000 -0.634411 -1.544136 -7.129465
-0.790039 -0.914917 -4.000000 -0.649363 -1.563360 -7.277091
-0.785156 -0.921387 -4.000000 -0.604743 -1.495244 -7.374637
-0.784912 -0.917236 -4.000000 -0.530693 -1.383219 -7.379622
-0.784912 -0.916016 -4.000000 -0.442877 -1.235831 -7.293467
-0.790283 -0.920776 -4.000000 -0.388051 -1.096512 -7.136585
-0.784790 -0.920776 -4.000000 -0.426263 -1.065895 -6.990146
-0.786255 -0.916382 -4.000000 -0.514554 -1.151575 -6.874324
-0.784912 -0.914795 -4.000000 -0.622544 -1.312254 -6.807869
-0.776855 -0.915771 -4.000000 -0.762337 -1.493108 -6.736429
-0.788208 -0.922607 -4.000000 -0.855374 -1.598487 -6.646952
-0.784302 -0.914429 -4.000000 -0.800074 -1.549120 -6.525908
-0.778687 -0.914795 -4.000000 -0.673097 -1.457981 -6.398220
-0.786499 -0.916016 -4.000000 -0.543747 -1.423804 -6.306369
-0.780884 -0.919800 -4.000000 -0.441928 -1.439469 -6.243948
-0.782471 -0.915649 -4.000000 -0.351738 -1.477443 -6.183426
-0.781860 -0.916016 -4.000000 -0.292166 -1.518503 -6.117920
-0.783081 -0.919312 -4.000000 -0.269144 -1.562648 -6.053601
-0.789429 -0.915283 -4.000000 -0.289080 -1.626256 -6.018000
-0.777588 -0.918823 -4.000000 -0.305220 -1.685116 -5.988807
-0.775269 -0.920288 -4.000000 -0.315188 -1.713359 -5.964124
-0.783569 -0.918457 -4.000000 -0.314476 -1.714546 -5.916656
-0.779785 -0.915161 -4.000000 -0.270805 -1.683929 -5.872036
-0.789063 -0.921143 -4.000000 -0.194144 -1.634562 -5.828128
-0.789063 -0.921143 -4.000000 -0.110838 -1.560038 -5.764284
-0.779663 -0.922974 -4.000000 -0.044145 -1.472934 -5.712780
-0.783813 -0.916626 -4.000000 -0.018987 -1.424516 -5.696167
-0.786621 -0.921143 -4.000000 -0.026582 -1.425466 -5.712543
-0.784668 -0.918335 -4.000000 -0.054588 -1.466051 -5.731293
-0.782104 -0.923584 -4.000000 -0.092563 -1.514468 -5.739363
-0.776733 -0.916870 -4.000000 -0.153559 -1.546272 -5.742211
-0.784058 -0.919067 -4.000000 -0.216217 -1.549357 -5.738413
-0.780518 -0.912964 -4.000000 -0.307593 -1.535829 -5.746483
-0.783203 -0.920044 -4.000000 -0.416295 -1.511383 -5.735091
-0.789185 -0.920410 -4.000000 -0.522623 -1.422380 -5.712780
-0.786865 -0.921509 -4.000000 -0.624680 -1.288995 -5.681214
-0.784424 -0.915161 -4.000000 -0.722701 -1.184328 -5.681214
-0.787476 -0.917847 -4.000000 -0.832590 -1.142081 -5.683588
-0.787842 -0.913452 -4.000000 -0.951497 -1.126417 -5.706135
-0.787354 -0.919556 -4.000000 -1.092240 -1.105531 -5.741024
-0.783569 -0.915527 -4.000000 -1.215420 -1.091528 -5.759537
-0.784912 -0.918579 -4.000000 -1.316289 -1.043585 -5.761198
-0.788452 -0.920044 -4.000000 -1.437570 -1.006560 -5.745296
-0.778442 -0.917847 -4.000000 -1.479342 -1.016054 -5.714679
-0.781738 -0.920044 -4.000000 -1.426890 -1.064946 -5.683825
-0.776978 -0.916870 -4.000000 -1.298251 -1.145167 -5.668873
-0.785034 -0.924683 -4.000000 -1.129740 -1.186939 -5.643240
-0.788452 -0.926636 -4.000000 -0.961228 -1.214470 -5.613098
-0.780396 -0.918823 -4.000000 -0.839710 -1.265024 -5.608588
-0.780029 -0.917725 -4.000000 -0.771593 -1.296353 -5.604079
-0.777344 -0.918335 -4.000000 -0.771593 -1.297302 -5.610487
-0.781494 -0.917725 -4.000000 -0.810992 -1.274755 -5.628525
-0.787842 -0.918335 -4.000000 -0.861545 -1.262176 -5.674569
-0.786743 -0.917358 -4.000000 -0.896197 -1.269058 -5.715391
-0.782837 -0.917480 -4.000000 -0.912336 -1.284248 -5.738651
-0.784668 -0.913330 -4.000000 -0.898570 -1.303473 -5.746720
-0.783813 -0.915527 -4.000000 -0.860833 -1.301337 -5.750755
-0.790161 -0.921875 -4.000000 -0.796751 -1.274517 -5.761198
-0.790161 -0.913940 -4.000000 -0.727923 -1.278552 -5.765945
-0.784058 -0.919312 -4.000000 -0.669774 -1.305846 -5.771404
-0.791748 -0.915405 -4.000000 -0.605455 -1.344295 -5.775913
-0.782104 -0.920410 -4.000000 -0.557750 -1.394849 -5.793951
-0.784912 -0.920288 -4.000000 -0.497465 -1.422618 -5.806530
-0.781982 -0.916016 -4.000000 -0.441453 -1.443266 -5.815549
-0.789551 -0.917480 -4.000000 -0.394222 -1.448488 -5.816973
-0.782593 -0.913086 -4.000000 -0.361707 -1.431874 -5.822195
-0.780518 -0.921143 -4.000000 -0.355536 -1.417634 -5.835723
-0.777222 -0.917847 -4.000000 -0.350077 -1.411225 -5.846403
-0.782715 -0.915039 -4.000000 -0.357672 -1.391763 -5.868713
-0.785278 -0.920288 -4.000000 -0.360995 -1.370165 -5.881767
-0.775513 -0.913574 -4.000000 -0.364317 -1.359960 -5.880817
-0.788086 -0.920776 -4.000000 -0.362181 -1.363283 -5.885802
-0.780884 -0.909790 -4.000000 -0.353637 -1.359010 -5.893159
-0.785889 -0.923706 -4.000000 -0.337735 -1.347143 -5.891261
-0.781982 -0.912842 -4.000000 -0.335124 -1.332903 -5.868713
-0.788696 -0.916382 -4.000000 -0.361232 -1.334802 -5.863729
-0.786621 -0.915039 -4.000000 -0.371438 -1.354501 -5.872510
-0.784302 -0.922363 -4.000000 -0.347941 -1.396985 -5.890311
-0.780151 -0.913208 -4.000000 -0.323969 -1.441842 -5.916181
-0.784546 -0.914917 -4.000000 -0.290742 -1.480291 -5.928761
-0.779541 -0.919434 -4.000000 -0.251343 -1.485513 -5.924014
-0.785522 -0.917847 -4.000000 -0.215030 -1.457981 -5.910485
-0.780640 -0.921509 -4.000000 -0.169936 -1.450861 -5.889362
-0.787964 -0.919922 -4.000000 -0.125078 -1.501889 -5.872985
-0.785889 -0.913818 -4.000000 -0.068591 -1.564072 -5.825280
-0.777466 -0.920044 -4.000000 0.006883 -1.624120 -5.745059
-0.784180 -0.916870 -4.000000 0.088528 -1.632664 -5.620455
-0.782715 -0.916382 -4.000000 0.178243 -1.571667 -5.450520
-0.783325 -0.909424 -4.000000 0.215742 -1.535592 -5.288179
-0.787598 -0.918823 -4.000000 0.221201 -1.590180 -5.149809
-0.788330 -0.924194 -4.000000 0.247309 -1.727837 -5.055823
-0.794678 -0.921387 -4.000000 0.286944 -1.874276 -4.941899
-0.790527 -0.910889 -4.000000 0.407276 -1.933374 -4.815160
-0.785400 -0.914307 -4.000000 0.585756 -1.937646 -4.686047
-0.782959 -0.912842 -4.000000 0.752131 -1.879498 -4.573547
-0.783081 -0.917358 -4.000000 0.794141 -1.762726 -4.521570
-0.782349 -0.926636 -4.000000 0.701103 -1.571193 -4.542456
-0.785889 -0.919678 -4.000000 0.512892 -1.315340 -4.622439
-0.787720 -0.918579 -4.000000 0.217404 -1.101496 -4.739923
-0.776733 -0.917236 -4.000000 -0.113686 -1.005611 -4.882802
-0.781616 -0.914063 -4.000000 -0.339634 -1.017715 -5.064604
-0.782471 -0.920898 -4.000000 -0.452845 -1.073015 -5.259698
-0.785767 -0.912354 -4.000000 -0.488921 -1.115025 -5.401390
-0.785278 -0.917603 -4.000000 -0.465899 -1.119771 -5.475441
-0.777222 -0.923096 -4.000000 -0.482038 -1.142793 -5.551864
-0.783813 -0.918823 -4.000000 -0.465187 -1.168189 -5.630661
-0.785645 -0.913696 -4.000000 -0.422940 -1.189075 -5.659616
-0.787109 -0.917847 -4.000000 -0.395409 -1.257429 -5.688809
-0.781616 -0.918823 -4.000000 -0.395172 -1.351653 -5.687860
-0.782715 -0.921997 -4.000000 -0.407751 -1.411225 -5.675993
-0.781006 -0.913086 -4.000000 -0.409887 -1.462965 -5.668873
-0.782715 -0.920288 -4.000000 -0.404191 -1.518028 -5.677654
-0.783203 -0.918823 -4.000000 -0.382355 -1.548171 -5.701388
-0.788818 -0.919800 -4.000000 -0.351738 -1.537490 -5.730344
-0.785645 -0.915161 -4.000000 -0.320172 -1.471035 -5.742448
-0.786255 -0.910889 -4.000000 -0.304508 -1.377760 -5.748619
-0.785522 -0.918213 -4.000000 -0.322783 -1.327207 -5.778524
-0.783813 -0.917114 -4.000000 -0.375947 -1.331954 -5.804394
-0.786743 -0.916016 -4.000000 -0.431959 -1.354026 -5.836197
-0.792236 -0.919189 -4.000000 -0.481801 -1.371115 -5.858270
-0.788086 -0.910522 -4.000000 -0.484174 -1.369216 -5.858745
-0.782837 -0.915527 -4.000000 -0.403004 -1.341447 -5.835723
-0.787964 -0.916626 -4.000000 -0.281723 -1.313441 -5.807954
-0.783691 -0.918945 -4.000000 -0.164952 -1.319137 -5.772591
-0.784058 -0.912720 -4.000000 -0.103006 -1.357112 -5.773777
-0.782104 -0.913818 -4.000000 -0.096123 -1.409327 -5.781372
-0.787842 -0.918457 -4.000000 -0.118907 -1.434485 -5.798935
-0.781860 -0.921997 -4.000000 -0.154509 -1.447538 -5.809141
-0.782837 -0.918945 -4.000000 -0.195806 -1.434010 -5.797037
-0.785522 -0.919189 -4.000000 -0.251581 -1.408377 -5.797037
-0.777832 -0.912720 -4.000000 -0.306406 -1.370640 -5.806293
-0.782837 -0.914429 -4.000000 -0.348416 -1.330292 -5.807005
-0.780884 -0.916382 -4.000000 -0.375947 -1.302998 -5.820770
-0.783936 -0.916504 -4.000000 -0.387814 -1.285672 -5.830976
-0.782959 -0.922852 -4.000000 -0.378795 -1.277365 -5.835485
-0.785156 -0.915161 -4.000000 -0.380219 -1.271195 -5.844979
-0.779297 -0.909546 -4.000000 -0.372150 -1.267635 -5.844979
-0.784912 -0.923950 -4.000000 -0.357197 -1.268346 -5.849489
-0.785278 -0.916016 -4.000000 -0.354349 -1.287808 -5.870137
