-0.787109 -0.921631 -4.000000 -0.322545 -1.371590 -5.787543
-0.782959 -0.911621 -4.000000 -0.265346 -1.369928 -5.768081
-0.777466 -0.918823 -4.000000 -0.220014 -1.382507 -5.758587
-0.786987 -0.915161 -4.000000 -0.177293 -1.415735 -5.751942
-0.786011 -0.923950 -4.000000 -0.146676 -1.469848 -5.742448
-0.780884 -0.922241 -4.000000 -0.158306 -1.495006 -5.719664
-0.782349 -0.919556 -4.000000 -0.149762 -1.457269 -5.706372
-0.780518 -0.918701 -4.000000 -0.109177 -1.365893 -5.688809
-0.782349 -0.909912 -4.000000 -0.062895 -1.270957 -5.676705
-0.788208 -0.919067 -4.000000 -0.096597 -1.238442 -5.684062
-0.782104 -0.916992 -4.000000 -0.198179 -1.272856 -5.697353
-0.778687 -0.913696 -4.000000 -0.320884 -1.338125 -5.768793
-0.777710 -0.915649 -4.000000 -0.450472 -1.412649 -5.876071
-0.789795 -0.924072 -4.000000 -0.571753 -1.512332 -6.027494
-0.787476 -0.914917 -4.000000 -0.680217 -1.643107 -6.222588
-0.781982 -0.916260 -4.000000 -0.738366 -1.752995 -6.435956
-0.786377 -0.916992 -4.000000 -0.751657 -1.786935 -6.643629
-0.786743 -0.917114 -4.000000 -0.782986 -1.748961 -6.845131
-0.786499 -0.907227 -4.000000 -0.811941 -1.626968 -7.023611
-0.791626 -0.918213 -4.000000 -0.832352 -1.494769 -7.139908
-0.791870 -0.913940 -4.000000 -0.833064 -1.388441 -7.190936
-0.793091 -0.913452 -4.000000 -0.795090 -1.289707 -7.169575
-0.785522 -0.917480 -4.000000 -0.737891 -1.220878 -7.072978
-0.781616 -0.919556 -4.000000 -0.665739 -1.196670 -6.929387
-0.778687 -0.908447 -4.000000 -0.607116 -1.247698 -6.785084
-0.781982 -0.918823 -4.000000 -0.576025 -1.342397 -6.645528
-0.786499 -0.919556 -4.000000 -0.567243 -1.443504 -6.534690
-0.783936 -0.923462 -4.000000 -0.560123 -1.524199 -6.434770
-0.783203 -0.917358 -4.000000 -0.520250 -1.519690 -6.317523
-0.778198 -0.921875 -4.000000 -0.499839 -1.457981 -6.224486
-0.788818 -0.919434 -4.000000 -0.494380 -1.412412 -6.160642
-0.783325 -0.917114 -4.000000 -0.506247 -1.402918 -6.124804
-0.786865 -0.917725 -4.000000 -0.500788 -1.410513 -6.116022
-0.781372 -0.915649 -4.000000 -0.478715 -1.460355 -6.107003
-0.782471 -0.917236 -4.000000 -0.448336 -1.533456 -6.067130
-0.783203 -0.917969 -4.000000 -0.427213 -1.574278 -6.021798
-0.782471 -0.920654 -4.000000 -0.397070 -1.577601 -5.977653
-0.782593 -0.916992 -4.000000 -0.367403 -1.553867 -5.933270
-0.784302 -0.917358 -4.000000 -0.326106 -1.533456 -5.882716
-0.784790 -0.915649 -4.000000 -0.274365 -1.495006 -5.852099
-0.785156 -0.912109 -4.000000 -0.232593 -1.437570 -5.844979
-0.789917 -0.915161 -4.000000 -0.227135 -1.422380 -5.842606
-0.784302 -0.916870 -4.000000 -0.241850 -1.449912 -5.858982
-0.789917 -0.917969 -4.000000 -0.261074 -1.457981 -5.867052
-0.785645 -0.918945 -4.000000 -0.273653 -1.452760 -5.879156
-0.782715 -0.916260 -4.000000 -0.287419 -1.461541 -5.873697
-0.784546 -0.914551 -4.000000 -0.303796 -1.480766 -5.872273
-0.786743 -0.918213 -4.000000 -0.306644 -1.472222 -5.860169
-0.789673 -0.913086 -4.000000 -0.288368 -1.438757 -5.841894
-0.776367 -0.917114 -4.000000 -0.256090 -1.398884 -5.810328
-0.786377 -0.910767 -4.000000 -0.234018 -1.357349 -5.776863
-0.789917 -0.914795 -4.000000 -0.234018 -1.327444 -5.751230
-0.788086 -0.912720 -4.000000 -0.254666 -1.315814 -5.737464
-0.777222 -0.916260 -4.000000 -0.290505 -1.326495 -5.729157
-0.784180 -0.918335 -4.000000 -0.339634 -1.347381 -5.728208
-0.779053 -0.914795 -4.000000 -0.414633 -1.371827 -5.736752
-0.786377 -0.912231 -4.000000 -0.498889 -1.392713 -5.740312
-0.781494 -0.914673 -4.000000 -0.577212 -1.402206 -5.768793
-0.781372 -0.917969 -4.000000 -0.650312 -1.388915 -5.787780
-0.784790 -0.917236 -4.000000 -0.705138 -1.375387 -5.784932
-0.784790 -0.916504 -4.000000 -0.737891 -1.298251 -5.774014
-0.791260 -0.921753 -4.000000 -0.779663 -1.196907 -5.746246
-0.785156 -0.921997 -4.000000 -0.846593 -1.131876 -5.736515
-0.786255 -0.920288 -4.000000 -0.940580 -1.106006 -5.750280
-0.787720 -0.925415 -4.000000 -1.096749 -1.133062 -5.764758
-0.786377 -0.920044 -4.000000 -1.222302 -1.150151 -5.788967
-0.785034 -0.919312 -4.000000 -1.323409 -1.138759 -5.794900
-0.781128 -0.916748 -4.000000 -1.365893 -1.117398 -5.762147
-0.783447 -0.924316 -4.000000 -1.328868 -1.101022 -5.721562
-0.787964 -0.921143 -4.000000 -1.209961 -1.071829 -5.676705
-0.789551 -0.912109 -4.000000 -1.055452 -1.073965 -5.646088
-0.791626 -0.920288 -4.000000 -0.927288 -1.113363 -5.640867
-0.776367 -0.915527 -4.000000 -0.830454 -1.149439 -5.637069
-0.786865 -0.917358 -4.000000 -0.753555 -1.144692 -5.640392
-0.787476 -0.916138 -4.000000 -0.683540 -1.124993 -5.646800
-0.786865 -0.909546 -4.000000 -0.642480 -1.134961 -5.684537
-0.783691 -0.918213 -4.000000 -0.633461 -1.186227 -5.719901
-0.788940 -0.922852 -4.000000 -0.660755 -1.232271 -5.741499
-0.790649 -0.920044 -4.000000 -0.700154 -1.262413 -5.764046
-0.776611 -0.921021 -4.000000 -0.707986 -1.291606 -5.785882
-0.789551 -0.919067 -4.000000 -0.679268 -1.314153 -5.805581
-0.780273 -0.915161 -4.000000 -0.621357 -1.335039 -5.818397
-0.789063 -0.915894 -4.000000 -0.548493 -1.363045 -5.839758
-0.786011 -0.919189 -4.000000 -0.460440 -1.393899 -5.834062
-0.788818 -0.920288 -4.000000 -0.371200 -1.415735 -5.835485
-0.786743 -0.919434 -4.000000 -0.299286 -1.418108 -5.844030
-0.780518 -0.925171 -4.000000 -0.262261 -1.404342 -5.846878
-0.786987 -0.920898 -4.000000 -0.254666 -1.382270 -5.864916
-0.790649 -0.926392 -4.000000 -0.271517 -1.339549 -5.884852
-0.782227 -0.919800 -4.000000 -0.299998 -1.298726 -5.884140
-0.783813 -0.915283 -4.000000 -0.344618 -1.278789 -5.892210
-0.779663 -0.909668 -4.000000 -0.377608 -1.277128 -5.902653
-0.788086 -0.910034 -4.000000 -0.395646 -1.289944 -5.899330
-0.783447 -0.916138 -4.000000 -0.408463 -1.326732 -5.895770
-0.783447 -0.922729 -4.000000 -0.400868 -1.363283 -5.890786
-0.783325 -0.920776 -4.000000 -0.377371 -1.379896 -5.873223
-0.789673 -0.924927 -4.000000 -0.336549 -1.372776 -5.839520
-0.777710 -0.918213 -4.000000 -0.279587 -1.341447 -5.802732
-0.789551 -0.912476 -4.000000 -0.237340 -1.310118 -5.766419
-0.785889 -0.915894 -4.000000 -0.209809 -1.318900 -5.725834
-0.791138 -0.915527 -4.000000 -0.193670 -1.386067 -5.691183
-0.780762 -0.917603 -4.000000 -0.184413 -1.478393 -5.656768
-0.782227 -0.912720 -4.000000 -0.207673 -1.617711 -5.617607
-0.773682 -0.920898 -4.000000 -0.244935 -1.788359 -5.550202
-0.782227 -0.909424 -4.000000 -0.299761 -1.956633 -5.463099
-0.783203 -0.914429 -4.000000 -0.355061 -2.123958 -5.357245
-0.788574 -0.911133 -4.000000 -0.306881 -2.248325 -5.225996
-0.781860 -0.912598 -4.000000 -0.162341 -2.267074 -5.100680
-0.777466 -0.922729 -4.000000 0.051503 -2.192549 -4.981772
-0.788452 -0.922241 -4.000000 0.270568 -2.056554 -4.864052
-0.779785 -0.912964 -4.000000 0.437893 -1.868817 -4.785255
-0.779663 -0.919312 -4.000000 0.546832 -1.643344 -4.724496
-0.783569 -0.917480 -4.000000 0.566531 -1.457032 -4.703372
-0.783569 -0.916138 -4.000000 0.444776 -1.419532 -4.757723
-0.786133 -0.917236 -4.000000 0.255615 -1.543899 -4.850761
-0.789307 -0.919312 -4.000000 0.038924 -1.700543 -4.974652
-0.793823 -0.924072 -4.000000 -0.088528 -1.710986 -5.088576
-0.781006 -0.915894 -4.000000 -0.145964 -1.607268 -5.167135
-0.786865 -0.925049 -4.000000 -0.196043 -1.500703 -5.229793
-0.785278 -0.913818 -4.000000 -0.243036 -1.432823 -5.329476
-0.781006 -0.915283 -4.000000 -0.305220 -1.395561 -5.399017
-0.787231 -0.915894 -4.000000 -0.362893 -1.369453 -5.438178
-0.789917 -0.915161 -4.000000 -0.293353 -1.270957 -5.473067
-0.785278 -0.914917 -4.000000 -0.229508 -1.162255 -5.464760
-0.782593 -0.918213 -4.000000 -0.195568 -1.068031 -5.453843
-0.783081 -0.910767 -4.000000 -0.188686 -0.975469 -5.463099
-0.781372 -0.917725 -4.000000 -0.203875 -0.931798 -5.504396
-0.784058 -0.913818 -4.000000 -0.231407 -0.963839 -5.571801
-0.786743 -0.915039 -4.000000 -0.297625 -1.053791 -5.642765
-0.784912 -0.915527 -4.000000 -0.363368 -1.134724 -5.705660
-0.779663 -0.921021 -4.000000 -0.409412 -1.181955 -5.769979
-0.784912 -0.918945 -4.000000 -0.430061 -1.241290 -5.825517
-0.780640 -0.920776 -4.000000 -0.424364 -1.336463 -5.866103
-0.784912 -0.914673 -4.000000 -0.418194 -1.437807 -5.893396
-0.782837 -0.913940 -4.000000 -0.380219 -1.471272 -5.883903
-0.792725 -0.917358 -4.000000 -0.315663 -1.413124 -5.851150
-0.784546 -0.916260 -4.000000 -0.238052 -1.322697 -5.801546
-0.786377 -0.915894 -4.000000 -0.163527 -1.240103 -5.758825
-0.786255 -0.915649 -4.000000 -0.130774 -1.224913 -5.741024
-0.784546 -0.915283 -4.000000 -0.127689 -1.280451 -5.765707
-0.780151 -0.915771 -4.000000 -0.166138 -1.392001 -5.792290
-0.782471 -0.916260 -4.000000 -0.208622 -1.473646 -5.808666
-0.786255 -0.922607 -4.000000 -0.236866 -1.474833 -5.815074
-0.781860 -0.923828 -4.000000 -0.242087 -1.451336 -5.820296
-0.781494 -0.914917 -4.000000 -0.256328 -1.425940 -5.806530
-0.788940 -0.918701 -4.000000 -0.256802 -1.401969 -5.814125
-0.779907 -0.915283 -4.000000 -0.260600 -1.377048 -5.800122
-0.786255 -0.916138 -4.000000 -0.256802 -1.377760 -5.794188
-0.780518 -0.920410 -4.000000 -0.231881 -1.394849 -5.812226
-0.783813 -0.927124 -4.000000 -0.228321 -1.424042 -5.813888
