-0.781006 -0.919189 -4.000000 -0.433621 -1.328868 -5.500124
-0.784546 -0.918335 -4.000000 -0.404428 -1.289470 -5.516500
-0.789795 -0.920288 -4.000000 -0.396596 -1.305372 -5.521247
-0.778809 -0.914307 -4.000000 -0.431485 -1.348567 -5.518874
-0.780762 -0.914551 -4.000000 -0.462339 -1.369453 -5.539997
-0.788330 -0.916504 -4.000000 -0.454744 -1.386067 -5.553288
-0.784302 -0.916016 -4.000000 -0.449997 -1.423804 -5.567291
-0.779785 -0.916138 -4.000000 -0.463051 -1.469848 -5.585566
-0.781738 -0.914673 -4.000000 -0.476817 -1.508060 -5.584617
-0.784668 -0.919556 -4.000000 -0.493193 -1.532981 -5.598857
-0.783081 -0.914673 -4.000000 -0.477054 -1.532744 -5.593873
-0.779663 -0.914063 -4.000000 -0.448810 -1.504263 -5.584142
-0.778931 -0.915527 -4.000000 -0.445250 -1.458693 -5.563256
-0.781860 -0.913452 -4.000000 -0.476105 -1.411937 -5.529316
-0.782593 -0.914795 -4.000000 -0.503399 -1.358061 -5.516975
-0.778564 -0.920532 -4.000000 -0.507196 -1.316764 -5.496801
-0.778320 -0.921631 -4.000000 -0.483700 -1.294454 -5.481374
-0.784790 -0.915649 -4.000000 -0.455219 -1.285435 -5.482561
-0.788208 -0.916016 -4.000000 -0.421516 -1.315340 -5.445061
-0.786499 -0.909668 -4.000000 -0.402054 -1.392713 -5.398305
-0.788208 -0.921875 -4.000000 -0.373574 -1.485038 -5.327103
-0.783081 -0.918579 -4.000000 -0.385678 -1.560987 -5.245932
-0.783813 -0.916016 -4.000000 -0.379744 -1.600148 -5.124889
-0.783691 -0.914551 -4.000000 -0.406801 -1.617474 -5.012390
-0.784912 -0.917236 -4.000000 -0.476817 -1.615338 -4.939526
-0.783447 -0.916748 -4.000000 -0.587180 -1.636936 -4.898941
-0.785278 -0.919067 -4.000000 -0.699679 -1.650702 -4.936440
-0.777466 -0.915283 -4.000000 -0.710359 -1.601098 -5.100443
-0.784180 -0.920044 -4.000000 -0.576974 -1.575702 -5.475915
-0.788940 -0.918701 -4.000000 -0.527133 -1.693186 -6.022510
-0.787598 -0.921631 -4.000000 -0.622306 -1.939307 -6.621319
-0.781128 -0.921631 -4.000000 -0.681404 -2.169528 -7.169813
-0.778442 -0.918945 -4.000000 -0.596199 -2.348007 -7.552880
-0.789429 -0.921875 -4.000000 -0.532354 -2.426330 -7.777166
-0.781616 -0.924194 -4.000000 -0.535914 -2.399036 -7.777166
-0.788330 -0.910400 -4.000000 -0.215505 -2.199670 -7.777166
-0.784058 -0.919067 -4.000000 0.061708 -1.605844 -7.644256
-0.790283 -0.921021 -4.000000 0.160679 -1.028395 -7.359210
-0.788452 -0.922607 -4.000000 0.286232 -0.822384 -7.120446
-0.783813 -0.914673 -4.000000 0.324444 -0.852052 -7.007709
-0.777832 -0.916870 -4.000000 0.237340 -0.829267 -6.885954
-0.785400 -0.922241 -4.000000 0.012579 -0.811466 -6.824957
-0.782959 -0.919434 -4.000000 -0.360757 -0.950548 -6.799562
-0.786011 -0.920410 -4.000000 -0.702290 -1.201179 -6.791729
-0.779785 -0.912964 -4.000000 -0.951023 -1.437807 -6.804546
-0.789795 -0.915405 -4.000000 -1.057114 -1.641920 -6.785321
-0.786133 -0.917358 -4.000000 -0.983538 -1.699594 -6.670211
-0.781860 -0.920410 -4.000000 -0.778476 -1.607743 -6.505972
-0.777954 -0.917603 -4.000000 -0.602370 -1.474120 -6.309691
-0.781494 -0.921631 -4.000000 -0.447386 -1.366843 -6.137383
-0.784058 -0.918457 -4.000000 -0.315663 -1.357349 -6.009693
-0.787598 -0.926636 -4.000000 -0.277451 -1.424042 -5.918080
-0.788208 -0.916016 -4.000000 -0.247546 -1.488836 -5.868950
-0.785400 -0.920776 -4.000000 -0.212657 -1.551968 -5.858508
-0.783936 -0.922119 -4.000000 -0.222388 -1.623170 -5.856846
-0.782593 -0.912842 -4.000000 -0.266296 -1.696508 -5.869663
-0.776611 -0.916504 -4.000000 -0.338685 -1.724752 -5.853761
-0.779663 -0.920288 -4.000000 -0.392323 -1.688676 -5.823144
-0.783569 -0.916992 -4.000000 -0.361232 -1.622933 -5.793714
-0.784058 -0.916626 -4.000000 -0.308780 -1.591841 -5.770217
-0.780273 -0.918091 -4.000000 -0.286707 -1.580449 -5.742211
-0.783325 -0.913818 -4.000000 -0.222151 -1.568582 -5.722037
-0.784424 -0.917969 -4.000000 -0.140505 -1.558376 -5.718714
-0.783325 -0.921509 -4.000000 -0.065743 -1.562174 -5.708034
-0.790039 -0.914673 -4.000000 -0.039398 -1.594689 -5.688572
-0.788086 -0.910889 -4.000000 -0.054826 -1.613914 -5.671246
-0.779785 -0.913452 -4.000000 -0.078085 -1.649990 -5.666025
-0.789063 -0.918945 -4.000000 -0.103955 -1.709087 -5.670772
-0.789307 -0.915161 -4.000000 -0.143591 -1.767473 -5.678604
-0.782837 -0.919556 -4.000000 -0.199603 -1.806634 -5.682639
-0.784912 -0.918823 -4.000000 -0.248021 -1.788596 -5.669585
-0.788818 -0.918579 -4.000000 -0.249445 -1.679183 -5.647512
-0.785156 -0.923706 -4.000000 -0.116771 -1.482190 -5.679316
-0.788940 -0.919189 -4.000000 0.024446 -1.281875 -5.720613
-0.786743 -0.920532 -4.000000 0.060759 -1.149914 -5.729632
-0.789185 -0.922852 -4.000000 -0.092800 -1.086544 -5.754315
-0.785156 -0.917236 -4.000000 -0.356722 -1.086306 -5.807717
-0.782349 -0.921143 -4.000000 -0.642717 -1.196907 -5.881292
-0.787964 -0.922363 -4.000000 -1.092715 -1.451810 -5.921877
-0.787720 -0.915527 -4.000000 -1.533218 -1.631952 -5.917605
-0.784668 -0.916504 -4.000000 -1.777204 -1.590417 -5.897194
-0.788940 -0.916138 -4.000000 -1.833691 -1.397697 -5.867052
-0.787231 -0.922119 -4.000000 -1.803074 -1.214470 -5.830502
-0.784912 -0.916382 -4.000000 -1.725464 -1.106480 -5.793002
-0.780273 -0.925659 -4.000000 -1.597300 -1.082984 -5.755739
-0.785889 -0.912842 -4.000000 -1.436621 -1.139233 -5.731531
-0.777832 -0.917603 -4.000000 -1.234882 -1.247698 -5.735565
-0.789063 -0.907227 -4.000000 -1.024361 -1.334327 -5.746483
-0.788086 -0.918579 -4.000000 -0.858222 -1.358061 -5.745059
-0.785034 -0.918457 -4.000000 -0.740264 -1.313204 -5.741499
-0.785522 -0.920776 -4.000000 -0.667876 -1.230847 -5.760486
-0.781982 -0.917480 -4.000000 -0.654347 -1.178395 -5.794188
-0.786743 -0.920044 -4.000000 -0.651024 -1.186939 -5.821957
-0.783936 -0.920776 -4.000000 -0.634885 -1.211385 -5.839758
-0.788086 -0.920166 -4.000000 -0.593588 -1.236306 -5.872985
-0.789307 -0.921265 -4.000000 -0.542323 -1.253869 -5.882954
-0.786865 -0.918945 -4.000000 -0.464475 -1.270957 -5.883666
-0.785889 -0.912354 -4.000000 -0.389950 -1.285198 -5.880343
-0.781738 -0.919067 -4.000000 -0.321596 -1.291843 -5.871799
-0.784302 -0.914185 -4.000000 -0.254666 -1.305134 -5.864678
-0.782837 -0.920288 -4.000000 -0.214793 -1.329818 -5.855659
-0.786865 -0.916626 -4.000000 -0.205062 -1.347855 -5.854236
-0.786499 -0.915771 -4.000000 -0.203638 -1.320799 -5.845454
-0.788574 -0.915894 -4.000000 -0.183464 -1.280926 -5.850201
-0.779663 -0.916504 -4.000000 -0.162103 -1.255530 -5.844979
-0.782104 -0.918457 -4.000000 -0.146202 -1.269533 -5.862305
-0.787964 -0.917480 -4.000000 -0.151898 -1.332428 -5.874647
-0.795166 -0.922974 -4.000000 -0.176106 -1.404105 -5.885802
-0.782104 -0.920532 -4.000000 -0.201977 -1.427364 -5.889362
-0.789307 -0.921143 -4.000000 -0.212420 -1.418583 -5.864916
-0.784058 -0.920288 -4.000000 -0.200790 -1.364232 -5.808904
-0.778442 -0.911133 -4.000000 -0.159730 -1.324121 -5.746483
-0.786133 -0.923584 -4.000000 -0.141929 -1.316052 -5.681452
-0.789917 -0.920532 -4.000000 -0.149524 -1.340735 -5.635408
-0.784668 -0.918457 -4.000000 -0.203875 -1.409564 -5.610250
-0.783569 -0.916016 -4.000000 -0.291217 -1.521589 -5.590075
-0.784058 -0.918213 -4.000000 -0.356248 -1.673486 -5.603367
-0.786255 -0.921753 -4.000000 -0.416295 -1.897061 -5.648461
-0.788574 -0.919189 -4.000000 -0.459728 -2.154338 -5.696879
-0.789551 -0.918579 -4.000000 -0.459965 -2.407105 -5.665550
-0.783691 -0.919189 -4.000000 -0.477529 -2.570633 -5.543794
-0.786377 -0.911377 -4.000000 -0.510994 -2.502991 -5.353210
-0.783691 -0.919678 -4.000000 -0.439792 -2.254258 -5.193717
-0.780518 -0.917725 -4.000000 -0.311153 -1.963753 -5.076234
-0.776489 -0.920776 -4.000000 -0.211233 -1.721666 -4.986519
-0.785034 -0.923340 -4.000000 -0.161866 -1.525861 -4.907960
-0.785522 -0.922119 -4.000000 -0.086155 -1.405054 -4.873308
-0.779541 -0.917969 -4.000000 -0.011392 -1.477681 -4.914368
-0.782349 -0.919556 -4.000000 -0.009731 -1.738518 -5.036123
-0.786865 -0.914673 -4.000000 -0.117483 -1.991760 -5.194667
-0.786621 -0.921753 -4.000000 -0.149287 -1.887093 -5.332799
-0.788452 -0.916016 -4.000000 -0.407751 -1.404817 -5.374333
-0.776245 -0.913086 -4.000000 -0.500788 -1.126180 -5.346327
-0.781372 -0.918091 -4.000000 -0.607828 -1.118585 -5.252815
-0.786011 -0.920898 -4.000000 -0.421754 -1.268109 -5.306454
-0.783936 -0.915649 -4.000000 -0.457117 -1.257429 -5.465709
-0.779419 -0.920776 -4.000000 -0.717717 -1.401257 -5.555661
-0.775757 -0.914063 -4.000000 -0.622306 -1.435671 -5.624253
-0.785400 -0.918091 -4.000000 -0.391849 -1.281400 -5.701626
-0.785767 -0.919922 -4.000000 -0.289792 -1.007509 -5.707322
-0.786011 -0.913940 -4.000000 -0.215980 -0.730296 -5.600993
-0.790161 -0.919067 -4.000000 -0.054826 -0.457592 -5.532876
-0.779907 -0.913086 -4.000000 0.066930 -0.331090 -5.561595
-0.794189 -0.915649 -4.000000 0.014952 -0.433383 -5.615946
-0.787720 -0.915161 -4.000000 -0.144303 -0.665502 -5.665787
-0.783569 -0.914063 -4.000000 -0.220726 -0.867004 -5.699015
-0.790283 -0.915894 -4.000000 -0.142404 -0.974757 -5.708034
-0.779663 -0.915283 -4.000000 -0.039873 -1.058063 -5.730344
-0.788574 -0.908936 -4.000000 -0.034889 -1.176733 -5.759774
-0.787231 -0.911377 -4.000000 -0.086155 -1.263600 -5.775438
