-0.791870 -0.915527 -4.000000 -0.831166 -1.812568 -5.648936
-0.783569 -0.921997 -4.000000 -0.752843 -1.705765 -5.568003
-0.782227 -0.918091 -4.000000 -0.589791 -1.549832 -5.553525
-0.788574 -0.915649 -4.000000 -0.425788 -1.440181 -5.513177
-0.787842 -0.918213 -4.000000 -0.314476 -1.405766 -5.525044
-0.782471 -0.921387 -4.000000 -0.212894 -1.377286 -5.545930
-0.779785 -0.916870 -4.000000 -0.088765 -1.373488 -5.610250
-0.784912 -0.911499 -4.000000 -0.066930 -1.411700 -5.632560
-0.786865 -0.915283 -4.000000 -0.117721 -1.456795 -5.648699
-0.783691 -0.926514 -4.000000 -0.214793 -1.474120 -5.625202
-0.789673 -0.921143 -4.000000 -0.303084 -1.471747 -5.580582
-0.789429 -0.919800 -4.000000 -0.426026 -1.489073 -5.528130
-0.790894 -0.917236 -4.000000 -0.570803 -1.602284 -5.523858
-0.790649 -0.918701 -4.000000 -0.694695 -1.842710 -5.509617
-0.785400 -0.920166 -4.000000 -0.780612 -2.107819 -5.453843
-0.785156 -0.914917 -4.000000 -0.829030 -2.333292 -5.350362
-0.779785 -0.916138 -4.000000 -0.782036 -2.391678 -5.296723
-0.789429 -0.914063 -4.000000 -0.683303 -2.220556 -5.368637
-0.789185 -0.926758 -4.000000 -0.551341 -1.888991 -5.566579
-0.788208 -0.920654 -4.000000 -0.360757 -1.457032 -5.903128
-0.786255 -0.917603 -4.000000 -0.093275 -1.136385 -6.324644
-0.776978 -0.914185 -4.000000 -0.053639 -1.068506 -6.763011
-0.782471 -0.925537 -4.000000 -0.200078 -1.292793 -7.128278
-0.785767 -0.917847 -4.000000 -0.454981 -1.709087 -7.363719
-0.780396 -0.918091 -4.000000 -0.616610 -2.039228 -7.448925
-0.781250 -0.914795 -4.000000 -0.621357 -2.086221 -7.282787
-0.779175 -0.917358 -4.000000 -0.515266 -1.868343 -6.987298
-0.782471 -0.917725 -4.000000 -0.331564 -1.552680 -6.654310
-0.783203 -0.921509 -4.000000 -0.156407 -1.343583 -6.343156
-0.773071 -0.917114 -4.000000 -0.004509 -1.272381 -6.080421
-0.787842 -0.916138 -4.000000 0.008070 -1.288995 -5.919029
-0.786743 -0.916138 -4.000000 -0.099208 -1.339786 -5.858033
-0.788818 -0.918823 -4.000000 -0.262261 -1.386305 -5.875359
-0.789185 -0.919434 -4.000000 -0.438368 -1.452760 -5.971956
-0.789673 -0.912231 -4.000000 -0.603319 -1.572379 -6.074962
-0.780640 -0.915039 -4.000000 -0.731245 -1.703629 -6.149012
-0.784302 -0.919189 -4.000000 -0.766846 -1.781239 -6.169898
-0.787476 -0.924683 -4.000000 -0.696119 -1.766524 -6.130974
-0.782471 -0.919434 -4.000000 -0.569617 -1.669926 -6.066180
-0.790527 -0.918091 -4.000000 -0.450709 -1.501652 -5.996165
-0.785034 -0.917969 -4.000000 -0.306169 -1.312966 -5.925200
-0.785767 -0.920410 -4.000000 -0.173021 -1.161306 -5.878207
-0.784058 -0.918091 -4.000000 -0.143354 -1.112651 -5.873223
-0.784546 -0.931030 -4.000000 -0.177768 -1.143031 -5.878207
-0.786255 -0.916992 -4.000000 -0.249445 -1.245562 -5.914282
-0.782471 -0.922485 -4.000000 -0.328242 -1.393662 -5.950121
-0.789673 -0.915039 -4.000000 -0.389238 -1.515180 -5.977653
-0.781372 -0.918945 -4.000000 -0.403241 -1.547696 -5.957479
-0.784790 -0.913696 -4.000000 -0.374760 -1.530133 -5.937779
-0.786987 -0.916870 -4.000000 -0.308780 -1.503551 -5.920454
-0.782837 -0.916870 -4.000000 -0.256090 -1.477443 -5.890786
-0.780273 -0.922974 -4.000000 -0.225236 -1.474595 -5.860406
-0.787964 -0.915527 -4.000000 -0.242562 -1.457032 -5.841656
-0.788208 -0.920776 -4.000000 -0.269619 -1.419532 -5.828840
-0.790283 -0.909546 -4.000000 -0.308305 -1.419295 -5.829077
-0.788696 -0.915527 -4.000000 -0.354824 -1.457032 -5.843081
-0.788208 -0.921387 -4.000000 -0.410361 -1.565734 -5.821957
-0.780151 -0.920898 -4.000000 -0.473019 -1.739230 -5.810565
-0.782593 -0.911011 -4.000000 -0.551579 -1.927915 -5.779711
-0.781372 -0.909912 -4.000000 -0.663841 -2.045398 -5.722749
-0.781982 -0.920288 -4.000000 -0.821909 -1.985114 -5.644189
-0.782471 -0.915283 -4.000000 -0.907589 -1.756318 -5.579395
-0.785156 -0.916870 -4.000000 -0.951972 -1.453709 -5.572038
-0.792725 -0.912231 -4.000000 -0.914709 -1.251258 -5.622117
-0.783569 -0.912720 -4.000000 -0.888127 -1.207825 -5.726309
-0.781616 -0.912231 -4.000000 -1.024835 -1.319612 -5.892447
-0.783813 -0.922363 -4.000000 -1.219929 -1.489073 -6.036275
-0.786499 -0.916138 -4.000000 -1.424279 -1.594689 -6.117920
-0.788574 -0.924194 -4.000000 -1.539626 -1.576651 -6.115785
-0.785400 -0.925903 -4.000000 -1.557427 -1.445640 -6.036513
-0.785889 -0.919189 -4.000000 -1.502601 -1.209961 -5.943001
-0.780151 -0.916016 -4.000000 -1.386305 -0.996355 -5.857321
-0.782349 -0.919922 -4.000000 -1.274043 -0.915421 -5.779948
-0.784668 -0.916382 -4.000000 -1.217081 -0.946038 -5.721087
-0.787720 -0.916870 -4.000000 -1.219217 -1.034092 -5.705660
-0.782837 -0.921143 -4.000000 -1.233220 -1.150626 -5.711594
-0.787964 -0.913574 -4.000000 -1.201416 -1.265024 -5.732243
-0.782959 -0.908325 -4.000000 -1.106718 -1.312492 -5.751467
-0.785767 -0.920044 -4.000000 -0.964314 -1.282587 -5.749806
-0.784546 -0.918091 -4.000000 -0.778713 -1.243188 -5.763809
-0.786133 -0.922729 -4.000000 -0.581721 -1.252919 -5.781372
-0.786865 -0.920166 -4.000000 -0.411548 -1.309169 -5.779948
-0.782715 -0.918335 -4.000000 -0.290267 -1.359248 -5.770454
-0.780518 -0.919678 -4.000000 -0.231407 -1.363045 -5.750043
-0.782837 -0.921509 -4.000000 -0.218353 -1.304185 -5.750992
-0.793579 -0.916382 -4.000000 -0.231169 -1.265261 -5.782084
-0.783447 -0.920898 -4.000000 -0.271992 -1.288520 -5.827653
-0.784424 -0.913940 -4.000000 -0.322545 -1.358773 -5.862542
-0.783447 -0.921021 -4.000000 -0.339159 -1.435909 -5.874172
-0.787354 -0.919922 -4.000000 -0.277688 -1.469136 -5.876308
-0.780151 -0.921753 -4.000000 -0.175157 -1.446114 -5.853761
-0.788696 -0.921875 -4.000000 -0.095173 -1.399358 -5.843555
-0.785767 -0.914551 -4.000000 -0.035838 -1.347855 -5.843555
-0.789185 -0.917847 -4.000000 -0.014715 -1.297777 -5.846403
-0.784668 -0.920654 -4.000000 -0.007358 -1.227999 -5.860169
-0.780884 -0.914673 -4.000000 -0.021835 -1.181005 -5.872036
-0.789307 -0.909912 -4.000000 -0.083069 -1.190736 -5.888650
-0.783325 -0.914795 -4.000000 -0.167088 -1.246511 -5.904314
-0.777344 -0.913330 -4.000000 -0.238527 -1.326020 -5.917130
-0.785034 -0.921143 -4.000000 -0.272941 -1.364707 -5.905026
-0.786987 -0.913696 -4.000000 -0.220252 -1.304897 -5.875122
-0.787720 -0.920898 -4.000000 -0.104430 -1.196432 -5.807954
-0.789795 -0.915283 -4.000000 -0.012579 -1.096987 -5.713493
-0.784790 -0.924561 -4.000000 -0.009494 -1.029345 -5.621642
-0.781372 -0.919067 -4.000000 -0.118907 -0.983775 -5.526706
-0.787964 -0.915039 -4.000000 -0.291217 -0.988760 -5.427972
-0.787109 -0.917969 -4.000000 -0.426026 -1.157983 -5.368637
-0.785889 -0.915405 -4.000000 -0.503161 -1.539152 -5.294825
-0.786865 -0.917114 -4.000000 -0.506009 -1.960193 -5.205585
-0.787598 -0.915405 -4.000000 -0.465899 -2.184480 -5.070538
-0.787598 -0.919312 -4.000000 -0.418906 -2.122772 -4.880191
-0.785767 -0.919189 -4.000000 -0.305932 -1.813042 -4.679638
-0.794800 -0.918945 -4.000000 -0.070015 -1.338837 -4.495462
-0.782715 -0.924316 -4.000000 0.180616 -0.867004 -4.388185
-0.793579 -0.914185 -4.000000 0.330615 -0.633224 -4.383913
-0.785645 -0.923218 -4.000000 0.280062 -0.720090 -4.449893
-0.785889 -0.916016 -4.000000 0.091139 -1.048807 -4.539608
-0.790283 -0.918457 -4.000000 -0.090664 -1.470323 -4.670145
-0.788208 -0.924194 -4.000000 -0.271755 -1.772220 -4.833198
-0.796509 -0.911499 -4.000000 -0.382118 -1.807109 -4.994826
-0.781250 -0.922852 -4.000000 -0.338210 -1.517079 -5.070301
-0.785522 -0.917236 -4.000000 -0.065743 -1.059962 -5.107800
-0.791382 -0.908813 -4.000000 0.187736 -0.755691 -5.207958
-0.788330 -0.911011 -4.000000 0.013054 -0.845406 -5.298859
-0.789185 -0.916260 -4.000000 -0.365267 -1.155373 -5.372197
-0.786133 -0.918335 -4.000000 -0.521911 -1.547459 -5.411121
-0.775269 -0.915771 -4.000000 -0.641056 -1.516367 -5.432007
-0.777344 -0.916382 -4.000000 -0.693034 -1.213521 -5.541183
-0.781372 -0.917480 -4.000000 -0.529506 -0.937494 -5.441738
-0.786987 -0.927246 -4.000000 -0.347466 -0.760913 -5.427023
-0.787964 -0.919312 -4.000000 -0.221676 -0.790581 -5.477339
-0.785767 -0.921387 -4.000000 -0.207673 -0.990896 -5.509617
-0.783081 -0.914673 -4.000000 -0.183227 -1.279976 -5.555661
-0.785645 -0.917114 -4.000000 -0.182515 -1.488124 -5.569902
-0.787354 -0.914917 -4.000000 -0.187973 -1.581161 -5.571326
-0.781738 -0.913696 -4.000000 -0.166613 -1.553867 -5.581532
-0.788086 -0.918213 -4.000000 -0.127452 -1.424516 -5.615471
-0.781616 -0.911865 -4.000000 -0.147863 -1.298489 -5.701151
-0.791260 -0.919800 -4.000000 -0.118433 -1.192872 -5.766419
-0.785767 -0.919556 -4.000000 -0.115585 -1.098173 -5.813888
-0.780273 -0.918823 -4.000000 -0.174208 -1.168664 -5.855897
-0.777954 -0.919922 -4.000000 -0.263922 -1.370165 -5.892210
-0.783569 -0.915894 -4.000000 -0.344855 -1.511620 -5.928998
-0.786011 -0.915283 -4.000000 -0.370726 -1.576889 -5.949172
-0.784546 -0.913452 -4.000000 -0.365504 -1.565971 -5.956054
-0.781006 -0.914551 -4.000000 -0.322071 -1.517791 -5.926862
-0.788330 -0.910400 -4.000000 -0.240900 -1.464627 -5.886276
-0.786011 -0.914795 -4.000000 -0.169461 -1.435671 -5.849726
-0.783936 -0.913208 -4.000000 -0.137657 -1.418820 -5.833350
-0.780029 -0.925903 -4.000000 -0.133623 -1.421431 -5.828365
