-0.781372 -0.921997 -4.000000 -0.238052 -1.362571 -5.709695
-0.782471 -0.919556 -4.000000 -0.253954 -1.346194 -5.725122
-0.784546 -0.915527 -4.000000 -0.286232 -1.362096 -5.734141
-0.784790 -0.920166 -4.000000 -0.314476 -1.397222 -5.759062
-0.786743 -0.917358 -4.000000 -0.339871 -1.418108 -5.773540
-0.787476 -0.923828 -4.000000 -0.344143 -1.418346 -5.781372
-0.778687 -0.917480 -4.000000 -0.345330 -1.436383 -5.760011
-0.787598 -0.917969 -4.000000 -0.340583 -1.455371 -5.735328
-0.783691 -0.916626 -4.000000 -0.348178 -1.467950 -5.714917
-0.783569 -0.916626 -4.000000 -0.353400 -1.468424 -5.701388
-0.783447 -0.915527 -4.000000 -0.356485 -1.473408 -5.706610
-0.790283 -0.920654 -4.000000 -0.378083 -1.484326 -5.704948
-0.788086 -0.917725 -4.000000 -0.419380 -1.535117 -5.695930
-0.781494 -0.916504 -4.000000 -0.490345 -1.621271 -5.654870
-0.782227 -0.918457 -4.000000 -0.595249 -1.765100 -5.614759
-0.782715 -0.923950 -4.000000 -0.705613 -1.949038 -5.592449
-0.788818 -0.919434 -4.000000 -0.778001 -2.117550 -5.601231
-0.781494 -0.925537 -4.000000 -0.739315 -2.177835 -5.646326
-0.784790 -0.905518 -4.000000 -0.672860 -2.096427 -5.823618
-0.784058 -0.919434 -4.000000 -0.568430 -1.882820 -6.064044
-0.784424 -0.921631 -4.000000 -0.336786 -1.564072 -6.307555
-0.777832 -0.921021 -4.000000 -0.112262 -1.284486 -6.534927
-0.781006 -0.918457 -4.000000 0.012579 -1.176733 -6.699167
-0.787842 -0.912109 -4.000000 0.038449 -1.200704 -6.776065
-0.779175 -0.916870 -4.000000 -0.011155 -1.265973 -6.811666
-0.788696 -0.917358 -4.000000 -0.141455 -1.287334 -6.785084
-0.783081 -0.918701 -4.000000 -0.295963 -1.293742 -6.705338
-0.791138 -0.919189 -4.000000 -0.464950 -1.359248 -6.607553
-0.782471 -0.915527 -4.000000 -0.574601 -1.494294 -6.513567
-0.793213 -0.918335 -4.000000 -0.621594 -1.619847 -6.420055
-0.782959 -0.912231 -4.000000 -0.628240 -1.626493 -6.333900
-0.784058 -0.912109 -4.000000 -0.584094 -1.551256 -6.260087
-0.789429 -0.924316 -4.000000 -0.527607 -1.469611 -6.222113
-0.781250 -0.918823 -4.000000 -0.477529 -1.405054 -6.205024
-0.782349 -0.915039 -4.000000 -0.453557 -1.344295 -6.207160
-0.785034 -0.915161 -4.000000 -0.426975 -1.295403 -6.205024
-0.787231 -0.919800 -4.000000 -0.398020 -1.274755 -6.216654
-0.788086 -0.912598 -4.000000 -0.413684 -1.321273 -6.206686
-0.783936 -0.920044 -4.000000 -0.472070 -1.418583 -6.191021
-0.783936 -0.917603 -4.000000 -0.539949 -1.526098 -6.161829
-0.782715 -0.921265 -4.000000 -0.589079 -1.581873 -6.126939
-0.788696 -0.915894 -4.000000 -0.581246 -1.543661 -6.093237
-0.782715 -0.918701 -4.000000 -0.517402 -1.452285 -6.058823
-0.782104 -0.917480 -4.000000 -0.435519 -1.349517 -6.034377
-0.781738 -0.917847 -4.000000 -0.366691 -1.289232 -6.018238
-0.786255 -0.923706 -4.000000 -0.344143 -1.292081 -6.010168
-0.782959 -0.915405 -4.000000 -0.349365 -1.343346 -5.985010
-0.785889 -0.917847 -4.000000 -0.378320 -1.398172 -5.971956
-0.782471 -0.913452 -4.000000 -0.415345 -1.440418 -5.962937
-0.781860 -0.921387 -4.000000 -0.455456 -1.483139 -5.950833
-0.779175 -0.917358 -4.000000 -0.490582 -1.509484 -5.928523
-0.786499 -0.912842 -4.000000 -0.493905 -1.523013 -5.901466
-0.792358 -0.917969 -4.000000 -0.483225 -1.500703 -5.867052
-0.781738 -0.918701 -4.000000 -0.450709 -1.457032 -5.837622
-0.780396 -0.926636 -4.000000 -0.420330 -1.437807 -5.815311
-0.783813 -0.925171 -4.000000 -0.390187 -1.418346 -5.812226
-0.779419 -0.915894 -4.000000 -0.353637 -1.412887 -5.807954
-0.786499 -0.917847 -4.000000 -0.314239 -1.401257 -5.815074
-0.782959 -0.913208 -4.000000 -0.285520 -1.417871 -5.814600
-0.779785 -0.920532 -4.000000 -0.281723 -1.448013 -5.796562
-0.779297 -0.925659 -4.000000 -0.306881 -1.516604 -5.794425
-0.792480 -0.919434 -4.000000 -0.365267 -1.573803 -5.784695
-0.786743 -0.917725 -4.000000 -0.445725 -1.592553 -5.764521
-0.787231 -0.926392 -4.000000 -0.523335 -1.573803 -5.753603
-0.791382 -0.925415 -4.000000 -0.590977 -1.531319 -5.760486
-0.788574 -0.916748 -4.000000 -0.628477 -1.491446 -5.771404
-0.784058 -0.917725 -4.000000 -0.666926 -1.472696 -5.788492
-0.783081 -0.916992 -4.000000 -0.733381 -1.477206 -5.790628
-0.780640 -0.918091 -4.000000 -0.790106 -1.472934 -5.799884
-0.788208 -0.916992 -4.000000 -0.875786 -1.435197 -5.817448
-0.783081 -0.921021 -4.000000 -0.962178 -1.380846 -5.835011
-0.780518 -0.922729 -4.000000 -1.063285 -1.364707 -5.834062
-0.786377 -0.921875 -4.000000 -1.161306 -1.367080 -5.802970
-0.783081 -0.924316 -4.000000 -1.219929 -1.365181 -5.780423
-0.782715 -0.918945 -4.000000 -1.219454 -1.385830 -5.745059
-0.785156 -0.916382 -4.000000 -1.208299 -1.443029 -5.732955
-0.787109 -0.915039 -4.000000 -1.212334 -1.533930 -5.752417
-0.788452 -0.914673 -4.000000 -1.228711 -1.606556 -5.746008
-0.792603 -0.922974 -4.000000 -1.202603 -1.670164 -5.729394
-0.784424 -0.918701 -4.000000 -1.100784 -1.689151 -5.708983
-0.789307 -0.918945 -4.000000 -0.939393 -1.653312 -5.675993
-0.783203 -0.920776 -4.000000 -0.779426 -1.583534 -5.620693
-0.786865 -0.922852 -4.000000 -0.647702 -1.458456 -5.590788
-0.781982 -0.919067 -4.000000 -0.561310 -1.354501 -5.597908
-0.779907 -0.919189 -4.000000 -0.560360 -1.305609 -5.632560
-0.786743 -0.917603 -4.000000 -0.580060 -1.274755 -5.669585
-0.784668 -0.919678 -4.000000 -0.588129 -1.255767 -5.717527
-0.782104 -0.922119 -4.000000 -0.603319 -1.265498 -5.759537
-0.780151 -0.917725 -4.000000 -0.624680 -1.302523 -5.782321
-0.785400 -0.916016 -4.000000 -0.625629 -1.343346 -5.802970
-0.786987 -0.918823 -4.000000 -0.606167 -1.366605 -5.793002
-0.787231 -0.915894 -4.000000 -0.540661 -1.369928 -5.784932
-0.782593 -0.914551 -4.000000 -0.454981 -1.354026 -5.772353
-0.783447 -0.917358 -4.000000 -0.372624 -1.333852 -5.762147
-0.782104 -0.921265 -4.000000 -0.306644 -1.320799 -5.755739
-0.785156 -0.917725 -4.000000 -0.262973 -1.321511 -5.764046
-0.786743 -0.914551 -4.000000 -0.234255 -1.326257 -5.769979
-0.782227 -0.919800 -4.000000 -0.234967 -1.324834 -5.793002
-0.784668 -0.919678 -4.000000 -0.228559 -1.292318 -5.816498
-0.785889 -0.921021 -4.000000 -0.206723 -1.251021 -5.833824
-0.789307 -0.918213 -4.000000 -0.180853 -1.237255 -5.832400
-0.785767 -0.915283 -4.000000 -0.169936 -1.242239 -5.811277
-0.785034 -0.920898 -4.000000 -0.149287 -1.268346 -5.819346
-0.785156 -0.920654 -4.000000 -0.135996 -1.321273 -5.807479
-0.785400 -0.917358 -4.000000 -0.133623 -1.393662 -5.787305
-0.783691 -0.913452 -4.000000 -0.116771 -1.471985 -5.764046
-0.787231 -0.925903 -4.000000 -0.117246 -1.487886 -5.718239
-0.788574 -0.923218 -4.000000 -0.142642 -1.427364 -5.707797
-0.782471 -0.920044 -4.000000 -0.159018 -1.285435 -5.696879
-0.787720 -0.922729 -4.000000 -0.148100 -1.140895 -5.681452
-0.777222 -0.921143 -4.000000 -0.136945 -1.075151 -5.650360
-0.787720 -0.920898 -4.000000 -0.219777 -1.122857 -5.615946
-0.782471 -0.916016 -4.000000 -0.348653 -1.324359 -5.555661
-0.789551 -0.917725 -4.000000 -0.521437 -1.670876 -5.515788
-0.782593 -0.919556 -4.000000 -0.677844 -2.011934 -5.482086
-0.780884 -0.919189 -4.000000 -0.735043 -2.154812 -5.453843
-0.786011 -0.917603 -4.000000 -0.557512 -2.084560 -5.379318
-0.782104 -0.914673 -4.000000 -0.177768 -1.887330 -5.267530
-0.783325 -0.919189 -4.000000 0.212657 -1.577838 -5.141028
-0.781372 -0.917847 -4.000000 0.459491 -1.268584 -5.006218
-0.790039 -0.915161 -4.000000 0.522386 -1.094376 -4.905112
-0.783936 -0.913208 -4.000000 0.434095 -1.037652 -4.869985
-0.773804 -0.916626 -4.000000 0.224524 -1.098411 -4.880903
-0.780518 -0.924438 -4.000000 0.011867 -1.183616 -4.891820
-0.784424 -0.920288 -4.000000 -0.088291 -1.182667 -4.924573
-0.785156 -0.917480 -4.000000 -0.118433 -1.145879 -4.965396
-0.784668 -0.920898 -4.000000 -0.130774 -1.136860 -5.026867
-0.791748 -0.920044 -4.000000 -0.181565 -1.201179 -5.138180
-0.788330 -0.925781 -4.000000 -0.221913 -1.345245 -5.282008
-0.785522 -0.924683 -4.000000 -0.140743 -1.504975 -5.399966
-0.780640 -0.918823 -4.000000 0.054351 -1.615101 -5.421327
-0.785522 -0.919556 -4.000000 0.256565 -1.583772 -5.323068
-0.788452 -0.914673 -4.000000 0.438368 -1.472934 -5.292451
-0.785278 -0.923950 -4.000000 0.328242 -0.986624 -5.336359
-0.782227 -0.924561 -4.000000 -0.051503 -0.646040 -5.486358
-0.784180 -0.924805 -4.000000 -0.317324 -0.764236 -5.556374
-0.779175 -0.919800 -4.000000 -0.518826 -1.110041 -5.552576
-0.781494 -0.918091 -4.000000 -0.604743 -1.495006 -5.608826
-0.782837 -0.916748 -4.000000 -0.582433 -1.746587 -5.648461
-0.779785 -0.915405 -4.000000 -0.480377 -1.856950 -5.629237
-0.785156 -0.913574 -4.000000 -0.357909 -1.813517 -5.583430
-0.786255 -0.917480 -4.000000 -0.279112 -1.624120 -5.529079
-0.788696 -0.914429 -4.000000 -0.185600 -1.424516 -5.478289
-0.782837 -0.915161 -4.000000 -0.085205 -1.203790 -5.509143
-0.786499 -0.918335 -4.000000 -0.042009 -1.049281 -5.567528
-0.784790 -0.924072 -4.000000 -0.103955 -1.077762 -5.645851
-0.783447 -0.919067 -4.000000 -0.245410 -1.251258 -5.736040
-0.786743 -0.918945 -4.000000 -0.372150 -1.401020 -5.789204
-0.789673 -0.914673 -4.000000 -0.433146 -1.450387 -5.843555
-0.791748 -0.912842 -4.000000 -0.418906 -1.418820 -5.881055
