-0.778809 -0.916748 -4.000000 -0.366691 -1.498329 -5.753366
-0.786987 -0.913086 -4.000000 -0.341770 -1.499279 -5.739600
-0.782349 -0.917480 -4.000000 -0.306644 -1.459880 -5.741736
-0.784424 -0.917725 -4.000000 -0.282435 -1.421906 -5.730581
-0.786133 -0.917358 -4.000000 -0.283622 -1.389390 -5.739125
-0.788452 -0.917480 -4.000000 -0.267957 -1.396748 -5.691183
-0.783447 -0.921265 -4.000000 -0.234018 -1.393662 -5.643003
-0.791016 -0.916016 -4.000000 -0.198416 -1.381320 -5.632085
-0.788086 -0.912231 -4.000000 -0.171834 -1.387017 -5.630424
-0.783447 -0.921387 -4.000000 -0.172309 -1.415497 -5.669347
-0.788940 -0.912476 -4.000000 -0.179192 -1.453709 -5.727021
-0.785156 -0.918701 -4.000000 -0.201265 -1.446589 -5.807717
-0.787476 -0.919067 -4.000000 -0.247071 -1.413599 -5.912621
-0.777588 -0.906738 -4.000000 -0.349602 -1.380608 -6.045057
-0.786743 -0.922974 -4.000000 -0.475155 -1.350941 -6.204312
-0.793579 -0.911621 -4.000000 -0.592164 -1.352128 -6.399881
-0.789429 -0.921509 -4.000000 -0.684252 -1.397697 -6.636271
-0.783569 -0.919312 -4.000000 -0.746673 -1.527522 -6.882631
-0.782959 -0.914307 -4.000000 -0.756878 -1.673961 -7.118310
-0.786011 -0.916260 -4.000000 -0.746910 -1.826096 -7.315302
-0.785767 -0.922974 -4.000000 -0.660281 -1.934086 -7.408814
-0.781738 -0.914673 -4.000000 -0.543509 -1.907979 -7.354701
-0.785034 -0.914551 -4.000000 -0.490582 -1.758929 -7.129465
-0.782104 -0.919922 -4.000000 -0.493668 -1.517079 -6.835400
-0.790039 -0.915771 -4.000000 -0.541373 -1.214945 -6.555576
-0.785645 -0.912598 -4.000000 -0.631325 -0.963364 -6.373774
-0.789917 -0.920410 -4.000000 -0.724363 -0.907115 -6.320372
-0.787598 -0.923584 -4.000000 -0.809330 -0.988997 -6.353362
-0.789917 -0.919189 -4.000000 -0.856561 -1.103870 -6.399881
-0.781372 -0.914185 -4.000000 -0.837574 -1.179581 -6.412697
-0.784424 -0.916382 -4.000000 -0.768033 -1.241764 -6.378995
-0.791016 -0.918945 -4.000000 -0.647227 -1.319849 -6.319422
-0.785156 -0.914185 -4.000000 -0.504111 -1.394611 -6.251069
-0.784302 -0.916260 -4.000000 -0.378795 -1.440181 -6.178917
-0.788086 -0.919800 -4.000000 -0.290267 -1.470086 -6.107478
-0.785522 -0.910645 -4.000000 -0.239476 -1.477443 -6.065231
-0.786743 -0.924927 -4.000000 -0.217404 -1.456320 -6.013728
-0.780762 -0.923828 -4.000000 -0.203163 -1.408852 -5.964599
-0.778687 -0.919922 -4.000000 -0.192246 -1.386779 -5.934931
-0.784668 -0.922607 -4.000000 -0.183939 -1.401020 -5.914520
-0.782227 -0.918701 -4.000000 -0.185363 -1.431399 -5.904077
-0.781616 -0.916138 -4.000000 -0.185125 -1.485513 -5.916181
-0.778320 -0.919434 -4.000000 -0.190584 -1.535117 -5.921640
-0.782104 -0.924683 -4.000000 -0.197704 -1.592316 -5.920928
-0.781128 -0.916748 -4.000000 -0.215742 -1.659009 -5.923539
-0.785522 -0.921631 -4.000000 -0.240188 -1.718106 -5.919029
-0.778687 -0.920044 -4.000000 -0.262498 -1.717869 -5.906688
-0.777344 -0.921631 -4.000000 -0.263448 -1.614626 -5.861830
-0.789307 -0.918457 -4.000000 -0.282672 -1.442317 -5.810802
-0.786377 -0.920166 -4.000000 -0.355773 -1.311068 -5.745059
-0.785645 -0.916016 -4.000000 -0.459491 -1.263125 -5.707797
-0.789429 -0.914551 -4.000000 -0.561547 -1.268821 -5.700913
-0.783447 -0.914185 -4.000000 -0.652923 -1.280213 -5.711119
-0.786377 -0.910522 -4.000000 -0.725787 -1.277128 -5.725834
-0.776367 -0.912598 -4.000000 -0.798887 -1.274992 -5.734616
-0.775269 -0.914673 -4.000000 -0.876972 -1.250783 -5.733666
-0.785034 -0.917725 -4.000000 -0.932510 -1.195720 -5.730819
-0.785034 -0.921143 -4.000000 -0.964551 -1.115025 -5.713730
-0.787964 -0.921021 -4.000000 -0.997304 -1.061860 -5.693081
-0.781250 -0.915771 -4.000000 -1.021987 -1.072303 -5.702812
-0.782837 -0.919922 -4.000000 -1.051655 -1.132350 -5.733666
-0.782471 -0.916748 -4.000000 -1.064234 -1.225625 -5.769505
-0.781250 -0.915405 -4.000000 -1.029107 -1.279027 -5.795850
-0.781128 -0.918457 -4.000000 -0.975469 -1.280926 -5.792290
-0.781860 -0.920166 -4.000000 -0.927526 -1.257903 -5.781372
-0.779297 -0.923340 -4.000000 -0.872463 -1.214945 -5.769505
-0.782104 -0.920044 -4.000000 -0.794615 -1.185752 -5.756689
-0.778809 -0.919189 -4.000000 -0.713208 -1.191923 -5.757164
-0.776611 -0.915161 -4.000000 -0.644142 -1.238679 -5.750280
-0.781128 -0.915771 -4.000000 -0.589791 -1.289707 -5.771878
-0.787231 -0.920776 -4.000000 -0.532592 -1.329106 -5.777812
-0.782104 -0.914429 -4.000000 -0.487497 -1.352128 -5.794663
-0.784912 -0.918945 -4.000000 -0.475393 -1.359722 -5.797037
-0.787109 -0.916260 -4.000000 -0.476342 -1.341447 -5.801309
-0.787720 -0.916870 -4.000000 -0.493193 -1.297539 -5.813176
-0.780640 -0.917725 -4.000000 -0.515503 -1.278552 -5.835485
-0.782837 -0.910889 -4.000000 -0.518114 -1.291843 -5.846403
-0.788330 -0.915039 -4.000000 -0.485836 -1.327919 -5.861118
-0.781128 -0.920288 -4.000000 -0.433383 -1.380371 -5.883191
-0.775391 -0.911621 -4.000000 -0.380456 -1.424279 -5.887938
-0.787964 -0.915771 -4.000000 -0.344381 -1.439232 -5.904552
-0.788208 -0.916992 -4.000000 -0.315663 -1.420482 -5.883191
-0.784546 -0.916382 -4.000000 -0.296438 -1.402444 -5.872985
-0.782715 -0.915039 -4.000000 -0.307356 -1.375150 -5.858270
-0.780884 -0.918091 -4.000000 -0.324919 -1.359960 -5.852337
-0.792236 -0.915771 -4.000000 -0.340346 -1.366131 -5.842369
-0.787842 -0.920410 -4.000000 -0.352213 -1.393899 -5.853523
-0.786865 -0.913696 -4.000000 -0.361944 -1.428789 -5.850913
-0.787354 -0.916748 -4.000000 -0.349365 -1.455133 -5.849251
-0.789185 -0.912842 -4.000000 -0.328004 -1.450149 -5.829790
-0.789795 -0.922241 -4.000000 -0.297862 -1.431637 -5.799884
-0.790283 -0.925537 -4.000000 -0.267720 -1.406004 -5.756451
-0.785156 -0.918579 -4.000000 -0.244698 -1.388203 -5.712069
-0.782471 -0.918213 -4.000000 -0.226897 -1.430687 -5.668161
-0.781616 -0.918457 -4.000000 -0.186312 -1.547696 -5.623541
-0.788452 -0.912720 -4.000000 -0.110363 -1.706951 -5.606215
-0.782837 -0.917358 -4.000000 -0.015190 -1.901570 -5.595772
-0.785767 -0.921387 -4.000000 0.078560 -2.033532 -5.549965
-0.777954 -0.918945 -4.000000 0.130300 -2.042551 -5.448621
-0.781250 -0.913574 -4.000000 0.136945 -1.942630 -5.310252
-0.781128 -0.918213 -4.000000 0.126502 -1.700306 -5.187072
-0.781982 -0.919556 -4.000000 0.065506 -1.441842 -5.101155
-0.783936 -0.915771 -4.000000 -0.057911 -1.306321 -5.068876
-0.790894 -0.916382 -4.000000 -0.250157 -1.335276 -5.087152
-0.787598 -0.923706 -4.000000 -0.435045 -1.439469 -5.109224
-0.782227 -0.919678 -4.000000 -0.572227 -1.552680 -5.125363
-0.783447 -0.915894 -4.000000 -0.613050 -1.635749 -5.140553
-0.790161 -0.912598 -4.000000 -0.622069 -1.765100 -5.172357
-0.787109 -0.911255 -4.000000 -0.581721 -1.876887 -5.216502
-0.787231 -0.924438 -4.000000 -0.567955 -1.954735 -5.247594
-0.783691 -0.923340 -4.000000 -0.542323 -1.965178 -5.255900
-0.783813 -0.931641 -4.000000 -0.463763 -1.850542 -5.223385
-0.789673 -0.914551 -4.000000 -0.351976 -1.668740 -5.178290
-0.783569 -0.913086 -4.000000 -0.253954 -1.531557 -5.166661
-0.791626 -0.914185 -4.000000 -0.168986 -1.448962 -5.175205
-0.781616 -0.911011 -4.000000 -0.106803 -1.399121 -5.199414
-0.785767 -0.916016 -4.000000 -0.068354 -1.356637 -5.227657
-0.779541 -0.919556 -4.000000 -0.058386 -1.334802 -5.265632
-0.788452 -0.913330 -4.000000 -0.088291 -1.325546 -5.304318
-0.784302 -0.916626 -4.000000 -0.158306 -1.331954 -5.364365
-0.785645 -0.913330 -4.000000 -0.263685 -1.387254 -5.440551
-0.780518 -0.911987 -4.000000 -0.358621 -1.490260 -5.530741
-0.777466 -0.914551 -4.000000 -0.435994 -1.595876 -5.617607
-0.782227 -0.916382 -4.000000 -0.460203 -1.622696 -5.661753
-0.786499 -0.917114 -4.000000 -0.431010 -1.570481 -5.674806
-0.784180 -0.917480 -4.000000 -0.370963 -1.489785 -5.666025
-0.781006 -0.920776 -4.000000 -0.323969 -1.415735 -5.647987
-0.787231 -0.923096 -4.000000 -0.312102 -1.364232 -5.637781
-0.779419 -0.910767 -4.000000 -0.324444 -1.335989 -5.650835
-0.782593 -0.919922 -4.000000 -0.350552 -1.332666 -5.669585
-0.780518 -0.922363 -4.000000 -0.376422 -1.339786 -5.700676
-0.784424 -0.918213 -4.000000 -0.400630 -1.356637 -5.752417
-0.784302 -0.916504 -4.000000 -0.420567 -1.383456 -5.796087
-0.782349 -0.915771 -4.000000 -0.403953 -1.382982 -5.825517
-0.782837 -0.920898 -4.000000 -0.363131 -1.356637 -5.839995
-0.782104 -0.913574 -4.000000 -0.307118 -1.323172 -5.839995
-0.783936 -0.919800 -4.000000 -0.249445 -1.304422 -5.830264
-0.778198 -0.918457 -4.000000 -0.210046 -1.303236 -5.833824
-0.787720 -0.916748 -4.000000 -0.187736 -1.315340 -5.833350
-0.785889 -0.914917 -4.000000 -0.184651 -1.345719 -5.851388
-0.781860 -0.917480 -4.000000 -0.198179 -1.388678 -5.861356
-0.780518 -0.913818 -4.000000 -0.206486 -1.415735 -5.878682
-0.782471 -0.919312 -4.000000 -0.220252 -1.418108 -5.876071
-0.776001 -0.917358 -4.000000 -0.226660 -1.409564 -5.875359
-0.782837 -0.913574 -4.000000 -0.232119 -1.385355 -5.869663
-0.782837 -0.918335 -4.000000 -0.234255 -1.360197 -5.868238
-0.787109 -0.914429 -4.000000 -0.253717 -1.351416 -5.862305
-0.789185 -0.922729 -4.000000 -0.277213 -1.349754 -5.866577
-0.790039 -0.909668 -4.000000 -0.288606 -1.348567 -5.873223
-0.779785 -0.914673 -4.000000 -0.307118 -1.348330 -5.883903
