-0.785767 -0.920044 -4.000000 -0.557987 -1.500228 -5.787780
-0.777466 -0.911255 -4.000000 -0.467798 -1.444928 -5.815786
-0.788086 -0.918091 -4.000000 -0.363605 -1.390102 -5.822195
-0.784302 -0.919189 -4.000000 -0.268195 -1.351890 -5.817923
-0.784790 -0.917603 -4.000000 -0.173021 -1.347855 -5.817210
-0.782715 -0.919434 -4.000000 -0.098971 -1.353789 -5.806767
-0.783813 -0.912720 -4.000000 -0.009968 -1.334564 -5.811751
-0.784546 -0.914917 -4.000000 0.054588 -1.313441 -5.794188
-0.785645 -0.914429 -4.000000 0.073575 -1.274043 -5.784695
-0.772949 -0.913086 -4.000000 0.101819 -1.241052 -5.810565
-0.787720 -0.920776 -4.000000 0.072863 -1.241290 -5.860644
-0.786499 -0.924438 -4.000000 -0.040348 -1.301574 -5.957716
-0.789063 -0.911865 -4.000000 -0.188923 -1.409327 -6.100120
-0.784912 -0.914551 -4.000000 -0.342245 -1.568345 -6.289517
-0.784912 -0.916382 -4.000000 -0.518114 -1.811856 -6.510481
-0.789429 -0.917236 -4.000000 -0.686625 -2.046823 -6.731445
-0.784668 -0.918091 -4.000000 -0.798175 -2.199670 -6.902093
-0.782593 -0.920044 -4.000000 -0.889789 -2.292470 -7.033579
-0.787231 -0.916260 -4.000000 -0.933934 -2.300539 -7.098610
-0.787964 -0.916260 -4.000000 -0.873412 -2.136300 -7.088642
-0.782837 -0.920166 -4.000000 -0.708935 -1.849830 -7.009133
-0.787109 -0.915649 -4.000000 -0.511468 -1.621034 -6.966650
-0.787598 -0.920532 -4.000000 -0.384491 -1.547221 -6.917994
-0.783569 -0.914429 -4.000000 -0.335124 -1.579500 -6.874324
-0.784302 -0.918823 -4.000000 -0.362181 -1.608692 -6.824008
-0.781616 -0.916382 -4.000000 -0.423415 -1.582348 -6.723850
-0.779053 -0.915405 -4.000000 -0.531642 -1.552443 -6.620607
-0.784668 -0.917236 -4.000000 -0.654585 -1.493820 -6.511905
-0.781006 -0.917358 -4.000000 -0.847780 -1.450624 -6.491257
-0.789795 -0.915649 -4.000000 -0.882194 -1.385593 -6.413409
-0.775635 -0.915771 -4.000000 -0.807194 -1.297302 -6.315625
-0.784058 -0.915039 -4.000000 -0.668825 -1.190261 -6.217366
-0.785645 -0.913086 -4.000000 -0.514079 -1.099835 -6.133585
-0.788696 -0.908936 -4.000000 -0.366453 -1.092715 -6.068079
-0.786133 -0.917969 -4.000000 -0.278875 -1.202603 -6.044108
-0.782959 -0.921753 -4.000000 -0.284096 -1.371827 -6.043159
-0.782349 -0.912964 -4.000000 -0.306406 -1.497380 -6.038649
-0.778931 -0.916870 -4.000000 -0.348653 -1.545323 -6.040073
-0.783813 -0.915283 -4.000000 -0.395172 -1.556003 -6.014678
-0.786133 -0.922974 -4.000000 -0.436469 -1.564310 -6.005421
-0.786377 -0.917603 -4.000000 -0.462339 -1.581161 -5.991655
-0.785034 -0.918701 -4.000000 -0.461152 -1.559088 -5.966972
-0.781006 -0.916382 -4.000000 -0.420804 -1.523487 -5.939441
-0.780029 -0.915405 -4.000000 -0.388289 -1.489548 -5.912858
-0.780762 -0.913452 -4.000000 -0.395172 -1.488361 -5.885564
-0.776245 -0.914795 -4.000000 -0.413447 -1.529184 -5.884140
-0.784790 -0.917236 -4.000000 -0.442640 -1.574753 -5.886039
-0.786987 -0.914185 -4.000000 -0.444538 -1.610354 -5.883428
-0.791748 -0.911377 -4.000000 -0.431247 -1.636699 -5.877732
-0.784790 -0.908447 -4.000000 -0.419143 -1.641683 -5.862305
-0.786377 -0.906494 -4.000000 -0.424602 -1.629816 -5.845454
-0.782593 -0.912109 -4.000000 -0.446912 -1.594215 -5.830976
-0.788330 -0.921509 -4.000000 -0.481563 -1.552680 -5.799884
-0.787720 -0.916504 -4.000000 -0.520962 -1.505924 -5.801546
-0.786743 -0.913330 -4.000000 -0.576500 -1.457507 -5.807479
-0.789673 -0.915283 -4.000000 -0.643192 -1.405766 -5.820770
-0.787842 -0.911255 -4.000000 -0.717717 -1.349754 -5.828840
-0.786621 -0.918823 -4.000000 -0.829504 -1.286622 -5.837622
-0.784424 -0.916260 -4.000000 -0.955295 -1.223252 -5.848064
-0.784912 -0.919922 -4.000000 -1.084645 -1.176733 -5.833587
-0.787354 -0.916382 -4.000000 -1.197856 -1.151100 -5.830502
-0.790649 -0.912231 -4.000000 -1.327207 -1.102446 -5.849251
-0.780762 -0.919067 -4.000000 -1.432823 -1.059724 -5.844030
-0.794067 -0.916870 -4.000000 -1.445402 -1.007035 -5.828365
-0.785767 -0.914917 -4.000000 -1.436146 -0.971671 -5.786356
-0.783813 -0.915771 -4.000000 -1.415972 -1.006323 -5.756689
-0.786255 -0.915161 -4.000000 -1.392238 -1.109329 -5.747907
-0.780273 -0.914795 -4.000000 -1.368741 -1.216844 -5.738176
-0.792358 -0.915771 -4.000000 -1.310356 -1.241052 -5.722986
-0.783691 -0.919678 -4.000000 -1.216844 -1.181955 -5.696404
-0.789185 -0.908447 -4.000000 -1.106955 -1.087018 -5.666737
-0.782959 -0.913574 -4.000000 -0.998016 -1.018902 -5.649173
-0.782959 -0.916870 -4.000000 -0.918982 -1.025785 -5.663177
-0.781616 -0.919189 -4.000000 -0.841609 -1.083458 -5.702338
-0.782227 -0.920654 -4.000000 -0.792717 -1.155135 -5.724885
-0.784790 -0.914795 -4.000000 -0.740976 -1.192635 -5.752891
-0.784790 -0.917603 -4.000000 -0.697306 -1.235356 -5.777100
-0.777222 -0.911011 -4.000000 -0.662654 -1.295641 -5.784220
-0.782715 -0.914063 -4.000000 -0.628002 -1.336226 -5.786119
-0.788086 -0.911865 -4.000000 -0.590028 -1.333852 -5.784457
-0.788330 -0.916260 -4.000000 -0.558224 -1.320324 -5.771404
-0.780273 -0.913574 -4.000000 -0.516215 -1.324359 -5.765707
-0.786621 -0.921265 -4.000000 -0.444538 -1.338362 -5.764758
-0.785400 -0.908447 -4.000000 -0.365267 -1.373726 -5.772828
-0.783569 -0.920410 -4.000000 -0.277451 -1.424754 -5.778761
-0.786255 -0.916626 -4.000000 -0.187261 -1.449674 -5.780897
-0.786499 -0.913940 -4.000000 -0.123892 -1.446589 -5.786593
-0.791382 -0.914185 -4.000000 -0.091851 -1.423804 -5.797986
-0.793091 -0.918335 -4.000000 -0.094224 -1.414073 -5.816736
-0.780273 -0.912476 -4.000000 -0.112499 -1.400308 -5.843555
-0.787842 -0.913086 -4.000000 -0.140031 -1.393425 -5.861356
-0.783447 -0.913330 -4.000000 -0.145727 -1.382745 -5.877495
-0.782349 -0.916992 -4.000000 -0.127452 -1.378235 -5.897194
-0.780884 -0.922729 -4.000000 -0.114398 -1.401969 -5.905738
-0.780762 -0.916016 -4.000000 -0.117721 -1.415972 -5.907162
-0.783569 -0.920776 -4.000000 -0.107990 -1.392950 -5.911197
-0.784058 -0.918823 -4.000000 -0.109177 -1.388441 -5.898618
-0.778564 -0.912842 -4.000000 -0.121518 -1.429501 -5.908824
-0.783081 -0.914185 -4.000000 -0.136945 -1.492396 -5.941576
-0.787476 -0.916138 -4.000000 -0.126740 -1.555528 -5.967209
-0.780518 -0.918579 -4.000000 -0.125790 -1.611778 -5.987621
-0.782715 -0.919800 -4.000000 -0.149524 -1.689388 -5.969583
-0.788696 -0.915527 -4.000000 -0.176581 -1.775305 -5.930659
-0.784546 -0.924072 -4.000000 -0.183227 -1.829182 -5.877257
-0.787109 -0.921875 -4.000000 -0.144778 -1.834403 -5.779948
-0.784790 -0.914917 -4.000000 -0.053876 -1.796191 -5.676705
-0.782471 -0.921143 -4.000000 0.062658 -1.733059 -5.616658
-0.785767 -0.922485 -4.000000 0.152372 -1.669689 -5.534063
-0.783569 -0.920288 -4.000000 0.190584 -1.598961 -5.455504
-0.786133 -0.917969 -4.000000 0.170648 -1.534405 -5.395931
-0.785400 -0.915527 -4.000000 0.095648 -1.489785 -5.340868
-0.795410 -0.915894 -4.000000 -0.053402 -1.532744 -5.302657
-0.786621 -0.916260 -4.000000 -0.244698 -1.642395 -5.275600
-0.787354 -0.917603 -4.000000 -0.450235 -1.795954 -5.270379
-0.786255 -0.917236 -4.000000 -0.595487 -1.919371 -5.265157
-0.790039 -0.913696 -4.000000 -0.663129 -1.972298 -5.228132
-0.782837 -0.913696 -4.000000 -0.614237 -1.925304 -5.148386
-0.786133 -0.913330 -4.000000 -0.494142 -1.794767 -5.082168
-0.789063 -0.913696 -4.000000 -0.309254 -1.617474 -4.975602
-0.781372 -0.917236 -4.000000 -0.103955 -1.429263 -4.880191
-0.785156 -0.921753 -4.000000 0.065269 -1.274280 -4.803055
-0.783447 -0.922607 -4.000000 0.182752 -1.126417 -4.742059
-0.778198 -0.921143 -4.000000 0.245647 -1.019139 -4.715477
-0.785400 -0.918823 -4.000000 0.231644 -0.987336 -4.723309
-0.784424 -0.923096 -4.000000 0.186312 -0.984725 -4.753214
-0.782837 -0.913208 -4.000000 0.119382 -1.050943 -4.814448
-0.794189 -0.911621 -4.000000 0.049841 -1.087968 -4.890871
-0.787476 -0.918335 -4.000000 -0.087579 -1.106243 -4.976551
-0.781860 -0.914795 -4.000000 -0.289318 -1.124993 -5.041345
-0.786987 -0.919434 -4.000000 -0.529269 -1.151338 -5.119905
-0.786133 -0.921997 -4.000000 -0.710122 -1.181005 -5.194667
-0.778442 -0.917603 -4.000000 -0.803397 -1.198094 -5.276074
-0.792480 -0.917480 -4.000000 -0.777764 -1.190261 -5.350125
-0.783813 -0.922852 -4.000000 -0.674758 -1.179344 -5.426311
-0.784302 -0.919800 -4.000000 -0.528794 -1.189075 -5.491105
-0.778320 -0.913086 -4.000000 -0.370726 -1.204502 -5.541896
-0.775146 -0.916504 -4.000000 -0.245647 -1.183379 -5.582006
-0.780640 -0.920532 -4.000000 -0.175869 -1.166765 -5.624253
-0.781616 -0.916504 -4.000000 -0.151186 -1.166290 -5.664126
-0.787476 -0.919189 -4.000000 -0.195806 -1.227999 -5.704711
-0.780762 -0.918701 -4.000000 -0.253717 -1.302523 -5.739600
-0.784790 -0.913574 -4.000000 -0.316137 -1.358773 -5.768318
-0.776001 -0.910400 -4.000000 -0.351026 -1.399121 -5.771641
-0.782593 -0.917847 -4.000000 -0.374048 -1.418346 -5.792764
-0.779907 -0.916748 -4.000000 -0.379270 -1.421431 -5.798223
-0.783203 -0.917480 -4.000000 -0.370488 -1.434722 -5.814363
-0.786011 -0.911011 -4.000000 -0.347941 -1.436383 -5.817448
-0.780273 -0.918335 -4.000000 -0.306881 -1.410039 -5.815074
-0.790161 -0.909546 -4.000000 -0.272229 -1.371827 -5.811277
-0.786499 -0.911865 -4.000000 -0.268195 -1.352128 -5.813888
