-0.784546 -0.918335 -4.000000 -0.288606 -1.545560 -5.723224
-0.782959 -0.922607 -4.000000 -0.350314 -1.430212 -5.747907
-0.782227 -0.921143 -4.000000 -0.382830 -1.404342 -5.738651
-0.784302 -0.916626 -4.000000 -0.392323 -1.420482 -5.765945
-0.784790 -0.917114 -4.000000 -0.389001 -1.455371 -5.787068
-0.785278 -0.909424 -4.000000 -0.393748 -1.486937 -5.808904
-0.784912 -0.914551 -4.000000 -0.389238 -1.518266 -5.822432
-0.784912 -0.920532 -4.000000 -0.363368 -1.540338 -5.816498
-0.780884 -0.912476 -4.000000 -0.287419 -1.518266 -5.797511
-0.782837 -0.914551 -4.000000 -0.198179 -1.457507 -5.774489
-0.781982 -0.917603 -4.000000 -0.080696 -1.362096 -5.741973
-0.782104 -0.912231 -4.000000 0.023022 -1.264074 -5.710645
-0.786621 -0.919189 -4.000000 0.098971 -1.193110 -5.717765
-0.797363 -0.909912 -4.000000 0.135759 -1.148252 -5.752417
-0.786499 -0.918213 -4.000000 0.142167 -1.156797 -5.832163
-0.786743 -0.922607 -4.000000 0.070015 -1.193110 -5.952969
-0.780029 -0.920898 -4.000000 -0.075949 -1.285198 -6.144028
-0.786133 -0.923340 -4.000000 -0.273891 -1.448250 -6.379944
-0.777832 -0.913330 -4.000000 -0.517402 -1.670876 -6.622269
-0.790039 -0.921143 -4.000000 -0.777764 -1.876175 -6.855337
-0.789917 -0.910034 -4.000000 -0.994930 -2.008611 -7.021000
-0.791504 -0.910156 -4.000000 -1.146828 -2.068183 -7.162218
-0.792603 -0.912842 -4.000000 -1.218742 -2.066997 -7.257154
-0.776001 -0.915161 -4.000000 -1.194059 -1.978706 -7.272106
-0.787842 -0.915161 -4.000000 -1.095800 -1.811618 -7.200667
-0.788452 -0.910278 -4.000000 -0.933222 -1.634325 -7.089355
-0.785156 -0.912598 -4.000000 -0.754030 -1.488836 -6.971633
-0.783447 -0.916382 -4.000000 -0.578636 -1.425703 -6.836349
-0.781372 -0.921143 -4.000000 -0.449760 -1.419295 -6.712221
-0.786133 -0.917114 -4.000000 -0.400393 -1.413361 -6.611351
-0.782227 -0.918823 -4.000000 -0.451659 -1.402681 -6.511905
-0.788208 -0.911377 -4.000000 -0.553003 -1.399833 -6.426226
-0.782349 -0.913086 -4.000000 -0.662417 -1.372539 -6.350039
-0.780273 -0.918579 -4.000000 -0.744062 -1.318425 -6.250831
-0.781860 -0.919067 -4.000000 -0.794141 -1.305372 -6.190072
-0.785156 -0.921509 -4.000000 -0.817637 -1.343109 -6.142366
-0.782227 -0.914429 -4.000000 -0.801973 -1.374675 -6.102731
-0.783569 -0.917114 -4.000000 -0.739078 -1.397934 -6.089202
-0.790649 -0.918457 -4.000000 -0.637496 -1.440893 -6.078047
-0.783569 -0.907349 -4.000000 -0.538288 -1.487649 -6.050991
-0.788086 -0.914307 -4.000000 -0.436706 -1.478867 -5.990943
-0.784424 -0.918823 -4.000000 -0.334887 -1.445877 -5.947748
-0.779419 -0.917603 -4.000000 -0.287419 -1.419770 -5.902890
-0.780640 -0.917969 -4.000000 -0.280536 -1.419295 -5.881292
-0.782959 -0.919312 -4.000000 -0.298099 -1.436146 -5.890311
-0.778809 -0.916870 -4.000000 -0.337735 -1.476257 -5.905738
-0.785278 -0.914063 -4.000000 -0.367877 -1.517316 -5.896719
-0.789063 -0.913452 -4.000000 -0.388763 -1.530607 -5.886751
-0.788574 -0.915039 -4.000000 -0.387814 -1.534880 -5.871324
-0.789917 -0.919312 -4.000000 -0.392561 -1.565022 -5.873460
-0.784058 -0.918823 -4.000000 -0.394460 -1.600860 -5.873460
-0.784058 -0.920654 -4.000000 -0.408937 -1.605607 -5.872273
-0.781128 -0.917114 -4.000000 -0.439080 -1.580449 -5.857321
-0.785522 -0.921021 -4.000000 -0.470408 -1.538914 -5.843318
-0.784058 -0.913818 -4.000000 -0.528082 -1.512570 -5.855659
-0.783325 -0.923096 -4.000000 -0.586943 -1.495481 -5.879394
-0.787842 -0.914795 -4.000000 -0.637971 -1.477443 -5.907400
-0.781982 -0.919434 -4.000000 -0.699916 -1.441605 -5.933507
-0.784546 -0.912598 -4.000000 -0.780612 -1.387017 -5.921403
-0.786011 -0.916992 -4.000000 -0.863444 -1.305134 -5.899805
-0.784424 -0.921997 -4.000000 -0.964551 -1.241764 -5.878207
-0.784302 -0.916504 -4.000000 -1.060436 -1.214708 -5.876545
-0.777954 -0.914429 -4.000000 -1.136860 -1.201416 -5.863255
-0.779785 -0.916260 -4.000000 -1.199993 -1.174360 -5.851624
-0.788086 -0.919312 -4.000000 -1.269533 -1.144455 -5.838334
-0.786011 -0.918213 -4.000000 -1.302998 -1.159645 -5.823381
-0.781250 -0.920654 -4.000000 -1.364469 -1.194296 -5.833824
-0.781372 -0.917847 -4.000000 -1.346194 -1.247935 -5.830264
-0.778076 -0.911621 -4.000000 -1.232033 -1.289470 -5.819346
-0.780640 -0.919434 -4.000000 -1.105056 -1.306321 -5.795138
-0.781738 -0.917969 -4.000000 -0.974757 -1.262413 -5.756214
-0.789917 -0.915527 -4.000000 -0.856086 -1.176970 -5.727971
-0.781250 -0.920044 -4.000000 -0.773255 -1.108616 -5.707559
-0.788452 -0.910400 -4.000000 -0.720565 -1.107192 -5.716104
-0.791382 -0.917114 -4.000000 -0.682116 -1.145167 -5.735091
-0.786255 -0.917725 -4.000000 -0.666214 -1.213046 -5.755739
-0.785767 -0.916992 -4.000000 -0.649600 -1.285435 -5.775913
-0.783936 -0.911133 -4.000000 -0.623256 -1.333852 -5.803919
-0.784180 -0.913940 -4.000000 -0.589553 -1.346431 -5.806530
-0.781616 -0.914673 -4.000000 -0.546832 -1.353077 -5.797037
-0.773438 -0.913696 -4.000000 -0.500551 -1.364232 -5.794425
-0.784180 -0.912109 -4.000000 -0.450947 -1.368267 -5.793477
-0.788696 -0.915527 -4.000000 -0.393036 -1.375624 -5.790391
-0.786133 -0.916626 -4.000000 -0.342007 -1.410988 -5.797037
-0.788208 -0.921631 -4.000000 -0.313289 -1.449437 -5.814363
-0.790894 -0.920532 -4.000000 -0.278163 -1.469611 -5.808429
-0.783447 -0.915283 -4.000000 -0.247783 -1.463203 -5.805106
-0.786743 -0.918457 -4.000000 -0.215742 -1.434959 -5.811514
-0.781616 -0.916260 -4.000000 -0.190822 -1.414311 -5.817210
-0.790161 -0.913330 -4.000000 -0.173258 -1.402206 -5.791103
-0.785156 -0.919556 -4.000000 -0.162103 -1.398884 -5.792527
-0.783325 -0.919312 -4.000000 -0.166138 -1.425940 -5.802970
-0.792725 -0.903687 -4.000000 -0.177293 -1.463915 -5.809616
-0.783569 -0.913574 -4.000000 -0.177768 -1.498092 -5.822432
-0.779907 -0.915894 -4.000000 -0.193907 -1.522301 -5.825517
-0.790894 -0.919678 -4.000000 -0.218828 -1.534880 -5.809378
-0.786377 -0.918457 -4.000000 -0.235916 -1.524437 -5.767844
-0.786499 -0.918823 -4.000000 -0.231407 -1.496905 -5.722512
-0.782715 -0.915161 -4.000000 -0.197467 -1.485276 -5.669347
-0.789795 -0.922729 -4.000000 -0.153322 -1.505687 -5.603841
-0.788086 -0.914185 -4.000000 -0.127452 -1.612253 -5.550915
-0.785767 -0.918213 -4.000000 -0.162578 -1.835352 -5.528130
-0.783203 -0.922729 -4.000000 -0.213844 -2.075304 -5.531928
-0.787476 -0.915283 -4.000000 -0.296201 -2.282027 -5.552576
-0.784668 -0.914551 -4.000000 -0.378083 -2.428941 -5.545930
-0.792114 -0.923462 -4.000000 -0.441928 -2.476171 -5.483273
-0.777344 -0.920410 -4.000000 -0.472545 -2.445317 -5.394982
-0.786255 -0.923828 -4.000000 -0.383067 -2.253071 -5.333511
-0.781128 -0.915161 -4.000000 -0.250394 -2.006238 -5.254714
-0.782593 -0.915649 -4.000000 -0.135521 -1.761540 -5.183512
-0.784424 -0.918457 -4.000000 -0.035126 -1.557902 -5.096883
-0.783081 -0.919556 -4.000000 0.024921 -1.440418 -5.042531
-0.776245 -0.918945 -4.000000 0.086867 -1.421906 -5.018560
-0.786133 -0.919067 -4.000000 0.158069 -1.438282 -4.985332
-0.780640 -0.914429 -4.000000 0.229983 -1.432111 -4.931931
-0.789673 -0.918579 -4.000000 0.311390 -1.409089 -4.901314
-0.785400 -0.916138 -4.000000 0.352450 -1.369216 -4.875919
-0.787720 -0.915405 -4.000000 0.349840 -1.275467 -4.838656
-0.784180 -0.920776 -4.000000 0.271517 -1.167714 -4.805192
-0.780640 -0.916504 -4.000000 0.210046 -0.980690 -4.798783
-0.783203 -0.921021 -4.000000 0.080933 -0.833064 -4.810175
-0.784424 -0.921021 -4.000000 -0.066218 -0.788919 -4.850523
-0.778198 -0.915161 -4.000000 -0.206961 -0.848017 -4.916029
-0.791260 -0.914551 -4.000000 -0.333700 -0.993981 -5.013576
-0.786377 -0.909790 -4.000000 -0.435757 -1.154423 -5.115870
-0.789185 -0.916138 -4.000000 -0.519538 -1.271907 -5.207721
-0.783813 -0.917969 -4.000000 -0.561547 -1.315577 -5.285331
-0.782471 -0.921509 -4.000000 -0.591689 -1.262888 -5.317846
-0.784668 -0.915405 -4.000000 -0.652686 -1.189075 -5.341106
-0.785278 -0.914185 -4.000000 -0.703002 -1.141369 -5.387624
-0.782959 -0.920654 -4.000000 -0.739315 -1.145404 -5.431532
-0.783081 -0.921143 -4.000000 -0.767084 -1.248173 -5.517212
-0.783447 -0.913086 -4.000000 -0.722938 -1.336226 -5.589127
-0.786133 -0.919800 -4.000000 -0.658145 -1.415735 -5.642053
-0.787109 -0.918579 -4.000000 -0.544933 -1.423092 -5.683588
-0.779297 -0.921875 -4.000000 -0.443826 -1.404817 -5.694031
-0.788818 -0.913696 -4.000000 -0.362893 -1.358061 -5.702100
-0.787109 -0.916992 -4.000000 -0.307118 -1.303948 -5.715629
-0.774780 -0.919678 -4.000000 -0.296675 -1.260040 -5.741736
-0.785034 -0.919678 -4.000000 -0.297862 -1.251021 -5.752179
-0.779053 -0.914551 -4.000000 -0.327530 -1.286147 -5.794900
-0.787109 -0.918945 -4.000000 -0.361232 -1.348093 -5.833824
-0.786133 -0.920288 -4.000000 -0.381406 -1.406004 -5.864441
-0.785278 -0.918091 -4.000000 -0.387339 -1.438994 -5.883191
-0.787720 -0.914429 -4.000000 -0.385678 -1.457981 -5.877495
-0.782227 -0.923584 -4.000000 -0.371438 -1.452760 -5.891261
-0.784546 -0.915039 -4.000000 -0.349365 -1.436621 -5.891973
-0.784546 -0.917969 -4.000000 -0.329666 -1.419295 -5.885564
-0.784302 -0.917480 -4.000000 -0.315663 -1.417396 -5.890549
-0.787842 -0.923218 -4.000000 -0.303558 -1.415735 -5.886989
