-0.787109 -0.921021 -4.000000 -0.419380 -1.341447 -5.577497
-0.779419 -0.920898 -4.000000 -0.421754 -1.367555 -5.595772
-0.784912 -0.911621 -4.000000 -0.363605 -1.373726 -5.622354
-0.781616 -0.912231 -4.000000 -0.298811 -1.385593 -5.649648
-0.783447 -0.918457 -4.000000 -0.267008 -1.408140 -5.672195
-0.782227 -0.912964 -4.000000 -0.275552 -1.422855 -5.687385
-0.787720 -0.917114 -4.000000 -0.297387 -1.430687 -5.692607
-0.780518 -0.913696 -4.000000 -0.296438 -1.429026 -5.700676
-0.785034 -0.919556 -4.000000 -0.295251 -1.447301 -5.699015
-0.782471 -0.915649 -4.000000 -0.284334 -1.463203 -5.696404
-0.784058 -0.917236 -4.000000 -0.277451 -1.461067 -5.696879
-0.785400 -0.917603 -4.000000 -0.284808 -1.452285 -5.679790
-0.790894 -0.919922 -4.000000 -0.291217 -1.435197 -5.656056
-0.788452 -0.921875 -4.000000 -0.304745 -1.412887 -5.645851
-0.794067 -0.920776 -4.000000 -0.300473 -1.393425 -5.646800
-0.779541 -0.915283 -4.000000 -0.290979 -1.389627 -5.660091
-0.787476 -0.911011 -4.000000 -0.292166 -1.401969 -5.661278
-0.792603 -0.916870 -4.000000 -0.295489 -1.419058 -5.668161
-0.790283 -0.917725 -4.000000 -0.293827 -1.423092 -5.662465
-0.783447 -0.918579 -4.000000 -0.302846 -1.452523 -5.661515
-0.787598 -0.912354 -4.000000 -0.320172 -1.477681 -5.659616
-0.789185 -0.918579 -4.000000 -0.345093 -1.496431 -5.641816
-0.790527 -0.918213 -4.000000 -0.354112 -1.502839 -5.606452
-0.788696 -0.920166 -4.000000 -0.353162 -1.495481 -5.587228
-0.780029 -0.911133 -4.000000 -0.343906 -1.475545 -5.555661
-0.787964 -0.918701 -4.000000 -0.345567 -1.476019 -5.518399
-0.781494 -0.918457 -4.000000 -0.350552 -1.492158 -5.486358
-0.784424 -0.922729 -4.000000 -0.365504 -1.530845 -5.454792
-0.787231 -0.916016 -4.000000 -0.371438 -1.551968 -5.427023
-0.782715 -0.915771 -4.000000 -0.342719 -1.560750 -5.404950
-0.789673 -0.916870 -4.000000 -0.277213 -1.553155 -5.427735
-0.787964 -0.915649 -4.000000 -0.174208 -1.538440 -5.513889
-0.785034 -0.912842 -4.000000 -0.130774 -1.543187 -5.640392
-0.777710 -0.916870 -4.000000 -0.103480 -1.569531 -5.793239
-0.793823 -0.919189 -4.000000 -0.090427 -1.623882 -5.961039
-0.786499 -0.919067 -4.000000 -0.126265 -1.763201 -6.120057
-0.781250 -0.912720 -4.000000 -0.257040 -1.953310 -6.248458
-0.785767 -0.912720 -4.000000 -0.426500 -2.129417 -6.351226
-0.783447 -0.920166 -4.000000 -0.565819 -2.266600 -6.441653
-0.785767 -0.918579 -4.000000 -0.637971 -2.341362 -6.511905
-0.786011 -0.910889 -4.000000 -0.698018 -2.320001 -6.552253
-0.786011 -0.921875 -4.000000 -0.729109 -2.199195 -6.547269
-0.781372 -0.916016 -4.000000 -0.693983 -2.030446 -6.520924
-0.779053 -0.911743 -4.000000 -0.618271 -1.850305 -6.479152
-0.789795 -0.917725 -4.000000 -0.549205 -1.719768 -6.444263
-0.782959 -0.925293 -4.000000 -0.496991 -1.601098 -6.410799
-0.782715 -0.914063 -4.000000 -0.502449 -1.514706 -6.384454
-0.784424 -0.912476 -4.000000 -0.534016 -1.460355 -6.359770
-0.786499 -0.919189 -4.000000 -0.581484 -1.458219 -6.335799
-0.787109 -0.925415 -4.000000 -0.689711 -1.517316 -6.333900
-0.775513 -0.918579 -4.000000 -0.811466 -1.568819 -6.325593
-0.779907 -0.920776 -4.000000 -0.866292 -1.597537 -6.315862
-0.785156 -0.920410 -4.000000 -0.853950 -1.568819 -6.306843
-0.788330 -0.919067 -4.000000 -0.806482 -1.536541 -6.278363
-0.782593 -0.916748 -4.000000 -0.752606 -1.544611 -6.227334
-0.786255 -0.922974 -4.000000 -0.729821 -1.558851 -6.174645
-0.776245 -0.915039 -4.000000 -0.710597 -1.555054 -6.130499
-0.777588 -0.916016 -4.000000 -0.675708 -1.573803 -6.075912
-0.784424 -0.915039 -4.000000 -0.632749 -1.601335 -6.038412
-0.784302 -0.919922 -4.000000 -0.589316 -1.596113 -6.013966
-0.786499 -0.916138 -4.000000 -0.515266 -1.553630 -5.980975
-0.781006 -0.918213 -4.000000 -0.387814 -1.507586 -5.954868
-0.787842 -0.916992 -4.000000 -0.294302 -1.500940 -5.937542
-0.787964 -0.918091 -4.000000 -0.278637 -1.534405 -5.925200
-0.793579 -0.916992 -4.000000 -0.296201 -1.575940 -5.912621
-0.786743 -0.920654 -4.000000 -0.311628 -1.588281 -5.912858
-0.786011 -0.917114 -4.000000 -0.306169 -1.549595 -5.895533
-0.785278 -0.922607 -4.000000 -0.281011 -1.523487 -5.866340
-0.783691 -0.919556 -4.000000 -0.247546 -1.508535 -5.832875
-0.785767 -0.920410 -4.000000 -0.223812 -1.513044 -5.803682
-0.784790 -0.920776 -4.000000 -0.188448 -1.524199 -5.802021
-0.780151 -0.918579 -4.000000 -0.154034 -1.532032 -5.773065
-0.788696 -0.912720 -4.000000 -0.118907 -1.520877 -5.747432
-0.779663 -0.919067 -4.000000 -0.087816 -1.476019 -5.722986
-0.788452 -0.914307 -4.000000 -0.045807 -1.434485 -5.715629
-0.789063 -0.911987 -4.000000 -0.018038 -1.419295 -5.711119
-0.784424 -0.917236 -4.000000 -0.018987 -1.442554 -5.724411
-0.785645 -0.915161 -4.000000 -0.064319 -1.505687 -5.716815
-0.778198 -0.923096 -4.000000 -0.126740 -1.537728 -5.705660
-0.787231 -0.923706 -4.000000 -0.175394 -1.546984 -5.696404
-0.785278 -0.917236 -4.000000 -0.193432 -1.519927 -5.682401
-0.786743 -0.917847 -4.000000 -0.198179 -1.461304 -5.685249
-0.791260 -0.917358 -4.000000 -0.171122 -1.412412 -5.686911
-0.788818 -0.922241 -4.000000 -0.173496 -1.378710 -5.719664
-0.794922 -0.916870 -4.000000 -0.250869 -1.361384 -5.759774
-0.791748 -0.912354 -4.000000 -0.358384 -1.385118 -5.789204
-0.781616 -0.919678 -4.000000 -0.519063 -1.419295 -5.821720
-0.779785 -0.922241 -4.000000 -0.693983 -1.438994 -5.848064
-0.780273 -0.922119 -4.000000 -0.834726 -1.499991 -5.873460
-0.789551 -0.922485 -4.000000 -0.953871 -1.588044 -5.907162
-0.786377 -0.918213 -4.000000 -1.040737 -1.646667 -5.908349
-0.788818 -0.915649 -4.000000 -1.064471 -1.652838 -5.877495
-0.781616 -0.925537 -4.000000 -1.038838 -1.608692 -5.834062
-0.788330 -0.923218 -4.000000 -0.973570 -1.508060 -5.790628
-0.786255 -0.916016 -4.000000 -0.919694 -1.398884 -5.736040
-0.785645 -0.908203 -4.000000 -0.865105 -1.289944 -5.691658
-0.790405 -0.927490 -4.000000 -0.815264 -1.213996 -5.667923
-0.786255 -0.921631 -4.000000 -0.787970 -1.165815 -5.671009
-0.784912 -0.922974 -4.000000 -0.751657 -1.188838 -5.718714
-0.782104 -0.914673 -4.000000 -0.700391 -1.267635 -5.764758
-0.779785 -0.915405 -4.000000 -0.652686 -1.361147 -5.794663
-0.782837 -0.919312 -4.000000 -0.600471 -1.448962 -5.792290
-0.789307 -0.914673 -4.000000 -0.524285 -1.473171 -5.747195
-0.785400 -0.915527 -4.000000 -0.455219 -1.437807 -5.701388
-0.780273 -0.915283 -4.000000 -0.401580 -1.344295 -5.679553
-0.787354 -0.914185 -4.000000 -0.352688 -1.293979 -5.687148
-0.782593 -0.916382 -4.000000 -0.356010 -1.320799 -5.736278
-0.779663 -0.917969 -4.000000 -0.384966 -1.371352 -5.773777
-0.785645 -0.919922 -4.000000 -0.408225 -1.416684 -5.780423
-0.772949 -0.918579 -4.000000 -0.415345 -1.416209 -5.802732
-0.784424 -0.922729 -4.000000 -0.399444 -1.399358 -5.802258
-0.779663 -0.918335 -4.000000 -0.371912 -1.353789 -5.818635
-0.786865 -0.917114 -4.000000 -0.332514 -1.309881 -5.840470
-0.783203 -0.918091 -4.000000 -0.264160 -1.277128 -5.857558
-0.783569 -0.915405 -4.000000 -0.196043 -1.263600 -5.835248
-0.790161 -0.919067 -4.000000 -0.131724 -1.259565 -5.840470
-0.786255 -0.913940 -4.000000 -0.071914 -1.275467 -5.841894
-0.781860 -0.912842 -4.000000 -0.034414 -1.325546 -5.852099
-0.787964 -0.914307 -4.000000 -0.021598 -1.377048 -5.855659
-0.792480 -0.925903 -4.000000 -0.028956 -1.393899 -5.831213
-0.785767 -0.920654 -4.000000 -0.038686 -1.360909 -5.809141
-0.776978 -0.918701 -4.000000 -0.034414 -1.298963 -5.776625
-0.780029 -0.919800 -4.000000 -0.087579 -1.288046 -5.756451
-0.784058 -0.916016 -4.000000 -0.309017 -1.427127 -5.768318
-0.780884 -0.917847 -4.000000 -0.755454 -1.725701 -5.778049
-0.790283 -0.910400 -4.000000 -1.275704 -2.037092 -5.741261
-0.784912 -0.921021 -4.000000 -1.651651 -2.112329 -5.609063
-0.786865 -0.913452 -4.000000 -1.619610 -1.909877 -5.405188
-0.788818 -0.915527 -4.000000 -1.176496 -1.649752 -5.200363
-0.782959 -0.912476 -4.000000 -0.646515 -1.484326 -5.036361
-0.782349 -0.918213 -4.000000 -0.155933 -1.372302 -4.893957
-0.778564 -0.918335 -4.000000 0.203638 -1.306558 -4.739686
-0.786011 -0.922241 -4.000000 0.368352 -1.242476 -4.582329
-0.787720 -0.916992 -4.000000 0.425314 -1.044060 -4.475051
-0.780640 -0.920288 -4.000000 0.449760 -0.751182 -4.473152
-0.786377 -0.920776 -4.000000 0.385441 -0.519775 -4.585889
-0.781738 -0.914429 -4.000000 0.155458 -0.440978 -4.754638
-0.782715 -0.918457 -4.000000 -0.218590 -0.499364 -4.989842
-0.788818 -0.917603 -4.000000 -0.749758 -0.892874 -5.260885
-0.792725 -0.915527 -4.000000 -1.370878 -1.074440 -5.686436
-0.782227 -0.921509 -4.000000 -1.743264 -1.276179 -5.974092
-0.782715 -0.920166 -4.000000 -1.788122 -1.512570 -5.949409
-0.789063 -0.914551 -4.000000 -1.569769 -1.695084 -5.782559
-0.789917 -0.916992 -4.000000 -1.099123 -1.663281 -5.644427
-0.786621 -0.924561 -4.000000 -0.753793 -1.445877 -5.601706
-0.789307 -0.922607 -4.000000 -0.559411 -1.182429 -5.601231
-0.779785 -0.918701 -4.000000 -0.437418 -0.913523 -5.682164
-0.795898 -0.918091 -4.000000 -0.337023 -0.795090 -5.819346
-0.784912 -0.921997 -4.000000 -0.369776 -0.820485 -5.926862
-0.783325 -0.919189 -4.000000 -0.422466 -0.963364 -6.060959
