-0.781372 -0.925415 -4.000000 -0.516452 -1.477206 -5.713255
-0.787231 -0.917969 -4.000000 -0.540899 -1.463440 -5.709220
-0.784790 -0.921875 -4.000000 -0.538762 -1.452760 -5.724411
-0.785156 -0.921875 -4.000000 -0.527370 -1.461541 -5.704948
-0.781982 -0.919800 -4.000000 -0.527133 -1.480766 -5.694031
-0.781128 -0.919189 -4.000000 -0.548019 -1.510196 -5.670059
-0.785767 -0.917603 -4.000000 -0.552054 -1.522301 -5.663651
-0.791748 -0.912720 -4.000000 -0.540424 -1.533930 -5.658192
-0.785400 -0.921387 -4.000000 -0.509332 -1.537490 -5.654632
-0.785156 -0.924194 -4.000000 -0.492244 -1.562648 -5.645851
-0.786743 -0.915894 -4.000000 -0.483700 -1.599911 -5.628525
-0.783569 -0.919678 -4.000000 -0.467560 -1.637411 -5.588177
-0.782227 -0.920654 -4.000000 -0.434570 -1.649990 -5.551152
-0.789185 -0.921753 -4.000000 -0.332039 -1.598961 -5.486595
-0.779419 -0.913940 -4.000000 -0.168037 -1.458931 -5.419665
-0.787231 -0.922852 -4.000000 0.015902 -1.295403 -5.376707
-0.787964 -0.921509 -4.000000 0.159255 -1.142556 -5.379080
-0.784912 -0.924316 -4.000000 0.258938 -0.975706 -5.421802
-0.783081 -0.920166 -4.000000 0.281723 -0.841609 -5.572038
-0.785522 -0.923218 -4.000000 0.238764 -0.868903 -5.815549
-0.792480 -0.918945 -4.000000 0.127452 -1.050468 -6.172509
-0.782227 -0.916748 -4.000000 -0.068354 -1.399596 -6.595449
-0.778442 -0.918457 -4.000000 -0.359808 -1.866207 -7.035953
-0.786011 -0.917480 -4.000000 -0.638208 -2.297929 -7.392675
-0.785278 -0.919189 -4.000000 -0.829267 -2.612405 -7.659920
-0.784546 -0.923340 -4.000000 -0.937731 -2.747214 -7.777166
-0.785278 -0.916748 -4.000000 -0.913048 -2.671977 -7.777166
-0.788452 -0.916382 -4.000000 -0.716293 -2.427042 -7.756043
-0.787354 -0.920410 -4.000000 -0.394460 -2.084322 -7.580174
-0.781738 -0.916016 -4.000000 -0.117958 -1.770796 -7.354938
-0.785522 -0.919922 -4.000000 0.069066 -1.552443 -7.109291
-0.791382 -0.920288 -4.000000 0.146202 -1.444216 -6.882156
-0.789185 -0.918213 -4.000000 0.131012 -1.468424 -6.708186
-0.781372 -0.922485 -4.000000 0.027057 -1.505924 -6.597823
-0.789063 -0.914795 -4.000000 -0.140268 -1.538440 -6.553677
-0.780640 -0.919678 -4.000000 -0.307356 -1.575227 -6.491494
-0.785400 -0.920410 -4.000000 -0.455693 -1.608930 -6.429311
-0.791138 -0.916138 -4.000000 -0.581246 -1.628154 -6.377808
-0.789795 -0.918701 -4.000000 -0.679505 -1.611541 -6.317523
-0.780029 -0.916748 -4.000000 -0.729347 -1.545560 -6.249170
-0.784668 -0.916382 -4.000000 -0.726261 -1.496905 -6.167762
-0.783813 -0.914063 -4.000000 -0.694458 -1.457507 -6.091101
-0.790649 -0.918945 -4.000000 -0.654822 -1.420719 -6.037937
-0.779785 -0.920776 -4.000000 -0.603319 -1.378947 -5.989994
-0.782227 -0.921265 -4.000000 -0.571041 -1.339786 -5.973618
-0.780762 -0.917969 -4.000000 -0.557512 -1.300150 -5.945849
-0.785889 -0.919434 -4.000000 -0.547069 -1.266685 -5.928761
-0.785278 -0.919678 -4.000000 -0.528557 -1.258615 -5.924488
-0.786499 -0.909912 -4.000000 -0.531642 -1.299913 -5.889836
-0.784302 -0.923096 -4.000000 -0.541373 -1.365893 -5.862068
-0.783569 -0.914429 -4.000000 -0.551579 -1.444928 -5.852099
-0.789673 -0.914673 -4.000000 -0.538288 -1.528946 -5.873223
-0.793457 -0.921509 -4.000000 -0.529032 -1.578313 -5.868950
-0.787354 -0.914185 -4.000000 -0.512892 -1.561936 -5.855422
-0.781860 -0.917969 -4.000000 -0.467323 -1.524911 -5.843555
-0.776855 -0.911743 -4.000000 -0.410836 -1.469374 -5.804631
-0.781006 -0.921509 -4.000000 -0.324919 -1.419770 -5.798460
-0.787964 -0.922485 -4.000000 -0.243036 -1.406953 -5.783745
-0.781372 -0.923584 -4.000000 -0.197467 -1.450624 -5.750280
-0.775635 -0.921997 -4.000000 -0.223337 -1.523250 -5.732717
-0.781860 -0.919922 -4.000000 -0.282672 -1.616999 -5.716578
-0.792358 -0.917847 -4.000000 -0.388051 -1.721429 -5.684062
-0.785156 -0.913330 -4.000000 -0.494617 -1.787884 -5.657955
-0.788818 -0.912231 -4.000000 -0.537813 -1.780764 -5.664600
-0.783569 -0.913940 -4.000000 -0.499601 -1.701255 -5.687860
-0.783203 -0.918335 -4.000000 -0.419618 -1.600860 -5.705898
-0.788696 -0.918701 -4.000000 -0.358621 -1.550781 -5.722512
-0.786377 -0.916504 -4.000000 -0.362656 -1.557902 -5.744822
-0.782227 -0.917358 -4.000000 -0.366691 -1.631002 -5.765945
-0.785889 -0.915283 -4.000000 -0.418431 -1.743027 -5.783745
-0.788818 -0.918579 -4.000000 -0.477529 -1.842473 -5.799647
-0.781494 -0.920044 -4.000000 -0.496753 -1.871191 -5.797749
-0.784668 -0.920410 -4.000000 -0.494142 -1.803074 -5.781610
-0.781250 -0.916870 -4.000000 -0.475630 -1.660907 -5.756689
-0.785645 -0.918823 -4.000000 -0.468272 -1.486700 -5.722749
-0.783569 -0.918701 -4.000000 -0.506247 -1.334090 -5.699015
-0.788086 -0.915649 -4.000000 -0.580060 -1.236068 -5.685724
-0.785034 -0.914429 -4.000000 -0.706325 -1.196907 -5.696167
-0.780396 -0.926636 -4.000000 -0.857273 -1.188600 -5.730106
-0.781616 -0.913086 -4.000000 -1.004424 -1.214708 -5.769030
-0.775024 -0.917114 -4.000000 -1.135199 -1.267872 -5.819821
-0.784790 -0.920410 -4.000000 -1.233457 -1.340735 -5.853286
-0.789673 -0.913208 -4.000000 -1.258853 -1.416921 -5.903602
-0.780151 -0.918945 -4.000000 -1.183616 -1.499516 -5.923064
-0.781006 -0.919189 -4.000000 -1.067319 -1.581636 -5.896957
-0.785522 -0.913696 -4.000000 -0.904266 -1.600623 -5.834536
-0.787476 -0.917847 -4.000000 -0.723651 -1.527285 -5.738888
-0.787842 -0.915649 -4.000000 -0.578636 -1.412649 -5.677417
-0.781616 -0.915405 -4.000000 -0.516215 -1.317001 -5.667212
-0.778442 -0.925781 -4.000000 -0.499127 -1.280451 -5.675993
-0.781372 -0.925293 -4.000000 -0.521199 -1.306084 -5.700676
-0.784424 -0.918091 -4.000000 -0.580772 -1.347143 -5.723698
-0.786011 -0.914673 -4.000000 -0.627528 -1.370165 -5.732480
-0.782715 -0.917236 -4.000000 -0.645091 -1.383931 -5.747195
-0.783569 -0.918701 -4.000000 -0.653635 -1.420007 -5.761436
-0.780518 -0.914307 -4.000000 -0.629189 -1.470323 -5.776151
-0.784424 -0.912964 -4.000000 -0.562971 -1.487412 -5.789916
-0.781616 -0.915894 -4.000000 -0.472070 -1.462728 -5.783508
-0.784668 -0.918457 -4.000000 -0.355061 -1.393188 -5.764521
-0.783203 -0.916748 -4.000000 -0.230220 -1.293979 -5.741973
-0.785645 -0.913696 -4.000000 -0.128401 -1.201179 -5.726546
-0.778442 -0.921021 -4.000000 -0.068829 -1.157983 -5.744347
-0.791870 -0.915039 -4.000000 -0.049129 -1.169613 -5.759774
-0.780029 -0.919189 -4.000000 -0.036788 -1.210673 -5.758587
-0.786865 -0.925049 -4.000000 -0.034889 -1.247935 -5.777575
-0.786011 -0.909424 -4.000000 -0.058148 -1.286622 -5.785407
-0.785767 -0.914185 -4.000000 -0.091851 -1.339311 -5.797274
-0.786499 -0.910156 -4.000000 -0.117721 -1.375150 -5.794900
-0.788574 -0.911133 -4.000000 -0.137420 -1.361384 -5.788492
-0.788330 -0.918091 -4.000000 -0.130774 -1.310118 -5.776151
-0.784180 -0.917847 -4.000000 -0.112499 -1.244850 -5.755739
-0.786255 -0.916504 -4.000000 -0.125316 -1.175072 -5.723936
-0.779663 -0.921509 -4.000000 -0.140980 -1.125942 -5.707322
-0.788696 -0.915649 -4.000000 -0.158069 -1.158458 -5.676705
-0.787842 -0.920166 -4.000000 -0.196518 -1.267397 -5.593873
-0.784058 -0.917847 -4.000000 -0.163765 -1.426652 -5.473542
-0.783813 -0.921997 -4.000000 -0.070015 -1.574278 -5.364128
-0.783447 -0.915894 -4.000000 -0.012104 -1.654974 -5.280584
-0.789307 -0.916138 -4.000000 0.041060 -1.636699 -5.202024
-0.783813 -0.920288 -4.000000 0.073338 -1.558139 -5.124651
-0.780151 -0.913818 -4.000000 0.017801 -1.471272 -5.040633
-0.774902 -0.920654 -4.000000 -0.085443 -1.359010 -4.949257
-0.775146 -0.919312 -4.000000 -0.155458 -1.220404 -4.874969
-0.785767 -0.922119 -4.000000 -0.208622 -1.100784 -4.842454
-0.781860 -0.916870 -4.000000 -0.213844 -1.028633 -4.835808
-0.782715 -0.922607 -4.000000 -0.156645 -1.062335 -4.819194
-0.781982 -0.916504 -4.000000 -0.114635 -1.200704 -4.801157
-0.785278 -0.917236 -4.000000 -0.203401 -1.384169 -4.799733
-0.789307 -0.917236 -4.000000 -0.357197 -1.481241 -4.883276
-0.781006 -0.923096 -4.000000 -0.459016 -1.472696 -4.982485
-0.787720 -0.916504 -4.000000 -0.541373 -1.402681 -5.075047
-0.784180 -0.919434 -4.000000 -0.549443 -1.456320 -5.124889
-0.784912 -0.915771 -4.000000 -0.562496 -1.398409 -5.219113
-0.781006 -0.912109 -4.000000 -0.729347 -1.323409 -5.389523
-0.788208 -0.924683 -4.000000 -0.759014 -1.381795 -5.534301
-0.786987 -0.918945 -4.000000 -0.657195 -1.294691 -5.464285
-0.783569 -0.922119 -4.000000 -0.501025 -1.092952 -5.429396
-0.785645 -0.919434 -4.000000 -0.430535 -0.987098 -5.449333
-0.782837 -0.917969 -4.000000 -0.362181 -1.031956 -5.513177
-0.786133 -0.925171 -4.000000 -0.409412 -1.163205 -5.606927
-0.786621 -0.916260 -4.000000 -0.542560 -1.315340 -5.722274
-0.783691 -0.919922 -4.000000 -0.652923 -1.430450 -5.818635
-0.784424 -0.922974 -4.000000 -0.734093 -1.479579 -5.868238
-0.784424 -0.918579 -4.000000 -0.737891 -1.483851 -5.977415
-0.786377 -0.917847 -4.000000 -0.799125 -1.333852 -5.921640
-0.777466 -0.919678 -4.000000 -0.771593 -1.234169 -5.884615
-0.781616 -0.919434 -4.000000 -0.646990 -1.213996 -5.846641
-0.785400 -0.922852 -4.000000 -0.458067 -1.262176 -5.823856
-0.779663 -0.913086 -4.000000 -0.323732 -1.340973 -5.782321
-0.779419 -0.916992 -4.000000 -0.234255 -1.394137 -5.741736
