-0.791382 -0.918701 -4.000000 -0.257040 -1.454659 -5.744347
-0.779297 -0.916016 -4.000000 -0.366928 -1.393188 -5.790154
-0.789917 -0.927612 -4.000000 -0.416532 -1.392001 -5.784932
-0.785522 -0.918945 -4.000000 -0.423415 -1.410039 -5.814125
-0.784180 -0.922363 -4.000000 -0.389475 -1.418346 -5.841894
-0.783569 -0.913574 -4.000000 -0.368115 -1.437807 -5.881767
-0.786011 -0.919189 -4.000000 -0.354586 -1.454896 -5.889362
-0.781738 -0.920898 -4.000000 -0.351026 -1.448250 -5.874884
-0.787964 -0.919556 -4.000000 -0.342957 -1.415735 -5.860169
-0.781494 -0.920654 -4.000000 -0.315188 -1.377048 -5.831213
-0.786011 -0.923706 -4.000000 -0.285995 -1.327207 -5.824331
-0.790649 -0.916992 -4.000000 -0.273653 -1.310830 -5.819109
-0.790894 -0.917847 -4.000000 -0.288843 -1.331716 -5.831213
-0.777832 -0.917114 -4.000000 -0.314951 -1.367317 -5.851150
-0.785645 -0.913208 -4.000000 -0.336074 -1.392001 -5.869425
-0.787231 -0.911743 -4.000000 -0.340583 -1.390102 -5.857321
-0.783081 -0.919312 -4.000000 -0.335836 -1.372776 -5.843081
-0.788208 -0.916748 -4.000000 -0.336311 -1.349754 -5.835485
-0.792114 -0.913208 -4.000000 -0.328004 -1.325783 -5.822195
-0.789063 -0.915894 -4.000000 -0.325868 -1.320561 -5.836197
-0.789551 -0.912720 -4.000000 -0.326818 -1.333852 -5.828603
-0.782471 -0.915161 -4.000000 -0.327055 -1.350941 -5.823381
-0.790771 -0.918945 -4.000000 -0.337023 -1.377048 -5.807717
-0.782715 -0.918823 -4.000000 -0.347941 -1.412175 -5.804631
-0.787598 -0.915649 -4.000000 -0.353874 -1.419770 -5.793477
-0.787476 -0.920410 -4.000000 -0.321833 -1.412649 -5.772353
-0.790283 -0.915283 -4.000000 -0.284571 -1.407903 -5.727258
-0.791016 -0.909912 -4.000000 -0.240426 -1.407903 -5.694980
-0.785156 -0.912964 -4.000000 -0.224761 -1.411937 -5.688809
-0.785522 -0.918701 -4.000000 -0.218828 -1.465814 -5.717290
-0.784424 -0.923462 -4.000000 -0.241138 -1.559563 -5.770217
-0.785645 -0.912842 -4.000000 -0.261549 -1.635749 -5.813176
-0.779297 -0.917480 -4.000000 -0.255853 -1.620085 -5.862068
-0.783936 -0.920776 -4.000000 -0.274603 -1.550307 -5.935881
-0.782227 -0.924194 -4.000000 -0.338922 -1.507111 -6.049329
-0.788086 -0.918701 -4.000000 -0.433621 -1.544848 -6.200040
-0.785522 -0.912598 -4.000000 -0.533304 -1.618661 -6.361669
-0.783325 -0.925415 -4.000000 -0.600946 -1.680132 -6.500751
-0.782227 -0.919067 -4.000000 -0.630613 -1.687015 -6.589990
-0.786255 -0.921387 -4.000000 -0.640819 -1.641445 -6.646240
-0.786377 -0.916748 -4.000000 -0.655297 -1.605132 -6.674721
-0.784668 -0.922607 -4.000000 -0.665027 -1.597537 -6.702964
-0.784546 -0.922363 -4.000000 -0.635360 -1.610591 -6.724562
-0.781006 -0.917358 -4.000000 -0.597148 -1.602996 -6.728122
-0.788330 -0.918335 -4.000000 -0.562971 -1.557190 -6.707474
-0.794678 -0.921387 -4.000000 -0.529032 -1.481478 -6.654784
-0.784912 -0.909790 -4.000000 -0.512892 -1.392713 -6.605417
-0.789795 -0.917236 -4.000000 -0.511468 -1.348805 -6.593076
-0.785034 -0.922363 -4.000000 -0.553952 -1.377523 -6.602807
-0.786011 -0.923950 -4.000000 -0.630613 -1.424516 -6.611588
-0.791260 -0.919556 -4.000000 -0.706799 -1.470560 -6.598060
-0.785767 -0.920044 -4.000000 -0.734093 -1.486700 -6.562696
-0.790405 -0.919434 -4.000000 -0.679031 -1.479342 -6.495529
-0.782104 -0.917480 -4.000000 -0.551816 -1.446114 -6.396795
-0.783569 -0.913452 -4.000000 -0.417482 -1.380371 -6.307081
-0.787720 -0.916016 -4.000000 -0.339871 -1.304897 -6.213806
-0.787354 -0.914795 -4.000000 -0.355773 -1.257192 -6.171559
-0.784546 -0.921753 -4.000000 -0.429349 -1.282350 -6.185325
-0.784424 -0.916138 -4.000000 -0.517877 -1.336700 -6.209297
-0.781250 -0.915649 -4.000000 -0.588367 -1.388915 -6.226860
-0.789795 -0.919922 -4.000000 -0.634885 -1.444690 -6.262223
-0.786987 -0.918457 -4.000000 -0.662417 -1.527285 -6.272429
-0.784180 -0.921143 -4.000000 -0.628240 -1.559800 -6.262223
-0.794067 -0.914307 -4.000000 -0.561072 -1.534405 -6.214756
-0.782959 -0.918213 -4.000000 -0.481089 -1.503551 -6.175119
-0.780151 -0.919556 -4.000000 -0.413209 -1.478155 -6.115547
-0.781128 -0.911865 -4.000000 -0.378558 -1.452048 -6.059060
-0.782837 -0.914063 -4.000000 -0.360995 -1.409801 -6.027968
-0.789063 -0.919556 -4.000000 -0.358621 -1.383694 -6.003522
-0.798340 -0.916870 -4.000000 -0.360520 -1.394849 -5.988333
-0.787842 -0.909668 -4.000000 -0.381643 -1.438757 -5.994266
-0.789307 -0.906250 -4.000000 -0.415108 -1.489310 -6.005896
-0.786133 -0.919189 -4.000000 -0.441690 -1.536541 -6.003048
-0.787964 -0.918945 -4.000000 -0.452371 -1.588993 -5.981450
-0.783569 -0.911377 -4.000000 -0.426738 -1.612965 -5.961276
-0.779175 -0.925781 -4.000000 -0.386390 -1.613914 -5.926624
-0.787598 -0.923950 -4.000000 -0.346042 -1.609879 -5.890549
-0.789063 -0.919189 -4.000000 -0.316612 -1.608930 -5.858745
-0.791382 -0.916870 -4.000000 -0.315188 -1.615813 -5.822906
-0.785278 -0.922485 -4.000000 -0.337261 -1.613439 -5.810328
-0.782227 -0.918579 -4.000000 -0.368589 -1.569294 -5.815311
-0.780884 -0.914673 -4.000000 -0.432671 -1.540101 -5.842369
-0.783569 -0.917114 -4.000000 -0.548968 -1.527759 -5.891973
-0.789551 -0.920776 -4.000000 -0.650075 -1.460355 -5.924726
-0.785278 -0.914551 -4.000000 -0.721040 -1.340498 -5.930422
-0.784790 -0.918213 -4.000000 -0.796514 -1.178395 -5.925437
-0.777588 -0.916992 -4.000000 -0.883618 -1.047857 -5.912147
-0.783691 -0.915649 -4.000000 -1.017240 -0.984725 -5.902178
-0.786987 -0.916748 -4.000000 -1.168901 -1.019614 -5.923064
-0.781616 -0.917847 -4.000000 -1.291368 -1.142319 -5.951308
-0.781006 -0.916626 -4.000000 -1.333852 -1.290656 -5.951070
-0.782837 -0.916748 -4.000000 -1.276179 -1.398409 -5.914995
-0.781372 -0.919800 -4.000000 -1.111227 -1.417396 -5.846878
-0.783813 -0.917480 -4.000000 -0.891925 -1.390814 -5.754790
-0.781372 -0.915527 -4.000000 -0.661705 -1.343821 -5.699015
-0.782349 -0.919556 -4.000000 -0.501025 -1.326495 -5.673619
-0.786011 -0.910889 -4.000000 -0.449285 -1.337650 -5.685961
-0.780640 -0.924316 -4.000000 -0.476342 -1.358773 -5.714205
-0.783203 -0.918091 -4.000000 -0.568430 -1.375150 -5.750518
-0.781860 -0.920776 -4.000000 -0.667876 -1.369691 -5.791578
-0.780884 -0.916504 -4.000000 -0.731008 -1.378235 -5.821720
-0.783081 -0.924683 -4.000000 -0.729109 -1.381795 -5.825517
-0.779541 -0.920654 -4.000000 -0.672622 -1.382507 -5.817448
-0.787842 -0.914063 -4.000000 -0.561547 -1.377286 -5.793002
-0.791748 -0.919800 -4.000000 -0.459965 -1.374912 -5.761910
-0.787964 -0.911743 -4.000000 -0.387814 -1.369216 -5.736752
-0.790283 -0.918335 -4.000000 -0.355773 -1.378472 -5.722274
-0.786865 -0.920898 -4.000000 -0.369301 -1.426890 -5.736752
-0.780518 -0.910400 -4.000000 -0.434570 -1.483851 -5.768556
-0.785156 -0.910767 -4.000000 -0.494854 -1.521114 -5.813176
-0.777222 -0.912720 -4.000000 -0.529506 -1.535829 -5.855422
-0.779907 -0.916748 -4.000000 -0.510519 -1.519452 -5.866340
-0.787354 -0.916870 -4.000000 -0.446437 -1.481241 -5.852574
-0.788330 -0.916626 -4.000000 -0.373811 -1.422143 -5.846166
-0.776611 -0.912476 -4.000000 -0.319697 -1.387729 -5.840707
-0.785767 -0.919800 -4.000000 -0.287656 -1.375862 -5.830739
-0.780884 -0.915405 -4.000000 -0.274840 -1.363757 -5.831451
-0.784912 -0.918701 -4.000000 -0.278637 -1.365656 -5.835960
-0.789307 -0.916748 -4.000000 -0.307118 -1.387966 -5.844742
-0.786865 -0.919556 -4.000000 -0.334887 -1.396985 -5.847827
-0.783569 -0.923218 -4.000000 -0.350314 -1.388678 -5.846878
-0.786987 -0.914673 -4.000000 -0.362893 -1.372064 -5.844504
-0.785767 -0.921753 -4.000000 -0.357909 -1.356874 -5.836672
-0.782227 -0.920654 -4.000000 -0.338922 -1.362571 -5.831213
-0.788086 -0.916992 -4.000000 -0.329428 -1.380134 -5.832875
-0.788696 -0.909180 -4.000000 -0.329191 -1.387254 -5.836197
-0.791870 -0.920288 -4.000000 -0.323732 -1.382033 -5.837859
-0.784302 -0.914673 -4.000000 -0.323257 -1.380134 -5.833350
-0.787598 -0.917236 -4.000000 -0.318748 -1.382507 -5.831213
-0.790283 -0.920044 -4.000000 -0.299761 -1.370640 -5.834062
-0.785400 -0.916504 -4.000000 -0.285520 -1.349042 -5.839758
-0.783936 -0.919556 -4.000000 -0.276264 -1.333615 -5.837384
-0.797974 -0.917236 -4.000000 -0.260362 -1.338125 -5.845929
-0.781494 -0.917969 -4.000000 -0.227609 -1.351178 -5.873697
-0.781616 -0.914673 -4.000000 -0.179429 -1.367792 -5.884140
-0.789551 -0.922241 -4.000000 -0.096360 -1.348567 -5.898143
-0.783569 -0.916626 -4.000000 0.018038 -1.269058 -5.889836
-0.781250 -0.920410 -4.000000 0.089240 -1.186464 -5.873935
-0.782715 -0.918335 -4.000000 0.136945 -1.139708 -5.811277
-0.779419 -0.920532 -4.000000 0.159018 -1.167002 -5.749331
-0.777100 -0.921997 -4.000000 0.141692 -1.334327 -5.713493
-0.782471 -0.919922 -4.000000 0.133385 -1.581398 -5.680265
-0.788208 -0.917358 -4.000000 0.139319 -1.804736 -5.614285
-0.781494 -0.921509 -4.000000 0.196043 -1.928627 -5.512465
-0.788574 -0.918457 -4.000000 0.253717 -1.953548 -5.428684
-0.790161 -0.922852 -4.000000 0.279350 -1.949513 -5.352024
-0.783325 -0.910278 -4.000000 0.280774 -1.922694 -5.278685
-0.786865 -0.915039 -4.000000 0.308305 -1.858849 -5.231454
-0.781006 -0.919678 -4.000000 0.385203 -1.839150 -5.168560
-0.780762 -0.915649 -4.000000 0.469459 -1.838912 -5.021646
