-0.783691 -0.921753 -4.000000 -0.479902 -1.578788 -5.658905
-0.781006 -0.912354 -4.000000 -0.492006 -1.552917 -5.656294
-0.780396 -0.913086 -4.000000 -0.464000 -1.537016 -5.616895
-0.778564 -0.918335 -4.000000 -0.445962 -1.535592 -5.561357
-0.785889 -0.912598 -4.000000 -0.410124 -1.547221 -5.494190
-0.785645 -0.916748 -4.000000 -0.348890 -1.562886 -5.444823
-0.790161 -0.916626 -4.000000 -0.296201 -1.542000 -5.403764
-0.785889 -0.915039 -4.000000 -0.243986 -1.513756 -5.376707
-0.784424 -0.911743 -4.000000 -0.208622 -1.479579 -5.408985
-0.777100 -0.920776 -4.000000 -0.204825 -1.490972 -5.515788
-0.785645 -0.923462 -4.000000 -0.241138 -1.574990 -5.726784
-0.785767 -0.914063 -4.000000 -0.362181 -1.785748 -6.018712
-0.789673 -0.912476 -4.000000 -0.555376 -2.070794 -6.361194
-0.791016 -0.919922 -4.000000 -0.723888 -2.280603 -6.714356
-0.789307 -0.917236 -4.000000 -0.880295 -2.400222 -7.059687
-0.786011 -0.920044 -4.000000 -0.889314 -2.374352 -7.336188
-0.780762 -0.913330 -4.000000 -0.802447 -2.234084 -7.499716
-0.784546 -0.915527 -4.000000 -0.698730 -2.010984 -7.570918
-0.780518 -0.921997 -4.000000 -0.484174 -1.667315 -7.527010
-0.782593 -0.916260 -4.000000 -0.148338 -1.356400 -7.397185
-0.785889 -0.921631 -4.000000 0.119382 -1.176496 -7.193072
-0.782104 -0.914795 -4.000000 0.084256 -1.160594 -6.981364
-0.787598 -0.917725 -4.000000 -0.156882 -1.257429 -6.822347
-0.789795 -0.922363 -4.000000 -0.453557 -1.387729 -6.711509
-0.779053 -0.923584 -4.000000 -0.706562 -1.507348 -6.653123
-0.785767 -0.920776 -4.000000 -0.887178 -1.555766 -6.608740
-0.783569 -0.923218 -4.000000 -0.956956 -1.564072 -6.561510
-0.787354 -0.917236 -4.000000 -0.969298 -1.581161 -6.500276
-0.781006 -0.915894 -4.000000 -0.946988 -1.631714 -6.409137
-0.793091 -0.923584 -4.000000 -0.847067 -1.682980 -6.287619
-0.781616 -0.915771 -4.000000 -0.709647 -1.695796 -6.184376
-0.778931 -0.912720 -4.000000 -0.562259 -1.636936 -6.085167
-0.781616 -0.921997 -4.000000 -0.424839 -1.510908 -6.011117
-0.783813 -0.917969 -4.000000 -0.355773 -1.348330 -5.961751
-0.780884 -0.912964 -4.000000 -0.365267 -1.221116 -5.926624
-0.785889 -0.919189 -4.000000 -0.408225 -1.207113 -5.934219
-0.792847 -0.912964 -4.000000 -0.480377 -1.321748 -5.949646
-0.781860 -0.910278 -4.000000 -0.541373 -1.481953 -5.943713
-0.789429 -0.913696 -4.000000 -0.582433 -1.626730 -5.919741
-0.790894 -0.916260 -4.000000 -0.594537 -1.697220 -5.879631
-0.786255 -0.918701 -4.000000 -0.551816 -1.643819 -5.836910
-0.784302 -0.914307 -4.000000 -0.451896 -1.510434 -5.803207
-0.786499 -0.910522 -4.000000 -0.316849 -1.370878 -5.776151
-0.782471 -0.918823 -4.000000 -0.185363 -1.266210 -5.756689
-0.791992 -0.915771 -4.000000 -0.071914 -1.213521 -5.739600
-0.785034 -0.920288 -4.000000 0.033465 -1.221116 -5.727496
-0.783325 -0.930298 -4.000000 0.138844 -1.265498 -5.707085
-0.786621 -0.923096 -4.000000 0.205062 -1.287334 -5.661278
-0.783325 -0.917725 -4.000000 0.229745 -1.242002 -5.627101
-0.788696 -0.921021 -4.000000 0.214793 -1.137572 -5.608588
-0.792236 -0.908691 -4.000000 0.203638 -0.991370 -5.638493
-0.786987 -0.922974 -4.000000 0.148575 -0.885754 -5.699490
-0.781128 -0.916992 -4.000000 0.001899 -0.928475 -5.773777
-0.787476 -0.916016 -4.000000 -0.257040 -1.176258 -5.835960
-0.791992 -0.921265 -4.000000 -0.599522 -1.531794 -5.895295
-0.780518 -0.915405 -4.000000 -0.925627 -1.801887 -5.940627
-0.782837 -0.917114 -4.000000 -1.128078 -1.936697 -5.985010
-0.776245 -0.920532 -4.000000 -1.232271 -1.938833 -6.002810
-0.784668 -0.922119 -4.000000 -1.329818 -1.817077 -5.965311
-0.788696 -0.914795 -4.000000 -1.430687 -1.659483 -5.893634
-0.786011 -0.915161 -4.000000 -1.493108 -1.510196 -5.825043
-0.782715 -0.918335 -4.000000 -1.492158 -1.404817 -5.743872
-0.785156 -0.913452 -4.000000 -1.411225 -1.332903 -5.674332
-0.781494 -0.915283 -4.000000 -1.272381 -1.301811 -5.626389
-0.789185 -0.917114 -4.000000 -1.017952 -1.273331 -5.608588
-0.784546 -0.912476 -4.000000 -0.763761 -1.236543 -5.641104
-0.777344 -0.917114 -4.000000 -0.584094 -1.191923 -5.675281
-0.782104 -0.921143 -4.000000 -0.485598 -1.120009 -5.708271
-0.784790 -0.921631 -4.000000 -0.454981 -1.002763 -5.750518
-0.781128 -0.916382 -4.000000 -0.482987 -0.941766 -5.779948
-0.781128 -0.915527 -4.000000 -0.615423 -0.998253 -5.810090
-0.786865 -0.916504 -4.000000 -0.777052 -1.136148 -5.837859
-0.790161 -0.918701 -4.000000 -0.917320 -1.315814 -5.834536
-0.780884 -0.920410 -4.000000 -0.970010 -1.456557 -5.846166
-0.783813 -0.921143 -4.000000 -0.945089 -1.561936 -5.830739
-0.780640 -0.918579 -4.000000 -0.867953 -1.621034 -5.799410
-0.785400 -0.919922 -4.000000 -0.735992 -1.611778 -5.774252
-0.782715 -0.913818 -4.000000 -0.578636 -1.561462 -5.763809
-0.785522 -0.920410 -4.000000 -0.430298 -1.498804 -5.769030
-0.787720 -0.914307 -4.000000 -0.294065 -1.442554 -5.787305
-0.787231 -0.909058 -4.000000 -0.207910 -1.442317 -5.823618
-0.792114 -0.916138 -4.000000 -0.178717 -1.463915 -5.868950
-0.784668 -0.917603 -4.000000 -0.160679 -1.486937 -5.910010
-0.784790 -0.915039 -4.000000 -0.133623 -1.507586 -5.931846
-0.782349 -0.914673 -4.000000 -0.101582 -1.500465 -5.952494
-0.787231 -0.914307 -4.000000 -0.059335 -1.463915 -5.952257
-0.780640 -0.925537 -4.000000 -0.026107 -1.403630 -5.943950
-0.782837 -0.921021 -4.000000 0.000000 -1.322935 -5.928761
-0.788696 -0.915894 -4.000000 0.012579 -1.245324 -5.907875
-0.783325 -0.916260 -4.000000 -0.008782 -1.209961 -5.894346
-0.792236 -0.920044 -4.000000 -0.085680 -1.233932 -5.895295
-0.784912 -0.917236 -4.000000 -0.204587 -1.299201 -5.890786
-0.793579 -0.918823 -4.000000 -0.309254 -1.346194 -5.865628
-0.783691 -0.920776 -4.000000 -0.384491 -1.373963 -5.786119
-0.781860 -0.917236 -4.000000 -0.358858 -1.419295 -5.640867
-0.785034 -0.918091 -4.000000 -0.172546 -1.461779 -5.514127
-0.784180 -0.918823 -4.000000 0.019225 -1.537965 -5.443874
-0.786255 -0.914795 -4.000000 0.048417 -1.651176 -5.414681
-0.783325 -0.915894 -4.000000 -0.063133 -1.725939 -5.370773
-0.783325 -0.915283 -4.000000 -0.263922 -1.724514 -5.300995
-0.785400 -0.914795 -4.000000 -0.449997 -1.659246 -5.244034
-0.787964 -0.922485 -4.000000 -0.528557 -1.592791 -5.151234
-0.792114 -0.918823 -4.000000 -0.491057 -1.522775 -5.015950
-0.789795 -0.919556 -4.000000 -0.395172 -1.410276 -4.907011
-0.786011 -0.919800 -4.000000 -0.237815 -1.340261 -4.804242
-0.791748 -0.917236 -4.000000 -0.098022 -1.345245 -4.758910
-0.788452 -0.913940 -4.000000 -0.016376 -1.404580 -4.761521
-0.782959 -0.912842 -4.000000 -0.021361 -1.468662 -4.759385
-0.789429 -0.918457 -4.000000 -0.049367 -1.478630 -4.776711
-0.780029 -0.923584 -4.000000 -0.072863 -1.391289 -4.818482
-0.786377 -0.916382 -4.000000 -0.052927 -1.254581 -4.910808
-0.788818 -0.921509 -4.000000 -0.056250 -1.131876 -5.059383
-0.790527 -0.917603 -4.000000 -0.082594 -1.054978 -5.208907
-0.786255 -0.917603 -4.000000 -0.012816 -1.034566 -5.332087
-0.785400 -0.915894 -4.000000 0.119145 -1.390577 -5.425599
-0.783936 -0.917480 -4.000000 -0.162578 -1.618661 -5.638968
-0.783691 -0.917969 -4.000000 -0.738840 -1.791919 -5.725597
-0.785278 -0.909302 -4.000000 -1.078474 -1.763676 -5.739125
-0.787720 -0.916016 -4.000000 -0.993269 -1.528471 -5.652496
-0.785278 -0.919556 -4.000000 -0.754979 -1.189550 -5.757164
-0.789551 -0.920532 -4.000000 -0.585756 -0.946038 -5.784695
-0.787598 -0.914673 -4.000000 -0.430535 -1.029345 -5.807954
-0.788818 -0.913330 -4.000000 -0.399681 -1.204502 -5.844267
-0.781738 -0.919800 -4.000000 -0.499127 -1.364944 -5.778524
-0.784302 -0.916870 -4.000000 -0.507434 -1.463915 -5.720613
-0.784668 -0.918213 -4.000000 -0.426738 -1.448725 -5.715866
-0.784302 -0.913696 -4.000000 -0.334650 -1.340023 -5.731293
-0.782837 -0.914795 -4.000000 -0.271280 -1.218268 -5.755739
-0.784424 -0.915161 -4.000000 -0.236866 -1.135436 -5.792764
-0.782593 -0.911743 -4.000000 -0.227847 -1.095800 -5.842369
-0.778687 -0.918457 -4.000000 -0.281486 -1.231084 -5.899568
-0.787354 -0.919922 -4.000000 -0.318748 -1.204027 -5.873935
-0.791382 -0.911987 -4.000000 -0.373336 -1.329343 -5.835485
-0.786743 -0.922852 -4.000000 -0.369539 -1.419295 -5.825755
-0.787720 -0.926270 -4.000000 -0.389713 -1.413361 -5.845454
-0.785767 -0.917480 -4.000000 -0.396358 -1.431162 -5.824568
-0.783081 -0.917236 -4.000000 -0.375710 -1.399121 -5.810802
-0.791382 -0.922119 -4.000000 -0.342719 -1.349280 -5.832400
-0.789429 -0.919800 -4.000000 -0.368589 -1.298014 -5.857083
-0.786499 -0.918823 -4.000000 -0.397070 -1.282350 -5.904314
-0.785400 -0.920776 -4.000000 -0.414871 -1.301337 -5.957953
-0.780396 -0.920410 -4.000000 -0.463526 -1.362333 -5.979314
-0.788818 -0.917358 -4.000000 -0.519063 -1.410751 -5.975991
-0.792236 -0.920044 -4.000000 -0.527845 -1.428077 -5.968396
-0.786377 -0.916382 -4.000000 -0.464000 -1.401494 -5.949646
-0.786011 -0.919800 -4.000000 -0.378558 -1.338362 -5.922352
-0.787109 -0.917603 -4.000000 -0.280299 -1.280688 -5.909298
-0.779541 -0.927612 -4.000000 -0.214318 -1.256005 -5.905263
-0.777832 -0.916870 -4.000000 -0.188211 -1.254343 -5.890549
-0.786011 -0.919556 -4.000000 -0.181091 -1.263125 -5.883903
