-0.785034 -0.918945 -4.000000 -0.223812 -1.387966 -5.687860
-0.784058 -0.919678 -4.000000 -0.215030 -1.410276 -5.685012
-0.783813 -0.912354 -4.000000 -0.259176 -1.420244 -5.653446
-0.779419 -0.913208 -4.000000 -0.324444 -1.419295 -5.597671
-0.786743 -0.911377 -4.000000 -0.353162 -1.413361 -5.525994
-0.785156 -0.910034 -4.000000 -0.328004 -1.376811 -5.456928
-0.784058 -0.919678 -4.000000 -0.225473 -1.296590 -5.395219
-0.780273 -0.920532 -4.000000 -0.085917 -1.167240 -5.336122
-0.782715 -0.911499 -4.000000 0.122468 -0.994456 -5.288653
-0.783813 -0.911743 -4.000000 0.356960 -0.813365 -5.261834
-0.776001 -0.923340 -4.000000 0.477054 -0.751894 -5.299809
-0.787964 -0.924438 -4.000000 0.509332 -0.891925 -5.393321
-0.781372 -0.917358 -4.000000 0.422228 -1.185277 -5.564918
-0.787598 -0.918091 -4.000000 0.277451 -1.525861 -5.810090
-0.787109 -0.923706 -4.000000 0.067405 -1.851966 -6.117446
-0.785889 -0.918945 -4.000000 -0.218116 -2.137724 -6.468947
-0.780396 -0.908569 -4.000000 -0.539000 -2.352517 -6.794103
-0.783569 -0.928467 -4.000000 -0.847780 -2.468576 -7.045684
-0.790894 -0.922363 -4.000000 -1.062335 -2.515095 -7.235081
-0.791992 -0.909180 -4.000000 -1.180531 -2.502279 -7.360634
-0.783447 -0.918091 -4.000000 -1.239391 -2.405206 -7.409764
-0.791626 -0.921143 -4.000000 -1.206875 -2.253546 -7.373925
-0.788086 -0.912476 -4.000000 -1.032668 -2.057266 -7.260952
-0.790771 -0.918335 -4.000000 -0.765422 -1.868343 -7.161268
-0.781616 -0.920288 -4.000000 -0.524759 -1.721192 -7.068943
-0.780640 -0.921875 -4.000000 -0.395646 -1.623882 -6.960004
-0.780396 -0.915894 -4.000000 -0.344143 -1.526573 -6.849641
-0.786011 -0.916016 -4.000000 -0.381406 -1.434959 -6.753755
-0.788330 -0.921265 -4.000000 -0.580534 -1.452285 -6.707236
-0.780640 -0.917969 -4.000000 -0.855137 -1.584958 -6.719578
-0.791016 -0.917358 -4.000000 -1.053316 -1.770084 -6.734530
-0.789185 -0.925049 -4.000000 -1.077525 -1.897773 -6.709373
-0.780151 -0.922607 -4.000000 -0.971908 -1.874039 -6.594737
-0.789307 -0.918091 -4.000000 -0.838049 -1.728787 -6.447112
-0.782104 -0.920288 -4.000000 -0.730533 -1.591129 -6.310403
-0.788696 -0.920044 -4.000000 -0.650550 -1.552205 -6.219265
-0.787598 -0.920654 -4.000000 -0.581721 -1.598724 -6.165626
-0.783203 -0.922485 -4.000000 -0.516927 -1.636461 -6.115310
-0.780884 -0.909546 -4.000000 -0.487022 -1.630053 -6.078285
-0.787109 -0.912231 -4.000000 -0.481326 -1.609404 -6.060959
-0.784180 -0.921265 -4.000000 -0.485836 -1.621509 -6.074962
-0.785522 -0.922241 -4.000000 -0.512418 -1.639309 -6.091339
-0.786377 -0.913452 -4.000000 -0.537576 -1.643344 -6.104155
-0.789673 -0.923950 -4.000000 -0.533778 -1.637411 -6.112936
-0.785767 -0.922607 -4.000000 -0.493668 -1.663518 -6.111750
-0.782837 -0.924438 -4.000000 -0.453795 -1.697932 -6.076386
-0.779663 -0.913330 -4.000000 -0.396833 -1.715970 -6.019424
-0.788086 -0.919556 -4.000000 -0.326580 -1.671350 -5.952969
-0.774170 -0.919067 -4.000000 -0.201265 -1.574515 -5.898381
-0.792847 -0.916138 -4.000000 -0.087816 -1.490022 -5.843555
-0.783447 -0.915527 -4.000000 -0.043433 -1.444928 -5.815311
-0.785034 -0.917725 -4.000000 -0.052215 -1.426178 -5.811989
-0.783569 -0.922241 -4.000000 -0.100395 -1.438519 -5.827178
-0.789551 -0.920166 -4.000000 -0.156407 -1.473408 -5.851388
-0.783447 -0.918213 -4.000000 -0.228559 -1.498092 -5.892684
-0.786621 -0.926147 -4.000000 -0.295014 -1.530845 -5.916181
-0.781494 -0.917725 -4.000000 -0.342482 -1.542000 -5.948222
-0.786499 -0.911499 -4.000000 -0.384729 -1.579737 -5.980738
-0.780396 -0.909424 -4.000000 -0.417719 -1.620322 -6.004472
-0.782837 -0.917236 -4.000000 -0.452845 -1.686065 -6.017763
-0.783813 -0.919067 -4.000000 -0.519301 -1.757742 -5.955342
-0.790405 -0.921875 -4.000000 -0.543272 -1.900384 -5.880580
-0.782959 -0.909546 -4.000000 -0.526421 -1.959244 -5.784695
-0.780762 -0.923706 -4.000000 -0.611151 -1.816840 -5.696641
-0.779297 -0.918701 -4.000000 -0.670486 -1.673961 -5.632085
-0.783325 -0.916016 -4.000000 -0.651262 -1.497617 -5.581294
-0.785156 -0.918823 -4.000000 -0.658382 -1.279027 -5.558509
-0.789673 -0.916504 -4.000000 -0.700154 -1.116686 -5.553288
-0.783447 -0.918457 -4.000000 -0.769457 -1.042636 -5.572750
-0.784668 -0.915649 -4.000000 -0.867004 -1.057588 -5.619031
-0.782104 -0.922241 -4.000000 -0.994218 -1.156085 -5.643240
-0.783081 -0.924561 -4.000000 -1.122382 -1.302049 -5.667923
-0.785522 -0.913452 -4.000000 -1.182904 -1.399358 -5.689047
-0.781250 -0.914307 -4.000000 -1.131164 -1.395324 -5.688097
-0.788330 -0.907837 -4.000000 -1.022699 -1.297065 -5.669822
-0.786743 -0.913574 -4.000000 -0.892162 -1.176258 -5.658667
-0.783936 -0.919189 -4.000000 -0.784884 -1.098648 -5.644901
-0.782471 -0.918335 -4.000000 -0.701341 -1.076101 -5.637544
-0.787354 -0.921509 -4.000000 -0.627528 -1.110041 -5.644427
-0.788940 -0.922241 -4.000000 -0.576500 -1.149676 -5.656768
-0.788086 -0.913452 -4.000000 -0.547544 -1.171274 -5.690233
-0.788940 -0.919678 -4.000000 -0.512418 -1.204027 -5.728445
-0.785645 -0.911377 -4.000000 -0.484412 -1.251021 -5.766894
-0.784058 -0.916016 -4.000000 -0.460678 -1.303473 -5.804631
-0.782593 -0.916748 -4.000000 -0.432197 -1.344533 -5.830739
-0.789185 -0.920532 -4.000000 -0.366216 -1.376336 -5.847353
-0.781860 -0.914673 -4.000000 -0.287182 -1.397697 -5.861356
-0.789063 -0.914429 -4.000000 -0.203638 -1.379184 -5.871087
-0.787598 -0.924316 -4.000000 -0.125078 -1.345957 -5.875359
-0.788696 -0.914063 -4.000000 -0.063845 -1.317239 -5.897431
-0.786865 -0.924683 -4.000000 -0.026345 -1.298963 -5.916419
-0.785156 -0.916504 -4.000000 -0.014478 -1.287571 -5.921640
-0.781128 -0.919312 -4.000000 -0.002848 -1.279264 -5.939203
-0.781494 -0.921997 -4.000000 -0.010680 -1.285910 -5.960327
-0.789917 -0.921631 -4.000000 -0.028481 -1.300862 -5.972668
-0.781250 -0.920044 -4.000000 -0.046281 -1.299675 -5.973618
-0.789307 -0.914429 -4.000000 -0.062420 -1.287334 -5.966497
-0.776855 -0.921265 -4.000000 -0.063133 -1.276179 -5.954156
-0.786743 -0.917603 -4.000000 -0.063133 -1.258378 -5.945849
-0.781006 -0.918945 -4.000000 -0.065506 -1.219929 -5.888887
-0.780273 -0.911377 -4.000000 -0.093275 -1.185515 -5.838334
-0.788452 -0.920776 -4.000000 -0.154034 -1.182667 -5.798698
-0.786865 -0.918579 -4.000000 -0.271755 -1.238916 -5.771404
-0.779907 -0.924561 -4.000000 -0.412497 -1.388915 -5.767369
-0.787720 -0.913940 -4.000000 -0.532829 -1.573329 -5.770692
-0.782837 -0.910889 -4.000000 -0.565107 -1.737806 -5.790154
-0.785034 -0.918701 -4.000000 -0.514554 -1.818501 -5.809141
-0.782349 -0.916016 -4.000000 -0.396833 -1.794293 -5.753129
-0.792847 -0.912476 -4.000000 -0.206011 -1.689863 -5.582481
-0.776245 -0.917725 -4.000000 -0.014952 -1.526098 -5.363178
-0.785522 -0.916992 -4.000000 0.129825 -1.330767 -5.161914
-0.784302 -0.914795 -4.000000 0.254429 -1.167477 -5.040396
-0.782227 -0.916870 -4.000000 0.300710 -1.110041 -4.974178
-0.788574 -0.917236 -4.000000 0.266296 -1.197619 -4.933592
-0.781616 -0.915771 -4.000000 0.156170 -1.383931 -4.953766
-0.783569 -0.922363 -4.000000 -0.020174 -1.574278 -4.984383
-0.785156 -0.921143 -4.000000 -0.163527 -1.622221 -4.997437
-0.787109 -0.922852 -4.000000 -0.140268 -1.480054 -5.004320
-0.785889 -0.917725 -4.000000 0.028718 -1.167477 -5.027579
-0.786499 -0.909546 -4.000000 0.220726 -0.850628 -5.032089
-0.785889 -0.918579 -4.000000 0.278400 -0.636784 -5.055823
-0.784546 -0.918701 -4.000000 0.137183 -0.782748 -5.130822
-0.783447 -0.914795 -4.000000 -0.254429 -0.995405 -5.330663
-0.784912 -0.914551 -4.000000 -0.822621 -1.320561 -5.431532
-0.784180 -0.916626 -4.000000 -1.172461 -1.637411 -5.510329
-0.787109 -0.916260 -4.000000 -1.183616 -1.647854 -5.552814
-0.779297 -0.922974 -4.000000 -1.093664 -1.492633 -5.559696
-0.783569 -0.922852 -4.000000 -0.996829 -1.335039 -5.561595
-0.781128 -0.917236 -4.000000 -0.873412 -1.131639 -5.548304
-0.782715 -0.915894 -4.000000 -0.779900 -1.029819 -5.577497
-0.782715 -0.911133 -4.000000 -0.729109 -1.042636 -5.624965
-0.783203 -0.922363 -4.000000 -0.684964 -1.115737 -5.661515
-0.781860 -0.916016 -4.000000 -0.560835 -1.270008 -5.703999
-0.781738 -0.922119 -4.000000 -0.488209 -1.378472 -5.727496
-0.781372 -0.921265 -4.000000 -0.453557 -1.410513 -5.732005
-0.784912 -0.916870 -4.000000 -0.375710 -1.373963 -5.729157
-0.784790 -0.923828 -4.000000 -0.177531 -1.207113 -5.734141
-0.785645 -0.917847 -4.000000 -0.159018 -0.930137 -5.659142
-0.786133 -0.920776 -4.000000 -0.199366 -0.941292 -5.639917
-0.783447 -0.922119 -4.000000 -0.240188 -1.036702 -5.645851
-0.789063 -0.922241 -4.000000 -0.302134 -1.167477 -5.680740
-0.787109 -0.920776 -4.000000 -0.371200 -1.318900 -5.723224
-0.782959 -0.918457 -4.000000 -0.413921 -1.392713 -5.733192
-0.783569 -0.915283 -4.000000 -0.413447 -1.435434 -5.746958
-0.783081 -0.913696 -4.000000 -0.425788 -1.466763 -5.761436
-0.777710 -0.918091 -4.000000 -0.406801 -1.466763 -5.790628
-0.787354 -0.921143 -4.000000 -0.423415 -1.409089 -5.797037
-0.783203 -0.923218 -4.000000 -0.432434 -1.360197 -5.788255
-0.789429 -0.921997 -4.000000 -0.422228 -1.293030 -5.777575
-0.789917 -0.924683 -4.000000 -0.410599 -1.261701 -5.785882
