-0.787598 -0.921265 -4.000000 -0.343669 -1.455608 -5.711357
-0.784424 -0.917603 -4.000000 -0.358621 -1.395798 -5.718714
-0.789917 -0.917969 -4.000000 -0.391611 -1.351890 -5.726784
-0.788330 -0.923828 -4.000000 -0.428637 -1.334564 -5.736989
-0.783447 -0.920532 -4.000000 -0.404903 -1.293742 -5.750280
-0.783203 -0.916138 -4.000000 -0.384729 -1.270720 -5.755265
-0.790527 -0.914673 -4.000000 -0.358621 -1.249834 -5.755265
-0.777954 -0.908691 -4.000000 -0.320409 -1.242714 -5.772353
-0.781250 -0.912842 -4.000000 -0.297387 -1.249359 -5.783508
-0.787354 -0.915527 -4.000000 -0.285995 -1.246986 -5.790628
-0.783325 -0.916382 -4.000000 -0.281011 -1.251495 -5.791103
-0.778442 -0.911987 -4.000000 -0.296201 -1.267160 -5.787068
-0.787720 -0.915283 -4.000000 -0.315900 -1.290419 -5.799647
-0.791748 -0.919678 -4.000000 -0.333226 -1.315340 -5.810090
-0.787720 -0.919067 -4.000000 -0.348416 -1.345245 -5.822669
-0.789185 -0.915283 -4.000000 -0.351264 -1.366605 -5.839758
-0.784912 -0.920532 -4.000000 -0.347704 -1.375387 -5.848777
-0.786133 -0.915039 -4.000000 -0.345093 -1.380134 -5.843081
-0.783081 -0.914185 -4.000000 -0.329903 -1.378472 -5.849489
-0.781128 -0.910034 -4.000000 -0.318036 -1.365893 -5.844742
-0.786133 -0.917236 -4.000000 -0.306881 -1.354026 -5.854948
-0.784302 -0.915161 -4.000000 -0.296438 -1.345245 -5.850201
-0.786499 -0.917114 -4.000000 -0.289555 -1.347618 -5.859931
-0.784790 -0.917358 -4.000000 -0.295963 -1.363045 -5.858745
-0.789063 -0.918823 -4.000000 -0.312102 -1.366131 -5.852337
-0.786133 -0.918457 -4.000000 -0.329428 -1.352365 -5.848302
-0.786377 -0.918945 -4.000000 -0.338922 -1.334090 -5.836197
-0.789429 -0.917236 -4.000000 -0.351976 -1.336700 -5.836910
-0.789551 -0.919434 -4.000000 -0.371438 -1.358773 -5.841656
-0.789917 -0.909790 -4.000000 -0.380456 -1.372539 -5.837622
-0.786987 -0.912476 -4.000000 -0.375235 -1.371590 -5.844504
-0.786377 -0.913330 -4.000000 -0.375472 -1.367792 -5.842131
-0.772827 -0.922363 -4.000000 -0.371912 -1.362571 -5.830976
-0.789917 -0.910400 -4.000000 -0.361944 -1.356874 -5.817210
-0.781250 -0.917480 -4.000000 -0.360520 -1.360197 -5.808904
-0.783936 -0.924072 -4.000000 -0.378558 -1.377760 -5.780423
-0.786133 -0.917358 -4.000000 -0.389950 -1.397934 -5.772591
-0.783691 -0.923218 -4.000000 -0.391611 -1.412887 -5.739838
-0.789307 -0.919312 -4.000000 -0.381881 -1.424991 -5.688097
-0.788574 -0.915283 -4.000000 -0.339871 -1.448725 -5.602417
-0.778320 -0.927002 -4.000000 -0.294777 -1.446352 -5.524807
-0.786499 -0.921631 -4.000000 -0.243511 -1.359010 -5.441026
-0.784546 -0.915649 -4.000000 -0.208385 -1.229423 -5.381216
-0.784058 -0.921387 -4.000000 -0.218828 -1.150388 -5.400441
-0.787109 -0.912231 -4.000000 -0.292166 -1.160119 -5.546880
-0.789063 -0.915649 -4.000000 -0.390899 -1.242951 -5.785170
-0.781494 -0.916382 -4.000000 -0.545645 -1.406479 -6.154233
-0.780518 -0.916016 -4.000000 -0.775391 -1.672300 -6.607316
-0.786255 -0.920044 -4.000000 -1.020563 -2.022614 -7.103832
-0.786865 -0.919922 -4.000000 -1.240103 -2.310508 -7.550744
-0.788696 -0.915039 -4.000000 -1.404580 -2.452437 -7.777166
-0.786133 -0.917725 -4.000000 -1.458931 -2.425380 -7.777166
-0.788574 -0.921509 -4.000000 -1.407903 -2.287960 -7.777166
-0.782837 -0.917603 -4.000000 -1.173885 -2.002440 -7.777166
-0.784424 -0.915894 -4.000000 -0.773492 -1.588519 -7.777166
-0.789063 -0.922485 -4.000000 -0.429823 -1.209011 -7.603908
-0.784546 -0.915527 -4.000000 -0.293353 -0.978791 -7.295603
-0.782593 -0.916870 -4.000000 -0.344143 -0.951260 -6.993944
-0.780029 -0.911499 -4.000000 -0.695170 -1.087493 -6.936032
-0.781860 -0.914307 -4.000000 -1.188125 -1.367080 -6.959529
-0.785645 -0.915039 -4.000000 -1.495244 -1.511146 -6.875036
-0.786621 -0.922852 -4.000000 -1.532981 -1.457981 -6.662379
-0.775513 -0.916992 -4.000000 -1.325546 -1.225625 -6.421953
-0.789917 -0.918457 -4.000000 -1.075151 -1.057588 -6.256527
-0.786987 -0.921021 -4.000000 -0.846118 -1.097936 -6.184138
-0.789795 -0.917114 -4.000000 -0.638920 -1.263837 -6.203125
-0.789063 -0.924805 -4.000000 -0.459016 -1.422143 -6.214281
-0.789307 -0.915894 -4.000000 -0.308305 -1.514706 -6.215467
-0.788940 -0.918213 -4.000000 -0.221913 -1.570481 -6.174407
-0.786987 -0.922119 -4.000000 -0.208385 -1.616525 -6.139281
-0.784790 -0.916016 -4.000000 -0.232119 -1.677046 -6.115072
-0.783081 -0.914917 -4.000000 -0.274840 -1.712173 -6.102019
-0.784912 -0.920166 -4.000000 -0.309017 -1.687489 -6.051702
-0.783691 -0.916382 -4.000000 -0.310678 -1.598487 -6.005896
-0.782593 -0.917114 -4.000000 -0.275789 -1.507586 -5.946798
-0.783447 -0.918457 -4.000000 -0.217166 -1.496668 -5.913808
-0.787476 -0.909546 -4.000000 -0.133385 -1.546509 -5.905263
-0.784302 -0.921265 -4.000000 -0.051266 -1.594689 -5.883666
-0.780640 -0.914429 -4.000000 -0.008544 -1.618423 -5.842369
-0.786621 -0.918335 -4.000000 0.007595 -1.589943 -5.799410
-0.784668 -0.912598 -4.000000 0.004272 -1.519215 -5.767844
-0.781372 -0.919556 -4.000000 -0.038686 -1.439944 -5.734379
-0.779907 -0.915894 -4.000000 -0.097310 -1.406241 -5.729632
-0.785889 -0.915771 -4.000000 -0.173258 -1.398172 -5.732955
-0.785400 -0.916748 -4.000000 -0.243036 -1.421906 -5.744822
-0.784790 -0.918945 -4.000000 -0.284334 -1.452760 -5.739125
-0.785156 -0.915771 -4.000000 -0.263922 -1.469374 -5.722274
-0.784424 -0.914185 -4.000000 -0.232593 -1.482902 -5.672195
-0.783936 -0.919556 -4.000000 -0.209809 -1.490734 -5.649886
-0.781982 -0.913940 -4.000000 -0.219540 -1.519452 -5.635170
-0.775879 -0.912720 -4.000000 -0.239002 -1.538440 -5.633984
-0.784912 -0.918091 -4.000000 -0.283622 -1.569057 -5.662227
-0.790405 -0.921875 -4.000000 -0.343194 -1.611541 -5.718002
-0.785767 -0.920166 -4.000000 -0.423415 -1.624120 -5.824093
-0.789551 -0.917236 -4.000000 -0.531405 -1.582110 -5.919267
-0.783936 -0.919189 -4.000000 -0.666689 -1.484801 -5.980975
-0.783936 -0.915283 -4.000000 -0.848966 -1.323884 -6.032715
-0.784912 -0.914917 -4.000000 -1.088917 -1.219454 -6.074725
-0.790527 -0.916382 -4.000000 -1.313679 -1.149676 -6.085880
-0.788208 -0.919189 -4.000000 -1.527047 -1.131876 -6.070215
-0.793701 -0.919067 -4.000000 -1.646667 -1.121433 -6.008744
-0.783081 -0.916992 -4.000000 -1.646430 -1.064471 -5.891498
-0.788940 -0.917603 -4.000000 -1.545797 -0.995880 -5.793477
-0.784424 -0.915771 -4.000000 -1.388203 -0.991133 -5.735091
-0.785767 -0.914307 -4.000000 -1.180293 -1.037652 -5.703287
-0.789795 -0.920288 -4.000000 -0.987810 -1.095563 -5.669110
-0.782715 -0.912354 -4.000000 -0.893824 -1.149914 -5.666499
-0.781616 -0.923218 -4.000000 -0.914472 -1.179107 -5.671721
-0.790283 -0.915161 -4.000000 -0.973807 -1.229897 -5.709933
-0.790405 -0.917236 -4.000000 -1.001101 -1.327444 -5.774489
-0.779785 -0.920410 -4.000000 -0.941766 -1.402918 -5.832875
-0.783081 -0.922485 -4.000000 -0.821909 -1.434247 -5.850438
-0.781250 -0.913696 -4.000000 -0.680217 -1.421431 -5.840470
-0.781982 -0.913818 -4.000000 -0.527845 -1.374675 -5.806767
-0.781982 -0.915161 -4.000000 -0.425551 -1.359722 -5.792052
-0.780518 -0.911499 -4.000000 -0.364792 -1.395324 -5.798460
-0.783691 -0.920410 -4.000000 -0.343431 -1.436621 -5.814125
-0.783569 -0.912354 -4.000000 -0.331090 -1.457507 -5.834299
-0.782104 -0.918945 -4.000000 -0.313052 -1.450861 -5.854473
-0.783936 -0.922363 -4.000000 -0.290030 -1.452523 -5.888650
-0.790405 -0.917358 -4.000000 -0.288368 -1.452048 -5.910010
-0.784912 -0.916138 -4.000000 -0.299761 -1.453947 -5.930896
-0.783936 -0.913574 -4.000000 -0.265584 -1.441368 -5.931846
-0.783203 -0.914673 -4.000000 -0.205299 -1.400782 -5.917605
-0.783325 -0.917358 -4.000000 -0.150948 -1.358061 -5.899330
-0.778931 -0.920776 -4.000000 -0.116297 -1.344533 -5.905976
-0.784180 -0.916016 -4.000000 -0.135047 -1.361621 -5.917130
-0.786499 -0.915039 -4.000000 -0.185837 -1.379422 -5.925675
-0.784790 -0.909790 -4.000000 -0.221913 -1.393188 -5.933744
-0.782104 -0.916260 -4.000000 -0.253717 -1.420007 -5.942051
-0.778198 -0.913574 -4.000000 -0.250631 -1.430925 -5.937779
-0.780273 -0.922485 -4.000000 -0.176344 -1.355213 -5.894583
-0.778076 -0.918457 -4.000000 -0.051978 -1.178395 -5.797274
-0.785767 -0.915161 -4.000000 0.051028 -1.055690 -5.736278
-0.778687 -0.913452 -4.000000 0.079746 -1.112651 -5.711357
-0.787354 -0.911865 -4.000000 -0.019462 -1.375624 -5.705186
-0.783081 -0.921509 -4.000000 -0.243036 -1.812093 -5.714679
-0.780762 -0.920288 -4.000000 -0.632749 -2.428703 -5.722037
-0.789307 -0.911621 -4.000000 -1.006560 -3.055756 -5.707797
-0.783813 -0.919312 -4.000000 -0.899757 -3.133841 -5.477576
-0.786987 -0.916992 -4.000000 -0.392086 -2.609319 -5.081456
-0.791748 -0.920776 -4.000000 0.145252 -2.009560 -4.735414
-0.788940 -0.913696 -4.000000 0.543984 -1.669689 -4.506380
-0.789063 -0.916504 -4.000000 0.588604 -1.704578 -4.375368
-0.777466 -0.915283 -4.000000 0.480377 -1.870953 -4.341191
-0.781128 -0.916748 -4.000000 0.370014 -1.931475 -4.343090
-0.788208 -0.916626 -4.000000 0.296913 -1.830606 -4.315321
-0.789185 -0.914307 -4.000000 0.217641 -1.672774 -4.324577
-0.788696 -0.918579 -4.000000 0.078797 -1.403630 -4.389846
-0.790039 -0.920654 -4.000000 -0.071914 -0.930374 -4.436602
