-0.782837 -0.913940 -4.000000 -0.222625 -1.226812 -5.695692
-0.787231 -0.918701 -4.000000 -0.215268 -1.194059 -5.672433
-0.787109 -0.917236 -4.000000 -0.228559 -1.180531 -5.622354
-0.784790 -0.913818 -4.000000 -0.187499 -1.164866 -5.574411
-0.782593 -0.920654 -4.000000 -0.162103 -1.229660 -5.519111
-0.785522 -0.917114 -4.000000 -0.155221 -1.337887 -5.530029
-0.778442 -0.918701 -4.000000 -0.220964 -1.484326 -5.587465
-0.782959 -0.915649 -4.000000 -0.238764 -1.643344 -5.689284
-0.784546 -0.922974 -4.000000 -0.274128 -1.760828 -5.842606
-0.790161 -0.921509 -4.000000 -0.229271 -1.813280 -6.048380
-0.782715 -0.919556 -4.000000 -0.410599 -1.937646 -6.262461
-0.791504 -0.924805 -4.000000 -0.645803 -2.076727 -6.550117
-0.781982 -0.916870 -4.000000 -0.823096 -2.218420 -6.833501
-0.778320 -0.918335 -4.000000 -0.930374 -2.331156 -7.069892
-0.793457 -0.915405 -4.000000 -0.964076 -2.377438 -7.269258
-0.785767 -0.917725 -4.000000 -0.949361 -2.391915 -7.399558
-0.781250 -0.922974 -4.000000 -0.848729 -2.305524 -7.416884
-0.784912 -0.911011 -4.000000 -0.657433 -2.063911 -7.323372
-0.784546 -0.918457 -4.000000 -0.485124 -1.734957 -7.188800
-0.785767 -0.912842 -4.000000 -0.335362 -1.451098 -7.082946
-0.786255 -0.917358 -4.000000 -0.229271 -1.269533 -6.976855
-0.782104 -0.917725 -4.000000 -0.222388 -1.192635 -6.879308
-0.783936 -0.909424 -4.000000 -0.336311 -1.241052 -6.811903
-0.789917 -0.911377 -4.000000 -0.554902 -1.355925 -6.744024
-0.786377 -0.917603 -4.000000 -0.801023 -1.502601 -6.720765
-0.784912 -0.915283 -4.000000 -0.993506 -1.643582 -6.700354
-0.774780 -0.915161 -4.000000 -1.103395 -1.697220 -6.653360
-0.787231 -0.917603 -4.000000 -1.123806 -1.638360 -6.592601
-0.785767 -0.916870 -4.000000 -1.087493 -1.520877 -6.529706
-0.783447 -0.915771 -4.000000 -0.996592 -1.453472 -6.458504
-0.778564 -0.920044 -4.000000 -0.895010 -1.441368 -6.381606
-0.782227 -0.921997 -4.000000 -0.816688 -1.456320 -6.324644
-0.779785 -0.918945 -4.000000 -0.766609 -1.466526 -6.269344
-0.782349 -0.917603 -4.000000 -0.723176 -1.453472 -6.233268
-0.784546 -0.916260 -4.000000 -0.698018 -1.466051 -6.200040
-0.788818 -0.920410 -4.000000 -0.705613 -1.477681 -6.196717
-0.784912 -0.913330 -4.000000 -0.713682 -1.501652 -6.187936
-0.786377 -0.910034 -4.000000 -0.707274 -1.569769 -6.188411
-0.789063 -0.913696 -4.000000 -0.680929 -1.642157 -6.176069
-0.785889 -0.912109 -4.000000 -0.626578 -1.685116 -6.155895
-0.782104 -0.921143 -4.000000 -0.574363 -1.687727 -6.108190
-0.783936 -0.921143 -4.000000 -0.533066 -1.643107 -6.061433
-0.785645 -0.919800 -4.000000 -0.493905 -1.551256 -6.010406
-0.783081 -0.913330 -4.000000 -0.455456 -1.457981 -5.982636
-0.792969 -0.924072 -4.000000 -0.416770 -1.377048 -5.949646
-0.780273 -0.915039 -4.000000 -0.368589 -1.338362 -5.932558
-0.787231 -0.921631 -4.000000 -0.330378 -1.363045 -5.925200
-0.783325 -0.913940 -4.000000 -0.323020 -1.416921 -5.914520
-0.784424 -0.917236 -4.000000 -0.314239 -1.488124 -5.898855
-0.785767 -0.916260 -4.000000 -0.318511 -1.541525 -5.882004
-0.790527 -0.921631 -4.000000 -0.337973 -1.569294 -5.875596
-0.783447 -0.918945 -4.000000 -0.359571 -1.556952 -5.869188
-0.786499 -0.913818 -4.000000 -0.389238 -1.518503 -5.869188
-0.788330 -0.913330 -4.000000 -0.444301 -1.488124 -5.875359
-0.782593 -0.914673 -4.000000 -0.501500 -1.490972 -5.888412
-0.781860 -0.918945 -4.000000 -0.543272 -1.520639 -5.886514
-0.783813 -0.917358 -4.000000 -0.617322 -1.575702 -5.878919
-0.782959 -0.919678 -4.000000 -0.687337 -1.634325 -5.873460
-0.787842 -0.917725 -4.000000 -0.721040 -1.641683 -5.891973
-0.791016 -0.914551 -4.000000 -0.744536 -1.590655 -5.907875
-0.782959 -0.921509 -4.000000 -0.766609 -1.518266 -5.918555
-0.786499 -0.914917 -4.000000 -0.777527 -1.431874 -5.914520
-0.782837 -0.919067 -4.000000 -0.794378 -1.375624 -5.919979
-0.780762 -0.917969 -4.000000 -0.806720 -1.354264 -5.936593
-0.786987 -0.913940 -4.000000 -0.875311 -1.372539 -5.955105
-0.777466 -0.918213 -4.000000 -0.985674 -1.483614 -5.950358
-0.783691 -0.915771 -4.000000 -1.068743 -1.651176 -5.973855
-0.788696 -0.915771 -4.000000 -1.164629 -1.765812 -5.946323
-0.789063 -0.921387 -4.000000 -1.226575 -1.804736 -5.868001
-0.786377 -0.918701 -4.000000 -1.152050 -1.732109 -5.823381
-0.786255 -0.923584 -4.000000 -1.028158 -1.552205 -5.754790
-0.783813 -0.920288 -4.000000 -0.903080 -1.351653 -5.698066
-0.782715 -0.916260 -4.000000 -0.796039 -1.180056 -5.662227
-0.788208 -0.915161 -4.000000 -0.742400 -1.092240 -5.650123
-0.786499 -0.916260 -4.000000 -0.719378 -1.099123 -5.667923
-0.781006 -0.919922 -4.000000 -0.720328 -1.170800 -5.702575
-0.782471 -0.911377 -4.000000 -0.712496 -1.261226 -5.737939
-0.781250 -0.920654 -4.000000 -0.681404 -1.318663 -5.770217
-0.784302 -0.918823 -4.000000 -0.609965 -1.328631 -5.786831
-0.785278 -0.920654 -4.000000 -0.511231 -1.299675 -5.818635
-0.788330 -0.921875 -4.000000 -0.413447 -1.255055 -5.827416
-0.786255 -0.917969 -4.000000 -0.324919 -1.210910 -5.843792
-0.783936 -0.917969 -4.000000 -0.242799 -1.214233 -5.854236
-0.780884 -0.914917 -4.000000 -0.192958 -1.245799 -5.863729
-0.783569 -0.917480 -4.000000 -0.167562 -1.288046 -5.873223
-0.787476 -0.917114 -4.000000 -0.146439 -1.314865 -5.887463
-0.782715 -0.918335 -4.000000 -0.132199 -1.337175 -5.903602
-0.788696 -0.921997 -4.000000 -0.118433 -1.368267 -5.912858
-0.784668 -0.914185 -4.000000 -0.106091 -1.407903 -5.930896
-0.780151 -0.919556 -4.000000 -0.087816 -1.417634 -5.944662
-0.777954 -0.918091 -4.000000 -0.065269 -1.411225 -5.947035
-0.781128 -0.910278 -4.000000 -0.039636 -1.360435 -5.919741
-0.790649 -0.916382 -4.000000 -0.025633 -1.293979 -5.901229
-0.779175 -0.918091 -4.000000 -0.005934 -1.234169 -5.872036
-0.783691 -0.919800 -4.000000 0.013054 -1.209723 -5.853761
-0.785522 -0.918701 -4.000000 0.019699 -1.197619 -5.853049
-0.781982 -0.915161 -4.000000 0.017326 -1.190974 -5.851150
-0.783569 -0.909790 -4.000000 0.022073 -1.170325 -5.853523
-0.786011 -0.916626 -4.000000 0.014003 -1.122382 -5.863255
-0.786621 -0.916992 -4.000000 -0.004509 -1.078000 -5.875359
-0.782471 -0.921387 -4.000000 -0.022785 -1.062810 -5.870375
-0.780029 -0.920532 -4.000000 -0.011630 -1.066845 -5.850913
-0.784302 -0.918823 -4.000000 0.021598 -1.094376 -5.836197
-0.786499 -0.922119 -4.000000 0.021835 -1.149202 -5.767606
-0.790283 -0.911865 -4.000000 -0.000237 -1.214470 -5.689284
-0.782104 -0.916626 -4.000000 0.000712 -1.274992 -5.582718
-0.786133 -0.916504 -4.000000 0.032990 -1.376574 -5.474966
-0.781494 -0.925415 -4.000000 0.039873 -1.492633 -5.382403
-0.782715 -0.917847 -4.000000 0.048180 -1.564547 -5.285331
-0.784668 -0.916870 -4.000000 0.072626 -1.613677 -5.210094
-0.787842 -0.917236 -4.000000 0.057436 -1.624594 -5.162388
-0.787231 -0.913086 -4.000000 0.063607 -1.561462 -5.153607
-0.785400 -0.923584 -4.000000 0.096835 -1.445877 -5.135807
-0.784546 -0.916138 -4.000000 0.084730 -1.325546 -5.093322
-0.788086 -0.918579 -4.000000 0.056487 -1.251733 -5.043956
-0.785889 -0.916260 -4.000000 -0.000712 -1.292793 -5.026867
-0.792114 -0.921509 -4.000000 -0.123180 -1.407191 -5.047278
-0.776855 -0.918701 -4.000000 -0.248021 -1.505687 -5.094035
-0.785645 -0.912598 -4.000000 -0.317087 -1.505687 -5.131772
-0.787964 -0.921265 -4.000000 -0.340821 -1.443029 -5.176154
-0.790283 -0.926270 -4.000000 -0.357909 -1.319849 -5.223148
-0.787109 -0.919434 -4.000000 -0.338210 -1.153711 -5.298859
-0.783813 -0.915161 -4.000000 -0.243511 -1.005136 -5.406374
-0.786377 -0.908447 -4.000000 -0.172546 -0.972146 -5.479950
-0.783691 -0.920044 -4.000000 -0.150236 -1.043585 -5.463336
-0.779419 -0.913940 -4.000000 -0.231407 -1.202603 -5.434381
-0.788208 -0.908081 -4.000000 -0.357672 -1.513756 -5.183512
-0.785156 -0.918701 -4.000000 -0.601658 -1.773881 -5.537623
-0.785767 -0.920776 -4.000000 -0.712496 -1.726413 -5.682876
-0.785522 -0.916504 -4.000000 -0.731245 -1.175309 -5.255426
-0.788452 -0.922852 -4.000000 -0.707986 -0.729347 -5.376232
-0.782104 -0.915894 -4.000000 -0.625154 -0.436469 -5.319745
-0.781982 -0.917358 -4.000000 -0.889789 -0.081645 -5.123702
-0.784790 -0.920410 -4.000000 -0.813840 -0.401342 -5.304318
-0.774780 -0.915283 -4.000000 -0.719616 -1.047145 -5.468083
-0.779541 -0.916138 -4.000000 -0.520962 -1.527759 -5.657718
-0.786621 -0.915894 -4.000000 -0.683303 -1.658534 -5.719426
-0.787476 -0.916138 -4.000000 -0.752843 -1.814466 -5.798935
-0.788330 -0.914307 -4.000000 -0.814552 -1.743502 -5.829077
-0.786255 -0.924438 -4.000000 -0.852526 -1.631240 -5.788018
-0.790649 -0.919189 -4.000000 -0.815501 -1.526335 -5.746958
-0.781860 -0.916138 -4.000000 -0.685439 -1.452285 -5.747195
-0.781372 -0.911743 -4.000000 -0.551104 -1.395798 -5.736515
-0.785400 -0.917969 -4.000000 -0.466136 -1.392950 -5.713730
-0.782593 -0.921753 -4.000000 -0.396833 -1.427839 -5.677892
-0.783325 -0.916992 -4.000000 -0.302609 -1.474120 -5.696879
-0.781738 -0.914429 -4.000000 -0.225473 -1.496905 -5.745771
-0.787598 -0.919434 -4.000000 -0.192246 -1.518978 -5.747907
-0.784302 -0.921265 -4.000000 -0.215268 -1.532744 -5.725122
-0.791870 -0.904541 -4.000000 -0.248733 -1.528709 -5.728445
