-0.781860 -0.915161 -4.000000 -0.436469 -1.503313 -5.754552
-0.784912 -0.917114 -4.000000 -0.379982 -1.462491 -5.754315
-0.784424 -0.913208 -4.000000 -0.362419 -1.407665 -5.741024
-0.787231 -0.922607 -4.000000 -0.334412 -1.379422 -5.727733
-0.784546 -0.919067 -4.000000 -0.314239 -1.368504 -5.727971
-0.783813 -0.917358 -4.000000 -0.315900 -1.390102 -5.726546
-0.781738 -0.918213 -4.000000 -0.309492 -1.407191 -5.728920
-0.789429 -0.914429 -4.000000 -0.305932 -1.422618 -5.738176
-0.783447 -0.919312 -4.000000 -0.294777 -1.450387 -5.713967
-0.784912 -0.911865 -4.000000 -0.261074 -1.491684 -5.687385
-0.785889 -0.925903 -4.000000 -0.219065 -1.538440 -5.666499
-0.783447 -0.919067 -4.000000 -0.129825 -1.552443 -5.629474
-0.785767 -0.919800 -4.000000 -0.027057 -1.517554 -5.602892
-0.783081 -0.915161 -4.000000 0.054826 -1.427127 -5.602417
-0.783691 -0.921631 -4.000000 0.127452 -1.298963 -5.630186
-0.784302 -0.917236 -4.000000 0.159493 -1.196195 -5.708271
-0.790771 -0.918335 -4.000000 0.088291 -1.170562 -5.834536
-0.786377 -0.916626 -4.000000 -0.070015 -1.251495 -6.001387
-0.780762 -0.915649 -4.000000 -0.305932 -1.429501 -6.219739
-0.792480 -0.916138 -4.000000 -0.584094 -1.654974 -6.461352
-0.782715 -0.915283 -4.000000 -0.846355 -1.881634 -6.674721
-0.775757 -0.924194 -4.000000 -1.054503 -2.046111 -6.830416
-0.785889 -0.922607 -4.000000 -1.155610 -2.119686 -6.961903
-0.782593 -0.911133 -4.000000 -1.133062 -2.122772 -7.024323
-0.774536 -0.917969 -4.000000 -0.972620 -1.985351 -6.986586
-0.786865 -0.915405 -4.000000 -0.713445 -1.747774 -6.879783
-0.790649 -0.915649 -4.000000 -0.443352 -1.495244 -6.763486
-0.783081 -0.914917 -4.000000 -0.264872 -1.343821 -6.686113
-0.787598 -0.918213 -4.000000 -0.186312 -1.309881 -6.628439
-0.782471 -0.916138 -4.000000 -0.210758 -1.346669 -6.585244
-0.783203 -0.921143 -4.000000 -0.375472 -1.422380 -6.533741
-0.777466 -0.914429 -4.000000 -0.627765 -1.513756 -6.496004
-0.784790 -0.917603 -4.000000 -0.818349 -1.549357 -6.453520
-0.785156 -0.914917 -4.000000 -0.900469 -1.502601 -6.397745
-0.779419 -0.911011 -4.000000 -0.889789 -1.422380 -6.312302
-0.780273 -0.915894 -4.000000 -0.833539 -1.370878 -6.229470
-0.779419 -0.915771 -4.000000 -0.735280 -1.357112 -6.149250
-0.787720 -0.918945 -4.000000 -0.603556 -1.398646 -6.083981
-0.788574 -0.922974 -4.000000 -0.487497 -1.458931 -6.038886
-0.785278 -0.918701 -4.000000 -0.369776 -1.477681 -6.009456
-0.781616 -0.912476 -4.000000 -0.277213 -1.459880 -5.966497
-0.783081 -0.919800 -4.000000 -0.233780 -1.424042 -5.915707
-0.784790 -0.916138 -4.000000 -0.239714 -1.391763 -5.883666
-0.786377 -0.916992 -4.000000 -0.285995 -1.404580 -5.869663
-0.782471 -0.917603 -4.000000 -0.350314 -1.454421 -5.880580
-0.782104 -0.911377 -4.000000 -0.401105 -1.507823 -5.888650
-0.788452 -0.916016 -4.000000 -0.421279 -1.548171 -5.879868
-0.782959 -0.914795 -4.000000 -0.415108 -1.586620 -5.873697
-0.786865 -0.923340 -4.000000 -0.381881 -1.625544 -5.882954
-0.783081 -0.916016 -4.000000 -0.325868 -1.653075 -5.874172
-0.783447 -0.912476 -4.000000 -0.246834 -1.630528 -5.848777
-0.784546 -0.913696 -4.000000 -0.164714 -1.586857 -5.830264
-0.785889 -0.924438 -4.000000 -0.127452 -1.542000 -5.802021
-0.792725 -0.913330 -4.000000 -0.135521 -1.517554 -5.780423
-0.783936 -0.918335 -4.000000 -0.189872 -1.507586 -5.788018
-0.784180 -0.914063 -4.000000 -0.287419 -1.532269 -5.787068
-0.784546 -0.918701 -4.000000 -0.377608 -1.595639 -5.816736
-0.776123 -0.916138 -4.000000 -0.455219 -1.654499 -5.837622
-0.790771 -0.919556 -4.000000 -0.495804 -1.637885 -5.849963
-0.780273 -0.913452 -4.000000 -0.531405 -1.542237 -5.860881
-0.783325 -0.913208 -4.000000 -0.542085 -1.396273 -5.874172
-0.786499 -0.917725 -4.000000 -0.576500 -1.247460 -5.887938
-0.786743 -0.914063 -4.000000 -0.667876 -1.151338 -5.889599
-0.780762 -0.913330 -4.000000 -0.812178 -1.138284 -5.877732
-0.782593 -0.915527 -4.000000 -0.994456 -1.202603 -5.880343
-0.783569 -0.916138 -4.000000 -1.177445 -1.285198 -5.882479
-0.783813 -0.914551 -4.000000 -1.419532 -1.318188 -5.877969
-0.788574 -0.914551 -4.000000 -1.571905 -1.320087 -5.859694
-0.784912 -0.914429 -4.000000 -1.644768 -1.294217 -5.853523
-0.784424 -0.917236 -4.000000 -1.640259 -1.257903 -5.810565
-0.777466 -0.917480 -4.000000 -1.534405 -1.150388 -5.755027
-0.781982 -0.917725 -4.000000 -1.358773 -1.041449 -5.690708
-0.793213 -0.915405 -4.000000 -1.164391 -1.002763 -5.656531
-0.783325 -0.922119 -4.000000 -1.007747 -1.019614 -5.639680
-0.782349 -0.921997 -4.000000 -0.924678 -1.068506 -5.643714
-0.781982 -0.917847 -4.000000 -0.904029 -1.125230 -5.664838
-0.782715 -0.922119 -4.000000 -0.932035 -1.185515 -5.693556
-0.784058 -0.917969 -4.000000 -0.973570 -1.223727 -5.737701
-0.781616 -0.915771 -4.000000 -0.993506 -1.240578 -5.775201
-0.786377 -0.908569 -4.000000 -0.980215 -1.255293 -5.783983
-0.782104 -0.913330 -4.000000 -0.952209 -1.298489 -5.788492
-0.781738 -0.924561 -4.000000 -0.893349 -1.327444 -5.786831
-0.783325 -0.918457 -4.000000 -0.788919 -1.312492 -5.791815
-0.781128 -0.916016 -4.000000 -0.661230 -1.299675 -5.775913
-0.783081 -0.915771 -4.000000 -0.542560 -1.305846 -5.788255
-0.793213 -0.917847 -4.000000 -0.456405 -1.322697 -5.794425
-0.792725 -0.917114 -4.000000 -0.413209 -1.349754 -5.807005
-0.786011 -0.918091 -4.000000 -0.396121 -1.374200 -5.815549
-0.786255 -0.912109 -4.000000 -0.388526 -1.390577 -5.823856
-0.788330 -0.915771 -4.000000 -0.383779 -1.414785 -5.839758
-0.786743 -0.911621 -4.000000 -0.354824 -1.423804 -5.837384
-0.788940 -0.916504 -4.000000 -0.296438 -1.419058 -5.834536
-0.782104 -0.918579 -4.000000 -0.240188 -1.413836 -5.841419
-0.779541 -0.919189 -4.000000 -0.190347 -1.383694 -5.833824
-0.790405 -0.915649 -4.000000 -0.161629 -1.354738 -5.836672
-0.786743 -0.915161 -4.000000 -0.149287 -1.334564 -5.826704
-0.788452 -0.908813 -4.000000 -0.157357 -1.317239 -5.832875
-0.782837 -0.909668 -4.000000 -0.186549 -1.323172 -5.839046
-0.784058 -0.916016 -4.000000 -0.233543 -1.370403 -5.832637
-0.778809 -0.923950 -4.000000 -0.263922 -1.439944 -5.855659
-0.779419 -0.920532 -4.000000 -0.290267 -1.492633 -5.858033
-0.779907 -0.920898 -4.000000 -0.299049 -1.526573 -5.836910
-0.781738 -0.915771 -4.000000 -0.298099 -1.537253 -5.829315
-0.781738 -0.917480 -4.000000 -0.277688 -1.544611 -5.813650
-0.783691 -0.918213 -4.000000 -0.265346 -1.545323 -5.809853
-0.776367 -0.916382 -4.000000 -0.261549 -1.548171 -5.776625
-0.780640 -0.916260 -4.000000 -0.279350 -1.567870 -5.746246
-0.776978 -0.913330 -4.000000 -0.313527 -1.612015 -5.722512
-0.786499 -0.913208 -4.000000 -0.350314 -1.675860 -5.712543
-0.779053 -0.916016 -4.000000 -0.372862 -1.766998 -5.710645
-0.786377 -0.924683 -4.000000 -0.350314 -1.876412 -5.698778
-0.790527 -0.923218 -4.000000 -0.294539 -2.016918 -5.676705
-0.782959 -0.916138 -4.000000 -0.257514 -2.146268 -5.645613
-0.776611 -0.918823 -4.000000 -0.217641 -2.181869 -5.595534
-0.782471 -0.920288 -4.000000 -0.167800 -2.137012 -5.539048
-0.785889 -0.915894 -4.000000 -0.144303 -2.052756 -5.479475
-0.785522 -0.918701 -4.000000 -0.111075 -1.915336 -5.401390
-0.777100 -0.915527 -4.000000 -0.048180 -1.758692 -5.312862
-0.783447 -0.910645 -4.000000 0.025395 -1.611066 -5.209619
-0.783569 -0.919067 -4.000000 0.090189 -1.500228 -5.109699
-0.785767 -0.917358 -4.000000 0.151423 -1.439706 -5.027104
-0.781738 -0.914673 -4.000000 0.149287 -1.421194 -4.951631
-0.784058 -0.916626 -4.000000 0.130537 -1.417634 -4.911994
-0.781372 -0.916138 -4.000000 0.112974 -1.400782 -4.884938
-0.783691 -0.920532 -4.000000 0.135521 -1.355688 -4.847913
-0.780273 -0.922119 -4.000000 0.199366 -1.294929 -4.827027
-0.782715 -0.920044 -4.000000 0.231407 -1.207350 -4.816584
-0.786499 -0.915771 -4.000000 0.277213 -1.092952 -4.825128
-0.784180 -0.926880 -4.000000 0.236628 -0.973333 -4.793799
-0.782837 -0.922974 -4.000000 0.098496 -0.855849 -4.788103
-0.785522 -0.911499 -4.000000 -0.075474 -0.750945 -4.812786
-0.789307 -0.907715 -4.000000 -0.253479 -0.766846 -4.928608
-0.791260 -0.915771 -4.000000 -0.434333 -0.821672 -5.063892
-0.786133 -0.913574 -4.000000 -0.632037 -0.986861 -5.198701
-0.786011 -0.918213 -4.000000 -0.782036 -1.161306 -5.319271
-0.781494 -0.916504 -4.000000 -0.838286 -1.286147 -5.394982
-0.784302 -0.919312 -4.000000 -0.781562 -1.324834 -5.422988
-0.784302 -0.922119 -4.000000 -0.656246 -1.307033 -5.456928
-0.783081 -0.913330 -4.000000 -0.526183 -1.304897 -5.502022
-0.781616 -0.912109 -4.000000 -0.414871 -1.291606 -5.532876
-0.787109 -0.914307 -4.000000 -0.388289 -1.316764 -5.595534
-0.784424 -0.914063 -4.000000 -0.346992 -1.312492 -5.658430
-0.783691 -0.921265 -4.000000 -0.376896 -1.346906 -5.686199
-0.780396 -0.914307 -4.000000 -0.430298 -1.428077 -5.744347
-0.783081 -0.910278 -4.000000 -0.465424 -1.540101 -5.794425
-0.783936 -0.915283 -4.000000 -0.487497 -1.669214 -5.838334
-0.790771 -0.917603 -4.000000 -0.456880 -1.750622 -5.869188
-0.786499 -0.914673 -4.000000 -0.372624 -1.727837 -5.872748
-0.791260 -0.918945 -4.000000 -0.262024 -1.607031 -5.838334
-0.782349 -0.917114 -4.000000 -0.158543 -1.454896 -5.796799
