-0.787842 -0.912964 -4.000000 -0.063370 -1.229423 -5.775913
-0.790527 -0.923218 -4.000000 -0.021361 -1.238204 -5.806056
-0.783691 -0.913818 -4.000000 -0.003085 -1.325071 -5.825280
-0.780029 -0.918945 -4.000000 -0.029905 -1.462728 -5.853523
-0.789063 -0.917969 -4.000000 -0.081882 -1.576177 -5.852574
-0.782104 -0.916748 -4.000000 -0.129350 -1.649040 -5.883666
-0.776367 -0.914429 -4.000000 -0.197704 -1.667553 -5.922115
-0.790039 -0.907471 -4.000000 -0.284096 -1.658534 -5.971482
-0.783936 -0.918091 -4.000000 -0.361232 -1.646192 -6.032241
-0.782349 -0.915161 -4.000000 -0.410599 -1.606556 -6.078997
-0.786987 -0.912354 -4.000000 -0.393748 -1.526573 -6.130025
-0.781738 -0.915649 -4.000000 -0.369539 -1.451573 -6.156607
-0.786133 -0.920776 -4.000000 -0.340821 -1.387254 -6.182003
-0.779297 -0.916870 -4.000000 -0.303796 -1.339074 -6.202651
-0.789917 -0.918091 -4.000000 -0.273891 -1.309881 -6.237777
-0.791138 -0.917847 -4.000000 -0.244935 -1.295641 -6.256052
-0.786621 -0.926270 -4.000000 -0.231407 -1.285435 -6.276938
-0.790039 -0.920166 -4.000000 -0.242562 -1.248647 -6.317998
-0.793945 -0.924438 -4.000000 -0.317087 -1.189550 -6.317523
-0.790039 -0.915283 -4.000000 -0.427213 -1.067557 -6.330103
-0.792847 -0.916504 -4.000000 -0.562022 -0.950785 -6.334849
-0.787109 -0.922363 -4.000000 -0.724600 -0.900232 -6.341495
-0.787842 -0.920288 -4.000000 -0.908301 -0.912336 -6.361432
-0.787598 -0.918701 -4.000000 -1.090579 -1.001339 -6.385166
-0.786377 -0.915039 -4.000000 -1.256480 -1.130689 -6.410799
-0.786133 -0.920898 -4.000000 -1.380846 -1.231559 -6.424327
-0.786377 -0.920776 -4.000000 -1.454421 -1.281163 -6.409849
-0.785645 -0.922241 -4.000000 -1.504263 -1.295166 -6.358821
-0.786377 -0.919434 -4.000000 -1.555054 -1.282112 -6.312777
-0.783203 -0.915283 -4.000000 -1.602047 -1.264074 -6.272192
-0.787720 -0.917725 -4.000000 -1.682743 -1.277603 -6.237065
-0.782471 -0.916626 -4.000000 -1.747299 -1.302286 -6.192445
-0.789917 -0.915405 -4.000000 -1.807346 -1.345719 -6.148300
-0.780884 -0.920410 -4.000000 -1.859324 -1.398884 -6.110563
-0.791138 -0.916138 -4.000000 -1.905368 -1.441842 -6.070690
-0.783936 -0.912842 -4.000000 -1.917235 -1.440181 -6.030105
-0.789429 -0.921021 -4.000000 -1.879498 -1.389390 -5.987858
-0.786255 -0.921265 -4.000000 -1.806634 -1.299675 -5.933270
-0.781860 -0.912964 -4.000000 -1.718106 -1.216132 -5.871562
-0.786499 -0.910767 -4.000000 -1.627917 -1.161543 -5.796562
-0.785156 -0.917358 -4.000000 -1.552917 -1.145404 -5.745771
-0.784668 -0.916016 -4.000000 -1.495006 -1.161306 -5.695930
-0.786255 -0.914795 -4.000000 -1.444453 -1.195008 -5.633272
-0.780029 -0.921143 -4.000000 -1.351416 -1.243426 -5.546642
-0.792114 -0.920288 -4.000000 -1.245324 -1.284723 -5.475441
-0.774048 -0.916138 -4.000000 -1.166528 -1.318425 -5.406612
-0.784180 -0.920044 -4.000000 -1.118585 -1.341447 -5.339207
-0.792358 -0.916138 -4.000000 -1.057114 -1.372539 -5.265869
-0.785034 -0.917847 -4.000000 -0.998491 -1.433535 -5.194192
-0.779053 -0.919312 -4.000000 -0.941054 -1.517316 -5.106614
-0.784668 -0.919800 -4.000000 -0.872938 -1.556003 -4.992453
-0.782959 -0.916016 -4.000000 -0.808856 -1.570718 -4.861679
-0.782593 -0.923462 -4.000000 -0.716530 -1.534880 -4.752739
-0.783691 -0.915771 -4.000000 -0.567006 -1.444690 -4.663974
-0.789673 -0.924805 -4.000000 -0.374998 -1.308457 -4.610335
-0.790527 -0.918579 -4.000000 -0.230457 -1.228236 -4.588500
-0.783569 -0.909790 -4.000000 -0.115822 -1.202603 -4.601079
-0.786255 -0.924316 -4.000000 -0.115347 -1.222777 -4.658515
-0.781006 -0.921265 -4.000000 -0.180141 -1.245087 -4.760571
-0.784546 -0.917358 -4.000000 -0.268432 -1.221116 -4.883751
-0.795654 -0.913818 -4.000000 -0.342482 -1.136623 -4.988418
-0.779907 -0.917358 -4.000000 -0.418431 -1.016291 -5.095933
-0.783447 -0.919800 -4.000000 -0.489870 -0.902368 -5.211518
-0.783691 -0.917969 -4.000000 -0.540424 -0.871514 -5.318796
-0.786011 -0.914063 -4.000000 -0.596199 -0.933697 -5.430109
-0.782471 -0.919678 -4.000000 -0.662891 -0.959329 -5.567054
-0.784790 -0.925537 -4.000000 -0.731245 -0.988048 -5.653446
-0.786499 -0.918457 -4.000000 -0.712258 -0.988522 -5.741499
-0.779663 -0.921387 -4.000000 -0.687100 -0.986149 -5.823144
-0.787720 -0.917725 -4.000000 -0.705375 -1.012019 -5.910248
-0.787598 -0.914917 -4.000000 -0.739790 -1.048807 -5.974804
-0.790649 -0.917725 -4.000000 -0.776815 -1.096749 -6.029155
-0.785156 -0.917114 -4.000000 -0.786783 -1.152287 -6.088253
-0.776611 -0.909180 -4.000000 -0.785122 -1.181005 -6.144028
-0.787842 -0.912720 -4.000000 -0.783935 -1.191923 -6.188411
-0.783569 -0.921265 -4.000000 -0.782274 -1.186701 -6.233980
-0.784668 -0.917114 -4.000000 -0.778476 -1.183379 -6.276227
-0.787109 -0.916748 -4.000000 -0.767084 -1.188363 -6.326780
-0.782715 -0.918701 -4.000000 -0.765660 -1.214470 -6.368789
-0.787109 -0.916870 -4.000000 -0.769932 -1.235119 -6.417681
-0.790161 -0.924316 -4.000000 -0.765422 -1.241527 -6.458504
-0.779419 -0.924927 -4.000000 -0.756878 -1.292555 -6.485323
-0.778076 -0.916260 -4.000000 -0.753555 -1.314628 -6.516178
-0.783081 -0.914551 -4.000000 -0.829030 -1.258615 -6.538962
-0.786865 -0.919800 -4.000000 -0.885517 -1.307745 -6.493155
-0.782959 -0.924561 -4.000000 -0.898096 -1.358298 -6.465624
-0.779663 -0.917236 -4.000000 -0.917558 -1.368029 -6.441653
-0.780884 -0.913330 -4.000000 -0.956956 -1.399596 -6.397982
-0.781860 -0.915649 -4.000000 -0.996355 -1.430925 -6.364754
-0.786865 -0.919556 -4.000000 -1.059012 -1.460117 -6.349802
-0.789429 -0.910645 -4.000000 -1.117873 -1.473408 -6.332951
-0.785278 -0.916626 -4.000000 -1.171749 -1.456557 -6.313014
-0.783813 -0.920044 -4.000000 -1.233695 -1.399833 -6.293077
-0.788452 -0.922485 -4.000000 -1.288283 -1.322460 -6.264122
-0.780884 -0.909912 -4.000000 -1.334090 -1.283062 -6.254866
-0.789063 -0.918457 -4.000000 -1.368029 -1.323884 -6.227572
-0.782471 -0.916626 -4.000000 -1.399358 -1.397934 -6.193157
-0.785645 -0.924805 -4.000000 -1.412887 -1.453235 -6.146876
-0.782959 -0.914063 -4.000000 -1.410513 -1.479817 -6.120769
-0.781860 -0.917603 -4.000000 -1.399833 -1.478630 -6.084930
-0.781860 -0.921021 -4.000000 -1.361859 -1.467950 -6.035801
-0.784790 -0.915771 -4.000000 -1.321985 -1.436858 -5.991181
-0.783813 -0.916138 -4.000000 -1.284248 -1.419770 -5.933982
-0.781860 -0.918213 -4.000000 -1.239154 -1.441130 -5.866340
-0.787231 -0.920898 -4.000000 -1.180056 -1.486462 -5.812464
-0.783813 -0.917969 -4.000000 -1.132588 -1.519452 -5.767369
-0.781006 -0.917725 -4.000000 -1.080136 -1.490022 -5.708034
-0.784302 -0.920044 -4.000000 -1.016528 -1.415260 -5.649648
-0.789795 -0.916138 -4.000000 -0.979741 -1.307270 -5.594822
-0.783813 -0.914673 -4.000000 -0.959804 -1.228473 -5.514839
-0.785645 -0.914551 -4.000000 -0.953871 -1.232508 -5.438415
-0.783447 -0.910889 -4.000000 -0.959804 -1.324596 -5.387862
-0.784180 -0.913452 -4.000000 -0.986386 -1.498804 -5.337308
-0.784424 -0.918701 -4.000000 -1.001576 -1.693423 -5.296011
-0.776367 -0.919556 -4.000000 -0.990184 -1.804498 -5.249255
-0.787964 -0.924683 -4.000000 -0.926339 -1.802599 -5.190395
-0.784546 -0.920410 -4.000000 -0.803397 -1.703391 -5.139367
-0.777832 -0.922363 -4.000000 -0.615423 -1.545323 -5.086440
-0.781982 -0.913696 -4.000000 -0.390899 -1.354738 -5.042295
-0.784058 -0.922485 -4.000000 -0.199366 -1.235356 -5.027817
-0.786865 -0.916748 -4.000000 -0.066218 -1.203078 -5.032089
-0.781616 -0.919556 -4.000000 0.036550 -1.201179 -5.024494
-0.778076 -0.920410 -4.000000 0.085680 -1.204739 -4.993877
-0.779175 -0.913818 -4.000000 0.078085 -1.184328 -4.945934
-0.783936 -0.921997 -4.000000 0.053639 -1.163442 -4.908672
-0.782349 -0.922363 -4.000000 0.020174 -1.173410 -4.915555
-0.786133 -0.917725 -4.000000 0.010443 -1.240340 -4.938577
-0.788452 -0.918091 -4.000000 -0.004272 -1.346669 -4.960649
-0.781128 -0.919189 -4.000000 -0.020649 -1.481478 -5.007405
-0.785522 -0.919678 -4.000000 -0.056250 -1.539626 -5.053924
-0.792358 -0.918823 -4.000000 -0.102768 -1.579974 -5.116582
-0.778442 -0.923950 -4.000000 -0.120806 -1.617474 -5.163813
-0.778198 -0.919556 -4.000000 -0.065269 -1.597063 -5.200126
-0.785034 -0.917236 -4.000000 0.023734 -1.527047 -5.200838
-0.780884 -0.921021 -4.000000 0.145252 -1.431874 -5.210331
-0.777710 -0.917358 -4.000000 0.233068 -1.420719 -5.215078
-0.788818 -0.918213 -4.000000 0.195094 -1.433535 -5.228369
-0.777710 -0.917969 -4.000000 0.067879 -1.377998 -5.240948
-0.784912 -0.916260 -4.000000 -0.092563 -1.215657 -5.263021
-0.781372 -0.912720 -4.000000 -0.262973 -1.008222 -5.329951
-0.780884 -0.920532 -4.000000 -0.363605 -0.909251 -5.406137
-0.784302 -0.921753 -4.000000 -0.421991 -0.930137 -5.446010
-0.781006 -0.916748 -4.000000 -0.442640 -1.026497 -5.542608
-0.775391 -0.917847 -4.000000 -0.459253 -1.120721 -5.644664
-0.782837 -0.915039 -4.000000 -0.409412 -1.156085 -5.690233
-0.786621 -0.919556 -4.000000 -0.392323 -1.155847 -5.721562
-0.788452 -0.920654 -4.000000 -0.405852 -1.129028 -5.739600
-0.784546 -0.921021 -4.000000 -0.360283 -1.108142 -5.721799
-0.791260 -0.917114 -4.000000 -0.288843 -1.136860 -5.706610
-0.781128 -0.915039 -4.000000 -0.240663 -1.201416 -5.695455
