-0.788330 -0.912720 -4.000000 -0.385915 -1.541050 -5.878444
-0.783569 -0.910767 -4.000000 -0.406089 -1.579974 -5.914757
-0.788818 -0.917358 -4.000000 -0.435282 -1.599436 -5.980263
-0.783325 -0.919067 -4.000000 -0.464475 -1.561699 -6.052889
-0.785156 -0.916504 -4.000000 -0.466374 -1.448250 -6.116022
-0.784790 -0.915649 -4.000000 -0.410361 -1.320799 -6.162066
-0.779053 -0.916748 -4.000000 -0.342482 -1.225863 -6.204787
-0.787964 -0.920166 -4.000000 -0.251106 -1.229660 -6.230183
-0.782593 -0.916138 -4.000000 -0.207910 -1.328394 -6.229945
-0.788086 -0.919800 -4.000000 -0.283859 -1.419532 -6.255578
-0.782959 -0.913696 -4.000000 -0.405615 -1.469611 -6.319660
-0.782227 -0.917603 -4.000000 -0.507434 -1.467712 -6.411036
-0.785034 -0.917847 -4.000000 -0.622781 -1.422618 -6.487459
-0.776978 -0.916748 -4.000000 -0.720565 -1.339549 -6.528045
-0.788452 -0.920288 -4.000000 -0.800549 -1.235594 -6.545133
-0.783447 -0.917603 -4.000000 -0.879583 -1.190736 -6.552253
-0.783936 -0.915161 -4.000000 -0.953633 -1.219454 -6.540386
-0.781006 -0.922974 -4.000000 -1.054265 -1.322935 -6.514516
-0.785400 -0.922607 -4.000000 -1.187176 -1.451810 -6.463488
-0.786621 -0.915771 -4.000000 -1.344533 -1.599674 -6.402254
-0.785767 -0.917847 -4.000000 -1.501177 -1.694847 -6.346242
-0.777832 -0.909424 -4.000000 -1.575702 -1.647142 -6.324407
-0.788574 -0.915039 -4.000000 -1.551731 -1.509484 -6.334849
-0.785645 -0.922119 -4.000000 -1.497617 -1.379422 -6.320609
-0.788818 -0.920898 -4.000000 -1.450387 -1.308932 -6.275040
-0.780396 -0.924438 -4.000000 -1.423092 -1.242951 -6.219502
-0.790161 -0.920654 -4.000000 -1.375862 -1.152999 -6.186749
-0.784180 -0.918945 -4.000000 -1.302523 -1.057826 -6.143079
-0.779785 -0.921997 -4.000000 -1.225151 -0.960516 -6.095848
-0.782349 -0.915405 -4.000000 -1.152050 -0.867479 -6.068079
-0.776611 -0.921997 -4.000000 -1.084170 -0.813128 -6.017051
-0.784668 -0.918335 -4.000000 -1.040737 -0.783460 -5.955105
-0.780029 -0.915894 -4.000000 -1.033617 -0.751182 -5.924251
-0.782349 -0.918823 -4.000000 -0.972146 -0.775391 -5.847115
-0.786499 -0.915161 -4.000000 -0.879346 -0.823571 -5.759537
-0.781616 -0.916992 -4.000000 -0.903317 -0.920406 -5.702575
-0.784180 -0.918335 -4.000000 -0.901418 -0.960041 -5.626626
-0.789551 -0.917114 -4.000000 -0.849678 -0.909013 -5.539048
-0.788208 -0.912720 -4.000000 -0.786783 -0.839710 -5.441026
-0.793579 -0.920166 -4.000000 -0.745486 -0.787258 -5.347751
-0.787842 -0.919067 -4.000000 -0.756641 -0.781087 -5.282008
-0.786133 -0.920654 -4.000000 -0.735280 -0.827843 -5.253765
-0.783936 -0.914795 -4.000000 -0.651499 -0.958380 -5.250916
-0.785156 -0.919678 -4.000000 -0.542323 -1.184328 -5.239049
-0.793579 -0.914185 -4.000000 -0.382118 -1.392238 -5.213654
-0.773926 -0.910889 -4.000000 -0.206486 -1.497617 -5.159778
-0.780396 -0.913818 -4.000000 -0.025633 -1.467475 -5.108987
-0.779785 -0.920898 -4.000000 0.124841 -1.361859 -5.035886
-0.786987 -0.918457 -4.000000 0.218353 -1.258615 -4.997912
-0.787109 -0.916016 -4.000000 0.224524 -1.223014 -4.977738
-0.787109 -0.914917 -4.000000 0.164477 -1.251970 -4.963735
-0.787842 -0.919922 -4.000000 0.056724 -1.309406 -4.990554
-0.784668 -0.919189 -4.000000 -0.053402 -1.509484 -5.081930
-0.784058 -0.911011 -4.000000 -0.084730 -1.481003 -5.099019
-0.791260 -0.917114 -4.000000 -0.124366 -1.471747 -5.099730
-0.786743 -0.916138 -4.000000 -0.051978 -1.419532 -5.112310
-0.781128 -0.920898 -4.000000 0.068354 -1.288283 -5.148386
-0.785889 -0.922485 -4.000000 0.143116 -1.145404 -5.219825
-0.787354 -0.917114 -4.000000 0.140980 -1.009646 -5.345378
-0.781860 -0.922485 -4.000000 0.054588 -0.891687 -5.483984
-0.789795 -0.916138 -4.000000 -0.068117 -0.778476 -5.633509
-0.788696 -0.919434 -4.000000 -0.172546 -0.712258 -5.768081
-0.776489 -0.912720 -4.000000 -0.215980 -0.781799 -5.872510
-0.785034 -0.914917 -4.000000 -0.310916 -0.984250 -5.959140
-0.787842 -0.911987 -4.000000 -0.494380 -1.126417 -6.067130
-0.781616 -0.913330 -4.000000 -0.638683 -1.118347 -6.221164
-0.791504 -0.921143 -4.000000 -0.716293 -1.052367 -6.366179
-0.788696 -0.921509 -4.000000 -0.741926 -1.003237 -6.470846
-0.783081 -0.918945 -4.000000 -0.748097 -0.975469 -6.543234
-0.789795 -0.919800 -4.000000 -0.737179 -0.954108 -6.613250
-0.790161 -0.914551 -4.000000 -0.723176 -0.988997 -6.644341
-0.780029 -0.916382 -4.000000 -0.743824 -1.120958 -6.632711
-0.785767 -0.918213 -4.000000 -0.807432 -1.248647 -6.619421
-0.787476 -0.920410 -4.000000 -0.878871 -1.303710 -6.616098
-0.783325 -0.922607 -4.000000 -0.936545 -1.275467 -6.633661
-0.780884 -0.914429 -4.000000 -0.980215 -1.214945 -6.649088
-0.785278 -0.921631 -4.000000 -1.043111 -1.176733 -6.643629
-0.784790 -0.918091 -4.000000 -1.126180 -1.149202 -6.624167
-0.778076 -0.919434 -4.000000 -1.190736 -1.140420 -6.600196
-0.781982 -0.913330 -4.000000 -1.232033 -1.136385 -6.569579
-0.782227 -0.917114 -4.000000 -1.235831 -1.135199 -6.514991
-0.782349 -0.922363 -4.000000 -1.218742 -1.117398 -6.472981
-0.790405 -0.916992 -4.000000 -1.191686 -1.109803 -6.449960
-0.783569 -0.920776 -4.000000 -1.185752 -1.088917 -6.395846
-0.789185 -0.925049 -4.000000 -1.177920 -1.065183 -6.364517
-0.780884 -0.917480 -4.000000 -1.161781 -1.052604 -6.324169
-0.785034 -0.918945 -4.000000 -1.147778 -1.042161 -6.284296
-0.782349 -0.918335 -4.000000 -1.133775 -1.033142 -6.228758
-0.784058 -0.917358 -4.000000 -1.135436 -1.036940 -6.166101
-0.784546 -0.918945 -4.000000 -1.138759 -1.069693 -6.117920
-0.788086 -0.915283 -4.000000 -1.157983 -1.123569 -6.080184
-0.779785 -0.912476 -4.000000 -1.178157 -1.169613 -6.031291
-0.786133 -0.913940 -4.000000 -1.169138 -1.181955 -5.997589
-0.783569 -0.914307 -4.000000 -1.161306 -1.186227 -5.945849
-0.786743 -0.915283 -4.000000 -1.152524 -1.186701 -5.856846
-0.780518 -0.912354 -4.000000 -1.129028 -1.172224 -5.773540
-0.784546 -0.921265 -4.000000 -1.081560 -1.160831 -5.675518
-0.785034 -0.914673 -4.000000 -0.995880 -1.164629 -5.593873
-0.785400 -0.915527 -4.000000 -0.911387 -1.186939 -5.525044
-0.788330 -0.917725 -4.000000 -0.844931 -1.162730 -5.451706
-0.783569 -0.908813 -4.000000 -0.752369 -1.103395 -5.394745
-0.788086 -0.915283 -4.000000 -0.660518 -1.096749 -5.370298
-0.782593 -0.916382 -4.000000 -0.627528 -1.151812 -5.343479
-0.786377 -0.910034 -4.000000 -0.616135 -1.211147 -5.317134
-0.781616 -0.916748 -4.000000 -0.619221 -1.209723 -5.270853
-0.788452 -0.912598 -4.000000 -0.631088 -1.139471 -5.216502
-0.787231 -0.914429 -4.000000 -0.618746 -1.046908 -5.176629
-0.783936 -0.915283 -4.000000 -0.611626 -0.981402 -5.132958
-0.786621 -0.913086 -4.000000 -0.616373 -0.972858 -5.121329
-0.787598 -0.921021 -4.000000 -0.625392 -1.044772 -5.116107
-0.785156 -0.915283 -4.000000 -0.631800 -1.197856 -5.140079
-0.787964 -0.918457 -4.000000 -0.498889 -1.339311 -5.161676
-0.781738 -0.914795 -4.000000 -0.272229 -1.414785 -5.149097
-0.787964 -0.916016 -4.000000 -0.027057 -1.440418 -5.145537
-0.778320 -0.906982 -4.000000 0.157357 -1.417871 -5.130348
-0.793579 -0.913696 -4.000000 0.268669 -1.311305 -5.117294
-0.782349 -0.918091 -4.000000 0.295014 -1.240340 -5.130822
-0.781006 -0.917847 -4.000000 0.217641 -1.246986 -5.165949
-0.784546 -0.914551 -4.000000 0.118907 -1.305372 -5.202262
-0.793457 -0.916992 -4.000000 0.052215 -1.325546 -5.232641
-0.796265 -0.924194 -4.000000 0.055063 -1.334802 -5.277499
-0.783569 -0.914063 -4.000000 0.061708 -1.354976 -5.318796
-0.789429 -0.915771 -4.000000 0.055300 -1.405529 -5.362229
-0.783081 -0.917969 -4.000000 0.054114 -1.420956 -5.400678
-0.790405 -0.916504 -4.000000 0.017801 -1.416684 -5.445773
-0.785156 -0.912720 -4.000000 0.001187 -1.404580 -5.448621
-0.779663 -0.916748 -4.000000 0.073575 -1.411225 -5.477339
-0.788330 -0.911865 -4.000000 0.157831 -1.404342 -5.515788
-0.791992 -0.914185 -4.000000 0.225711 -1.360909 -5.527893
-0.786865 -0.911377 -4.000000 0.304270 -1.282112 -5.539285
-0.784058 -0.919678 -4.000000 0.302372 -1.184328 -5.571563
-0.780396 -0.920410 -4.000000 0.190822 -1.083458 -5.616420
-0.782837 -0.917358 -4.000000 0.037974 -0.993981 -5.703999
-0.787720 -0.919067 -4.000000 -0.063845 -0.958380 -5.794663
-0.787476 -0.921143 -4.000000 -0.144066 -1.035753 -5.883666
-0.786743 -0.917969 -4.000000 -0.241612 -1.194534 -5.965074
-0.783569 -0.913086 -4.000000 -0.303558 -1.296590 -6.009931
-0.781494 -0.916382 -4.000000 -0.292878 -1.314153 -6.023934
-0.790161 -0.917480 -4.000000 -0.249919 -1.299201 -6.022747
-0.786987 -0.917480 -4.000000 -0.200315 -1.268109 -6.007082
-0.782715 -0.914551 -4.000000 -0.160205 -1.245799 -5.993554
-0.782715 -0.913940 -4.000000 -0.154034 -1.232745 -5.990232
-0.789185 -0.916016 -4.000000 -0.172546 -1.240103 -5.974804
-0.788818 -0.909668 -4.000000 -0.214556 -1.300862 -5.960327
-0.783447 -0.913818 -4.000000 -0.266770 -1.372064 -5.971956
-0.781616 -0.925903 -4.000000 -0.323020 -1.404105 -5.982874
-0.787231 -0.911377 -4.000000 -0.371438 -1.428789 -5.985010
-0.785156 -0.914063 -4.000000 -0.384254 -1.467000 -5.990232
-0.781616 -0.916138 -4.000000 -0.365267 -1.504263 -5.985247
-0.787231 -0.920166 -4.000000 -0.310204 -1.496193 -5.954630
