-0.785278 -0.921631 -4.000000 -0.149050 -1.794293 -5.783508
-0.788208 -0.917603 -4.000000 -0.098734 -1.705765 -5.745296
-0.776367 -0.914673 -4.000000 -0.081882 -1.687727 -5.753129
-0.788330 -0.918335 -4.000000 -0.107515 -1.711698 -5.797274
-0.789185 -0.917603 -4.000000 -0.151423 -1.759404 -5.847827
-0.786743 -0.913818 -4.000000 -0.206723 -1.803786 -5.900042
-0.783325 -0.914429 -4.000000 -0.226660 -1.812805 -5.943001
-0.781860 -0.925659 -4.000000 -0.242799 -1.803311 -5.982874
-0.781372 -0.914673 -4.000000 -0.275552 -1.813754 -6.027019
-0.780396 -0.917114 -4.000000 -0.250631 -1.793106 -6.058823
-0.788696 -0.911133 -4.000000 -0.210283 -1.756793 -6.069740
-0.787231 -0.916626 -4.000000 -0.181091 -1.726413 -6.085167
-0.782104 -0.916992 -4.000000 -0.195806 -1.699356 -6.089677
-0.787598 -0.913574 -4.000000 -0.256328 -1.682031 -6.117208
-0.779663 -0.917603 -4.000000 -0.352688 -1.688676 -6.185800
-0.783569 -0.916260 -4.000000 -0.456880 -1.695559 -6.257002
-0.786133 -0.906372 -4.000000 -0.537101 -1.691524 -6.337935
-0.780273 -0.920166 -4.000000 -0.625629 -1.710511 -6.409849
-0.781494 -0.917114 -4.000000 -0.709410 -1.736382 -6.470133
-0.789917 -0.914429 -4.000000 -0.760913 -1.702679 -6.485086
-0.792358 -0.918213 -4.000000 -0.786783 -1.608455 -6.470608
-0.785156 -0.914429 -4.000000 -0.835675 -1.514943 -6.436906
-0.777710 -0.915771 -4.000000 -0.893824 -1.407665 -6.425988
-0.790527 -0.923218 -4.000000 -0.962890 -1.341447 -6.416732
-0.789429 -0.921021 -4.000000 -1.044772 -1.333140 -6.432396
-0.787720 -0.918213 -4.000000 -1.112177 -1.352840 -6.463488
-0.780518 -0.913086 -4.000000 -1.143980 -1.390814 -6.505734
-0.782837 -0.915283 -4.000000 -1.183141 -1.438994 -6.566494
-0.783325 -0.914307 -4.000000 -1.208299 -1.457981 -6.594500
-0.783325 -0.916748 -4.000000 -1.209011 -1.427364 -6.610639
-0.791870 -0.915039 -4.000000 -1.237255 -1.401969 -6.605892
-0.786621 -0.910889 -4.000000 -1.291606 -1.358773 -6.582870
-0.786499 -0.913818 -4.000000 -1.327919 -1.272381 -6.552491
-0.788696 -0.923950 -4.000000 -1.343109 -1.179107 -6.524959
-0.778198 -0.922241 -4.000000 -1.345957 -1.110041 -6.523060
-0.787476 -0.920654 -4.000000 -1.358298 -1.082034 -6.515703
-0.784302 -0.917358 -4.000000 -1.368504 -1.082509 -6.521636
-0.781982 -0.917603 -4.000000 -1.402681 -1.099835 -6.510007
-0.787231 -0.917114 -4.000000 -1.456320 -1.125705 -6.491494
-0.785645 -0.917969 -4.000000 -1.471035 -1.152050 -6.474168
-0.778442 -0.918091 -4.000000 -1.477206 -1.160831 -6.452807
-0.780396 -0.917114 -4.000000 -1.441130 -1.138047 -6.410561
-0.778809 -0.924194 -4.000000 -1.390102 -1.101734 -6.323457
-0.787354 -0.921631 -4.000000 -1.340735 -1.072541 -6.242999
-0.785156 -0.916382 -4.000000 -1.330055 -1.081560 -6.186749
-0.779541 -0.912598 -4.000000 -1.379184 -1.147540 -6.159218
-0.778687 -0.911255 -4.000000 -1.436383 -1.236543 -6.149487
-0.780518 -0.917114 -4.000000 -1.450624 -1.301099 -6.113411
-0.781372 -0.911743 -4.000000 -1.416447 -1.321511 -6.052889
-0.782959 -0.912720 -4.000000 -1.333140 -1.318663 -5.985485
-0.789917 -0.926025 -4.000000 -1.261701 -1.367555 -5.941339
-0.779297 -0.921509 -4.000000 -1.249122 -1.444453 -5.882242
-0.787964 -0.923096 -4.000000 -1.287334 -1.503551 -5.825755
-0.782349 -0.917725 -4.000000 -1.289944 -1.523013 -5.714917
-0.775513 -0.907715 -4.000000 -1.318188 -1.488361 -5.626626
-0.785278 -0.919067 -4.000000 -1.415735 -1.487649 -5.593399
-0.786133 -0.917969 -4.000000 -1.414548 -1.484089 -5.503921
-0.784302 -0.919678 -4.000000 -1.322697 -1.465814 -5.422988
-0.782959 -0.908813 -4.000000 -1.190499 -1.477681 -5.367451
-0.779297 -0.918701 -4.000000 -0.999677 -1.539389 -5.348938
-0.785645 -0.911743 -4.000000 -0.753081 -1.570955 -5.318321
-0.783936 -0.916870 -4.000000 -0.507434 -1.546035 -5.294112
-0.784302 -0.919312 -4.000000 -0.337498 -1.514943 -5.258037
-0.783325 -0.912598 -4.000000 -0.262736 -1.533218 -5.231217
-0.787354 -0.911987 -4.000000 -0.290742 -1.642869 -5.209857
-0.784790 -0.909790 -4.000000 -0.339871 -1.747537 -5.202024
-0.788940 -0.911011 -4.000000 -0.369776 -1.762014 -5.179714
-0.786255 -0.920776 -4.000000 -0.307593 -1.628866 -5.126550
-0.787354 -0.915039 -4.000000 -0.191771 -1.401257 -5.084303
-0.785400 -0.916870 -4.000000 -0.107278 -1.193822 -5.037073
-0.779541 -0.916382 -4.000000 -0.108702 -1.109803 -5.000997
-0.779785 -0.919434 -4.000000 -0.170648 -1.189075 -5.004320
-0.783447 -0.911987 -4.000000 -0.243036 -1.359722 -5.049889
-0.789673 -0.917358 -4.000000 -0.272467 -1.598012 -5.139604
-0.780518 -0.917114 -4.000000 -0.200315 -1.719056 -5.188021
-0.787354 -0.918335 -4.000000 -0.178005 -1.796191 -5.166423
-0.790283 -0.923828 -4.000000 -0.003085 -1.741128 -5.124889
-0.784058 -0.910522 -4.000000 0.208385 -1.612727 -5.081456
-0.784180 -0.917236 -4.000000 0.342957 -1.476257 -5.129873
-0.785156 -0.911865 -4.000000 0.389001 -1.358061 -5.247594
-0.785156 -0.923706 -4.000000 0.302846 -1.360435 -5.441026
-0.783325 -0.915283 -4.000000 0.079034 -1.487886 -5.656768
-0.783569 -0.913086 -4.000000 -0.220964 -1.653550 -5.848777
-0.787964 -0.920654 -4.000000 -0.458304 -1.747774 -6.013728
-0.793091 -0.911987 -4.000000 -0.537576 -1.754894 -6.159692
-0.779907 -0.914673 -4.000000 -0.542085 -1.743976 -6.282397
-0.783203 -0.918823 -4.000000 -0.522149 -1.724040 -6.366890
-0.784668 -0.917358 -4.000000 -0.500551 -1.678945 -6.401067
-0.778931 -0.920654 -4.000000 -0.494617 -1.606319 -6.426463
-0.786865 -0.919067 -4.000000 -0.554427 -1.549120 -6.441890
-0.774414 -0.917969 -4.000000 -0.679031 -1.531082 -6.445687
-0.785767 -0.918945 -4.000000 -0.818349 -1.533218 -6.476779
-0.783081 -0.917114 -4.000000 -0.967636 -1.530133 -6.514753
-0.790161 -0.918823 -4.000000 -1.075626 -1.497143 -6.538250
-0.785522 -0.921997 -4.000000 -1.163442 -1.437807 -6.563645
-0.789185 -0.913574 -4.000000 -1.240340 -1.370403 -6.565782
-0.787354 -0.911865 -4.000000 -1.285910 -1.289944 -6.566257
-0.782227 -0.923340 -4.000000 -1.306796 -1.204265 -6.552728
-0.789307 -0.918335 -4.000000 -1.316527 -1.156085 -6.539437
-0.789673 -0.917358 -4.000000 -1.313441 -1.135673 -6.515703
-0.791138 -0.927979 -4.000000 -1.324596 -1.114787 -6.509769
-0.782104 -0.912354 -4.000000 -1.339549 -1.081085 -6.500988
-0.782959 -0.912354 -4.000000 -1.358773 -1.040025 -6.515228
-0.785522 -0.914063 -4.000000 -1.386305 -1.007984 -6.507633
-0.784424 -0.918579 -4.000000 -1.420482 -0.987573 -6.486747
-0.781738 -0.917725 -4.000000 -1.477918 -0.980453 -6.470846
-0.783569 -0.909790 -4.000000 -1.540813 -1.001576 -6.448535
-0.781372 -0.916260 -4.000000 -1.587569 -1.031481 -6.420292
-0.778320 -0.916748 -4.000000 -1.596588 -1.023649 -6.370213
-0.780518 -0.915283 -4.000000 -1.567633 -0.987098 -6.307793
-0.790527 -0.918091 -4.000000 -1.548645 -0.964788 -6.249170
-0.783447 -0.915161 -4.000000 -1.532981 -0.976418 -6.205737
-0.781372 -0.918213 -4.000000 -1.523250 -1.018427 -6.175594
-0.778198 -0.916260 -4.000000 -1.527285 -1.076101 -6.160642
-0.779053 -0.914917 -4.000000 -1.551493 -1.145642 -6.144740
-0.783447 -0.911255 -4.000000 -1.598724 -1.228948 -6.117446
-0.780151 -0.915771 -4.000000 -1.621746 -1.303710 -6.102731
-0.785522 -0.915649 -4.000000 -1.610354 -1.348805 -6.095848
-0.782959 -0.914551 -4.000000 -1.538440 -1.308694 -6.026070
-0.777344 -0.909302 -4.000000 -1.420244 -1.211622 -5.948697
-0.780640 -0.916382 -4.000000 -1.296590 -1.113601 -5.872985
-0.781372 -0.922729 -4.000000 -1.196432 -1.043823 -5.794900
-0.781860 -0.913574 -4.000000 -1.131876 -0.991133 -5.748144
-0.776367 -0.913818 -4.000000 -1.107192 -0.970722 -5.727733
-0.785522 -0.922241 -4.000000 -1.160119 -1.001339 -5.715154
-0.782104 -0.921875 -4.000000 -1.308457 -1.090104 -5.731056
-0.780762 -0.925659 -4.000000 -1.476731 -1.214708 -5.764996
-0.786865 -0.918213 -4.000000 -1.590417 -1.303473 -5.774014
-0.779541 -0.918945 -4.000000 -1.588993 -1.319612 -5.752179
-0.788574 -0.915894 -4.000000 -1.502364 -1.274043 -5.700913
-0.782959 -0.916016 -4.000000 -1.365181 -1.219692 -5.637069
-0.790649 -0.913452 -4.000000 -1.209249 -1.186464 -5.575835
-0.791626 -0.915161 -4.000000 -1.077050 -1.162255 -5.523621
-0.784912 -0.913208 -4.000000 -0.998016 -1.145879 -5.462387
-0.784546 -0.913818 -4.000000 -0.999915 -1.217793 -5.431770
-0.780151 -0.914429 -4.000000 -1.096275 -1.422380 -5.475441
-0.784180 -0.922363 -4.000000 -1.200230 -1.684404 -5.545456
-0.780151 -0.918457 -4.000000 -1.225388 -1.922931 -5.584380
-0.783691 -0.917969 -4.000000 -1.127841 -2.088594 -5.583193
-0.780396 -0.913940 -4.000000 -0.941292 -2.113990 -5.540709
-0.784180 -0.917358 -4.000000 -0.687812 -1.923880 -5.434855
-0.785645 -0.916382 -4.000000 -0.444301 -1.553155 -5.313574
-0.786255 -0.913086 -4.000000 -0.266770 -1.176970 -5.219825
-0.782104 -0.914429 -4.000000 -0.236628 -1.031718 -5.198464
-0.789551 -0.914673 -4.000000 -0.319935 -1.156797 -5.231217
-0.785034 -0.915894 -4.000000 -0.466136 -1.486937 -5.300520
-0.787476 -0.913330 -4.000000 -0.626578 -1.897298 -5.376232
-0.782104 -0.919434 -4.000000 -0.708935 -2.152202 -5.399966
-0.784546 -0.921753 -4.000000 -0.653398 -2.184955 -5.358432
-0.785645 -0.915527 -4.000000 -0.523335 -2.027835 -5.292451
