-0.780518 -0.915527 -4.000000 0.048892 -1.505449 -5.388337
-0.782593 -0.919800 -4.000000 0.144778 -1.405292 -5.403526
-0.781616 -0.912231 -4.000000 0.202926 -1.352128 -5.384539
-0.782471 -0.923828 -4.000000 0.243986 -1.333615 -5.361992
-0.782227 -0.922852 -4.000000 0.259888 -1.354976 -5.351074
-0.782593 -0.918945 -4.000000 0.251818 -1.373013 -5.359618
-0.783936 -0.912964 -4.000000 0.223812 -1.403393 -5.370536
-0.783813 -0.913818 -4.000000 0.200315 -1.434485 -5.386438
-0.784058 -0.918579 -4.000000 0.215505 -1.489548 -5.416105
-0.788208 -0.921509 -4.000000 0.202926 -1.568582 -5.451944
-0.781982 -0.918091 -4.000000 0.173496 -1.637411 -5.469270
-0.790161 -0.920044 -4.000000 0.147863 -1.687252 -5.473067
-0.786987 -0.918823 -4.000000 0.101344 -1.711461 -5.508905
-0.781006 -0.921997 -4.000000 0.061471 -1.713122 -5.571563
-0.783081 -0.919556 -4.000000 0.027057 -1.684879 -5.620930
-0.781250 -0.917969 -4.000000 -0.007358 -1.607506 -5.656768
-0.781128 -0.919922 -4.000000 -0.005221 -1.503076 -5.701151
-0.790039 -0.920776 -4.000000 0.009968 -1.418108 -5.758350
-0.782227 -0.917358 -4.000000 0.025395 -1.427839 -5.839995
-0.783447 -0.915894 -4.000000 -0.007832 -1.527047 -5.941814
-0.794800 -0.918335 -4.000000 -0.136708 -1.689626 -6.073063
-0.780884 -0.913940 -4.000000 -0.303796 -1.843185 -6.212382
-0.784668 -0.919556 -4.000000 -0.499364 -1.892314 -6.359533
-0.785034 -0.924927 -4.000000 -0.663841 -1.814704 -6.493630
-0.786255 -0.920898 -4.000000 -0.782986 -1.675385 -6.601857
-0.783936 -0.921021 -4.000000 -0.898808 -1.564785 -6.679705
-0.782715 -0.920288 -4.000000 -1.002051 -1.517554 -6.756603
-0.779419 -0.922974 -4.000000 -1.109566 -1.519690 -6.816888
-0.779663 -0.914185 -4.000000 -1.226100 -1.566446 -6.860321
-0.788208 -0.912964 -4.000000 -1.335514 -1.594927 -6.867916
-0.780396 -0.925171 -4.000000 -1.416209 -1.556003 -6.838723
-0.783325 -0.924438 -4.000000 -1.486700 -1.454659 -6.777727
-0.787476 -0.919189 -4.000000 -1.504975 -1.323409 -6.716493
-0.780518 -0.913940 -4.000000 -1.475070 -1.199993 -6.634136
-0.787476 -0.914551 -4.000000 -1.424279 -1.131401 -6.569817
-0.781494 -0.915649 -4.000000 -1.417871 -1.130214 -6.511668
-0.791626 -0.924683 -4.000000 -1.456083 -1.190024 -6.455893
-0.781494 -0.917969 -4.000000 -1.518978 -1.264074 -6.395608
-0.786987 -0.923584 -4.000000 -1.600623 -1.340023 -6.344818
-0.789185 -0.912109 -4.000000 -1.703629 -1.396510 -6.286432
-0.776367 -0.917725 -4.000000 -1.792868 -1.417871 -6.211432
-0.779175 -0.915161 -4.000000 -1.785511 -1.407903 -6.164202
-0.787842 -0.920776 -4.000000 -1.747062 -1.405292 -6.128601
-0.784058 -0.914917 -4.000000 -1.701967 -1.418583 -6.077810
-0.782837 -0.914917 -4.000000 -1.652600 -1.374912 -6.029867
-0.783936 -0.927246 -4.000000 -1.579262 -1.287096 -5.959615
-0.775879 -0.923828 -4.000000 -1.488598 -1.225388 -5.886039
-0.788330 -0.918213 -4.000000 -1.428551 -1.183853 -5.802495
-0.779907 -0.920166 -4.000000 -1.386305 -1.177920 -5.719664
-0.787964 -0.917847 -4.000000 -1.358298 -1.220641 -5.663651
-0.777710 -0.923950 -4.000000 -1.361621 -1.320561 -5.601943
-0.783936 -0.916992 -4.000000 -1.363757 -1.434247 -5.528130
-0.785034 -0.920898 -4.000000 -1.337650 -1.518978 -5.466659
-0.781128 -0.921387 -4.000000 -1.271669 -1.597300 -5.394982
-0.790894 -0.921875 -4.000000 -1.180531 -1.652363 -5.300995
-0.782593 -0.922241 -4.000000 -1.050943 -1.635275 -5.206771
-0.786987 -0.920776 -4.000000 -0.883855 -1.545797 -5.113971
-0.783203 -0.916870 -4.000000 -0.697306 -1.448962 -5.054873
-0.786743 -0.916626 -4.000000 -0.518826 -1.369216 -4.989367
-0.786377 -0.916138 -4.000000 -0.365979 -1.298489 -4.949019
-0.783936 -0.916504 -4.000000 -0.216217 -1.268109 -4.921013
-0.782349 -0.921753 -4.000000 -0.105142 -1.266922 -4.911757
-0.781494 -0.920166 -4.000000 -0.048417 -1.294217 -4.936440
-0.783325 -0.925049 -4.000000 -0.078322 -1.325783 -4.971330
-0.786621 -0.916626 -4.000000 -0.154746 -1.328394 -5.038260
-0.785889 -0.920532 -4.000000 -0.200078 -1.283062 -5.127025
-0.785156 -0.922241 -4.000000 -0.198179 -1.237018 -5.214841
-0.787720 -0.920288 -4.000000 -0.174208 -1.255293 -5.309065
-0.787109 -0.909424 -4.000000 -0.141692 -1.330055 -5.408748
-0.786621 -0.920654 -4.000000 -0.115585 -1.409327 -5.506532
-0.778809 -0.920288 -4.000000 -0.088528 -1.469374 -5.605978
-0.784790 -0.918213 -4.000000 -0.113211 -1.517554 -5.713018
-0.788940 -0.917114 -4.000000 -0.152372 -1.498092 -5.840232
-0.788086 -0.920654 -4.000000 -0.232119 -1.408852 -5.920928
-0.784180 -0.924927 -4.000000 -0.330615 -1.423567 -6.040547
-0.786011 -0.917114 -4.000000 -0.383779 -1.408140 -6.136196
-0.786011 -0.917603 -4.000000 -0.503399 -1.362808 -6.228758
-0.785400 -0.917725 -4.000000 -0.640581 -1.365656 -6.280973
-0.784180 -0.927246 -4.000000 -0.770644 -1.405529 -6.336748
-0.788574 -0.917847 -4.000000 -0.893824 -1.411937 -6.387302
-0.785522 -0.910522 -4.000000 -0.984250 -1.406479 -6.428599
-0.790894 -0.914917 -4.000000 -1.039313 -1.408140 -6.411985
-0.793701 -0.918091 -4.000000 -1.086069 -1.371827 -6.379469
-0.788940 -0.923584 -4.000000 -1.140420 -1.309881 -6.362144
-0.781982 -0.915894 -4.000000 -1.173173 -1.281638 -6.337461
-0.788574 -0.912964 -4.000000 -1.190974 -1.282350 -6.322982
-0.785400 -0.917236 -4.000000 -1.224676 -1.267872 -6.318236
-0.788086 -0.912354 -4.000000 -1.249122 -1.248173 -6.323220
-0.784302 -0.920410 -4.000000 -1.281638 -1.229897 -6.327255
-0.786865 -0.916748 -4.000000 -1.306558 -1.191686 -6.334137
-0.790039 -0.912231 -4.000000 -1.336700 -1.163442 -6.348853
-0.776367 -0.915405 -4.000000 -1.380846 -1.160594 -6.340783
-0.787231 -0.913818 -4.000000 -1.429263 -1.156797 -6.352650
-0.783203 -0.919067 -4.000000 -1.497855 -1.160831 -6.369501
-0.784424 -0.923340 -4.000000 -1.548883 -1.186939 -6.383267
-0.789307 -0.916504 -4.000000 -1.604895 -1.243900 -6.409612
-0.785767 -0.922729 -4.000000 -1.664467 -1.321511 -6.411036
-0.791016 -0.914795 -4.000000 -1.712410 -1.390102 -6.399643
-0.782837 -0.917358 -4.000000 -1.736144 -1.416921 -6.377808
-0.786499 -0.913818 -4.000000 -1.766998 -1.415260 -6.345055
-0.785889 -0.914185 -4.000000 -1.790495 -1.386305 -6.260087
-0.786499 -0.914307 -4.000000 -1.767710 -1.335514 -6.171797
-0.782593 -0.921387 -4.000000 -1.725701 -1.330767 -6.115072
-0.785278 -0.918457 -4.000000 -1.688913 -1.378235 -6.075912
-0.789551 -0.925171 -4.000000 -1.622696 -1.443978 -6.028918
-0.780151 -0.919312 -4.000000 -1.534405 -1.508772 -5.969820
-0.781250 -0.916382 -4.000000 -1.458931 -1.520402 -5.916893
-0.789917 -0.913574 -4.000000 -1.415260 -1.441130 -5.888175
-0.777466 -0.912598 -4.000000 -1.363283 -1.286622 -5.880343
-0.789185 -0.914795 -4.000000 -1.303473 -1.117873 -5.844504
-0.786743 -0.919800 -4.000000 -1.304659 -1.012731 -5.811277
-0.783569 -0.920776 -4.000000 -1.348093 -1.016528 -5.773303
-0.790405 -0.916626 -4.000000 -1.458456 -1.098648 -5.730819
-0.786499 -0.919189 -4.000000 -1.545797 -1.200467 -5.683825
-0.782227 -0.915527 -4.000000 -1.588281 -1.251258 -5.656531
-0.783936 -0.918823 -4.000000 -1.606082 -1.231796 -5.619981
-0.789551 -0.914551 -4.000000 -1.576651 -1.124281 -5.574648
-0.786011 -0.921143 -4.000000 -1.489310 -0.967874 -5.515551
-0.782104 -0.912842 -4.000000 -1.372776 -0.848254 -5.476152
-0.783813 -0.915283 -4.000000 -1.256242 -0.811229 -5.443162
-0.789185 -0.912109 -4.000000 -1.124281 -0.881719 -5.420377
-0.783936 -0.910767 -4.000000 -1.004661 -1.035990 -5.414207
-0.786743 -0.915649 -4.000000 -0.910437 -1.185989 -5.416343
-0.785278 -0.924561 -4.000000 -0.846593 -1.265973 -5.403526
-0.777100 -0.917725 -4.000000 -0.771593 -1.303473 -5.371723
-0.779053 -0.917725 -4.000000 -0.661230 -1.333140 -5.353447
-0.787842 -0.918701 -4.000000 -0.496753 -1.383931 -5.378131
-0.781250 -0.921509 -4.000000 -0.316137 -1.481003 -5.415868
-0.783569 -0.921753 -4.000000 -0.186787 -1.612253 -5.430820
-0.787720 -0.915039 -4.000000 -0.077610 -1.726176 -5.435804
-0.782959 -0.913574 -4.000000 0.023259 -1.772695 -5.468083
-0.792603 -0.916870 -4.000000 0.084256 -1.762014 -5.527655
-0.783569 -0.911255 -4.000000 0.080696 -1.665654 -5.577260
-0.787598 -0.920288 -4.000000 0.060047 -1.484089 -5.640154
-0.789429 -0.921265 -4.000000 0.053402 -1.300150 -5.694268
-0.785522 -0.924072 -4.000000 0.000712 -1.182429 -5.722986
-0.786377 -0.913696 -4.000000 -0.158069 -1.245087 -5.773540
-0.780029 -0.921387 -4.000000 -0.412972 -1.491446 -5.776388
-0.783813 -0.925781 -4.000000 -0.654347 -1.768185 -5.765233
-0.790039 -0.917236 -4.000000 -0.765660 -1.953310 -5.760961
-0.791504 -0.921509 -4.000000 -0.735992 -2.040414 -5.706372
-0.786743 -0.919189 -4.000000 -0.623968 -2.068895 -5.681926
-0.787720 -0.914063 -4.000000 -0.506009 -2.005763 -5.658905
-0.779053 -0.921509 -4.000000 -0.388763 -1.844846 -5.621167
-0.781006 -0.924316 -4.000000 -0.310678 -1.591129 -5.546405
-0.782471 -0.912842 -4.000000 -0.300710 -1.360672 -5.513889
-0.779541 -0.914917 -4.000000 -0.317561 -1.174597 -5.514364
-0.780762 -0.919800 -4.000000 -0.346517 -1.068506 -5.521010
-0.784668 -0.914795 -4.000000 -0.370726 -1.041687 -5.527418
-0.788452 -0.908447 -4.000000 -0.370251 -1.073490 -5.504396
