-0.789429 -0.923584 -4.000000 -0.340821 -1.397460 -5.797749
-0.784546 -0.920654 -4.000000 -0.398969 -1.507823 -5.768556
-0.774902 -0.922241 -4.000000 -0.427687 -1.561699 -5.790628
-0.777466 -0.919800 -4.000000 -0.438842 -1.567633 -5.820058
-0.788208 -0.922119 -4.000000 -0.423415 -1.526098 -5.837147
-0.777100 -0.912231 -4.000000 -0.366691 -1.457032 -5.864441
-0.788940 -0.915527 -4.000000 -0.355773 -1.414311 -5.931134
-0.783691 -0.920166 -4.000000 -0.392798 -1.397222 -6.008744
-0.787231 -0.911377 -4.000000 -0.405615 -1.376811 -6.076623
-0.780151 -0.914429 -4.000000 -0.431485 -1.364469 -6.120294
-0.784790 -0.916626 -4.000000 -0.470646 -1.377286 -6.160642
-0.787109 -0.914307 -4.000000 -0.498652 -1.418108 -6.211432
-0.786133 -0.918213 -4.000000 -0.524285 -1.435434 -6.242999
-0.781738 -0.916016 -4.000000 -0.565345 -1.469374 -6.261749
-0.786499 -0.916870 -4.000000 -0.618746 -1.468899 -6.299249
-0.784302 -0.917969 -4.000000 -0.676894 -1.437570 -6.326780
-0.789917 -0.911865 -4.000000 -0.736942 -1.415260 -6.352175
-0.777588 -0.917969 -4.000000 -0.822147 -1.397934 -6.388251
-0.789673 -0.920166 -4.000000 -0.906640 -1.407903 -6.398457
-0.784668 -0.910278 -4.000000 -1.004661 -1.444690 -6.402492
-0.784546 -0.913696 -4.000000 -1.129977 -1.500228 -6.388014
-0.788086 -0.922607 -4.000000 -1.259802 -1.551256 -6.346716
-0.787109 -0.919678 -4.000000 -1.393662 -1.568582 -6.290942
-0.786011 -0.917603 -4.000000 -1.530845 -1.538914 -6.249644
-0.788696 -0.922119 -4.000000 -1.617237 -1.502364 -6.203838
-0.786255 -0.914551 -4.000000 -1.664705 -1.448250 -6.176069
-0.781738 -0.914551 -4.000000 -1.704103 -1.384406 -6.163965
-0.782715 -0.920410 -4.000000 -1.713122 -1.316289 -6.142366
-0.781738 -0.918091 -4.000000 -1.687489 -1.278077 -6.116497
-0.779419 -0.917114 -4.000000 -1.647379 -1.257903 -6.065468
-0.783691 -0.918335 -4.000000 -1.612965 -1.233695 -6.004472
-0.784546 -0.920532 -4.000000 -1.575465 -1.209249 -5.928523
-0.777222 -0.923218 -4.000000 -1.515418 -1.202366 -5.896008
-0.782349 -0.908691 -4.000000 -1.475070 -1.240340 -5.886039
-0.787720 -0.917114 -4.000000 -1.466288 -1.326495 -5.863966
-0.779297 -0.916260 -4.000000 -1.482190 -1.407191 -5.813413
-0.771729 -0.911743 -4.000000 -1.492870 -1.367080 -5.748382
-0.784302 -0.920166 -4.000000 -1.477918 -1.235119 -5.643952
-0.786865 -0.919312 -4.000000 -1.415260 -1.127129 -5.550440
-0.790649 -0.913574 -4.000000 -1.377286 -1.102920 -5.466184
-0.787109 -0.908081 -4.000000 -1.407191 -1.206163 -5.410409
-0.786011 -0.916138 -4.000000 -1.458456 -1.379422 -5.384064
-0.783691 -0.911865 -4.000000 -1.494294 -1.594927 -5.365077
-0.782227 -0.920044 -4.000000 -1.462016 -1.822299 -5.348464
-0.781006 -0.915405 -4.000000 -1.336700 -1.993184 -5.293638
-0.781738 -0.919922 -4.000000 -1.149914 -2.057503 -5.204398
-0.781738 -0.916870 -4.000000 -0.909251 -2.013595 -5.105902
-0.789429 -0.917969 -4.000000 -0.594775 -1.904181 -5.004795
-0.778809 -0.917725 -4.000000 -0.255615 -1.772932 -4.918878
-0.784058 -0.911499 -4.000000 0.023497 -1.634325 -4.846726
-0.780762 -0.918335 -4.000000 0.237578 -1.488836 -4.795460
-0.783447 -0.918823 -4.000000 0.352450 -1.365419 -4.776473
-0.786377 -0.918701 -4.000000 0.360283 -1.267635 -4.807565
-0.785156 -0.918579 -4.000000 0.287656 -1.203553 -4.898704
-0.777710 -0.918823 -4.000000 0.175394 -1.178395 -5.006693
-0.781128 -0.917236 -4.000000 0.059810 -1.207825 -5.123940
-0.779663 -0.919189 -4.000000 -0.050079 -1.287808 -5.245695
-0.787231 -0.916748 -4.000000 -0.135996 -1.406479 -5.361992
-0.775757 -0.916870 -4.000000 -0.199603 -1.501415 -5.477576
-0.785034 -0.917480 -4.000000 -0.205774 -1.541525 -5.608588
-0.785767 -0.914551 -4.000000 -0.155695 -1.557902 -5.731056
-0.788940 -0.914185 -4.000000 -0.152847 -1.559326 -5.846878
-0.781250 -0.913574 -4.000000 -0.182989 -1.501652 -5.931608
-0.786133 -0.925049 -4.000000 -0.224524 -1.380134 -6.008981
-0.781738 -0.918579 -4.000000 -0.294065 -1.223014 -6.069028
-0.784424 -0.910889 -4.000000 -0.382355 -1.130689 -6.118870
-0.789063 -0.920288 -4.000000 -0.459016 -1.094376 -6.150911
-0.782471 -0.914551 -4.000000 -0.509807 -1.091291 -6.189597
-0.783447 -0.916626 -4.000000 -0.573651 -1.097224 -6.229945
-0.780273 -0.916016 -4.000000 -0.659569 -1.153236 -6.278600
-0.780029 -0.916382 -4.000000 -0.729821 -1.181717 -6.320372
-0.779785 -0.926514 -4.000000 -0.773255 -1.179581 -6.327492
-0.780273 -0.916504 -4.000000 -0.806957 -1.166528 -6.334137
-0.777832 -0.915161 -4.000000 -0.855849 -1.136623 -6.330340
-0.785156 -0.908203 -4.000000 -0.891687 -1.107192 -6.332476
-0.777832 -0.920898 -4.000000 -0.915184 -1.046908 -6.318236
-0.785156 -0.912964 -4.000000 -0.959567 -0.961940 -6.314438
-0.780884 -0.919067 -4.000000 -1.005373 -0.897621 -6.309454
-0.788330 -0.917969 -4.000000 -1.049281 -0.906165 -6.314676
-0.783936 -0.920288 -4.000000 -1.084645 -0.976893 -6.321796
-0.786865 -0.912964 -4.000000 -1.134249 -1.054028 -6.315625
-0.779785 -0.919678 -4.000000 -1.179344 -1.111702 -6.316575
-0.783813 -0.920898 -4.000000 -1.224201 -1.127841 -6.302096
-0.784668 -0.919800 -4.000000 -1.265261 -1.122620 -6.282872
-0.781860 -0.915527 -4.000000 -1.301574 -1.121907 -6.257002
-0.783447 -0.915649 -4.000000 -1.331004 -1.144217 -6.234929
-0.784180 -0.913452 -4.000000 -1.370403 -1.206163 -6.218316
-0.790771 -0.916748 -4.000000 -1.395086 -1.302998 -6.192683
-0.785889 -0.916870 -4.000000 -1.413361 -1.397697 -6.172271
-0.780151 -0.914307 -4.000000 -1.424754 -1.489548 -6.139518
-0.785278 -0.912109 -4.000000 -1.424042 -1.547933 -6.110088
-0.786987 -0.918823 -4.000000 -1.432111 -1.583772 -6.070690
-0.780640 -0.917236 -4.000000 -1.426415 -1.599436 -6.039361
-0.793945 -0.915161 -4.000000 -1.414311 -1.614151 -5.999962
-0.787720 -0.918823 -4.000000 -1.399833 -1.619373 -5.944662
-0.778442 -0.919312 -4.000000 -1.382745 -1.618898 -5.887226
-0.785156 -0.917969 -4.000000 -1.339786 -1.616762 -5.824093
-0.778442 -0.921143 -4.000000 -1.293505 -1.603234 -5.776388
-0.783081 -0.918823 -4.000000 -1.243426 -1.588519 -5.733666
-0.787964 -0.923462 -4.000000 -1.184328 -1.567870 -5.682639
-0.780518 -0.919434 -4.000000 -1.119771 -1.544848 -5.632322
-0.777832 -0.924438 -4.000000 -1.068506 -1.525386 -5.584380
-0.779053 -0.920898 -4.000000 -1.032430 -1.531319 -5.536437
-0.781128 -0.921265 -4.000000 -1.014630 -1.553867 -5.488731
-0.781860 -0.913086 -4.000000 -1.017952 -1.546272 -5.442688
-0.784424 -0.919678 -4.000000 -1.024598 -1.531557 -5.394270
-0.784668 -0.918823 -4.000000 -1.026497 -1.523487 -5.351074
-0.783569 -0.916260 -4.000000 -1.031006 -1.531557 -5.297198
-0.786499 -0.917480 -4.000000 -1.036940 -1.564072 -5.268480
-0.791138 -0.917114 -4.000000 -1.027921 -1.646667 -5.268242
-0.781738 -0.915649 -4.000000 -0.988997 -1.768897 -5.246170
-0.781982 -0.922485 -4.000000 -0.918982 -1.841049 -5.215315
-0.785400 -0.921509 -4.000000 -0.829979 -1.821349 -5.188733
-0.787476 -0.915771 -4.000000 -0.699442 -1.725464 -5.170933
-0.779175 -0.918579 -4.000000 -0.546832 -1.578788 -5.161439
-0.779907 -0.919312 -4.000000 -0.420804 -1.439232 -5.160253
-0.776611 -0.917358 -4.000000 -0.348178 -1.329343 -5.173306
-0.783325 -0.918457 -4.000000 -0.335124 -1.324359 -5.183274
-0.784546 -0.920898 -4.000000 -0.353162 -1.419058 -5.189920
-0.784058 -0.921021 -4.000000 -0.377134 -1.535829 -5.207008
-0.786011 -0.919189 -4.000000 -0.374523 -1.605607 -5.223622
-0.792114 -0.919189 -4.000000 -0.325156 -1.621509 -5.238338
-0.789551 -0.918823 -4.000000 -0.230220 -1.569294 -5.250205
-0.784058 -0.911499 -4.000000 -0.134809 -1.462965 -5.267530
-0.787476 -0.917725 -4.000000 -0.045095 -1.326257 -5.282245
-0.785034 -0.916138 -4.000000 0.004035 -1.208062 -5.305505
-0.782471 -0.913330 -4.000000 0.008782 -1.177208 -5.302182
-0.786377 -0.916504 -4.000000 -0.009256 -1.211622 -5.303369
-0.785034 -0.909302 -4.000000 -0.036550 -1.241052 -5.299097
-0.784058 -0.921265 -4.000000 -0.038686 -1.242002 -5.300283
-0.785522 -0.917969 -4.000000 -0.005934 -1.232033 -5.328764
-0.789551 -0.927246 -4.000000 -0.009494 -1.145167 -5.334935
-0.789063 -0.922119 -4.000000 -0.093275 -1.092477 -5.373384
-0.790527 -0.920532 -4.000000 -0.167088 -1.089867 -5.400204
-0.782837 -0.923218 -4.000000 -0.192008 -1.105531 -5.393083
-0.791748 -0.921753 -4.000000 -0.210996 -1.135673 -5.366738
-0.781250 -0.921509 -4.000000 -0.239714 -1.161543 -5.362941
-0.780273 -0.916992 -4.000000 -0.271755 -1.147778 -5.361754
-0.781494 -0.917236 -4.000000 -0.285758 -1.124518 -5.388337
-0.785400 -0.921753 -4.000000 -0.282910 -1.088917 -5.429871
-0.787720 -0.915283 -4.000000 -0.249207 -1.046908 -5.456453
-0.781128 -0.916626 -4.000000 -0.209097 -1.011782 -5.489918
-0.786011 -0.917236 -4.000000 -0.194856 -0.996592 -5.525044
-0.781616 -0.921753 -4.000000 -0.215980 -0.990658 -5.563494
-0.780884 -0.921875 -4.000000 -0.247071 -0.978317 -5.597433
-0.785400 -0.913208 -4.000000 -0.288606 -0.960991 -5.631135
-0.784912 -0.919067 -4.000000 -0.333226 -0.954345 -5.679078
-0.781494 -0.917480 -4.000000 -0.381168 -0.974045 -5.713730
-0.777954 -0.918701 -4.000000 -0.420567 -1.023411 -5.740787
-0.785889 -0.923828 -4.000000 -0.441453 -1.094851 -5.754315
