-0.783203 -0.913574 -4.000000 -0.169936 -1.459168 -5.783983
-0.787842 -0.916138 -4.000000 -0.248733 -1.437333 -5.822432
-0.785400 -0.914429 -4.000000 -0.326818 -1.371352 -5.830502
-0.786499 -0.915283 -4.000000 -0.356248 -1.280688 -5.839283
-0.783569 -0.910522 -4.000000 -0.372862 -1.194534 -5.851150
-0.788330 -0.911865 -4.000000 -0.338447 -1.075626 -5.901229
-0.783203 -0.910767 -4.000000 -0.240663 -0.887415 -5.972431
-0.788452 -0.915283 -4.000000 -0.082832 -0.741688 -6.016814
-0.784180 -0.918457 -4.000000 0.057436 -0.761388 -6.016101
-0.782471 -0.918091 -4.000000 0.053876 -0.930374 -5.973380
-0.784546 -0.907715 -4.000000 -0.068591 -1.120009 -5.971956
-0.787720 -0.915894 -4.000000 -0.229033 -1.211859 -6.026307
-0.784912 -0.920654 -4.000000 -0.328242 -1.238679 -6.116734
-0.782227 -0.913208 -4.000000 -0.416058 -1.294691 -6.205499
-0.789185 -0.923096 -4.000000 -0.507908 -1.352602 -6.251069
-0.787476 -0.918701 -4.000000 -0.568905 -1.343346 -6.291654
-0.778931 -0.917725 -4.000000 -0.595961 -1.275467 -6.340071
-0.779297 -0.919800 -4.000000 -0.578873 -1.190499 -6.383029
-0.785522 -0.917969 -4.000000 -0.553003 -1.137335 -6.397507
-0.783081 -0.920532 -4.000000 -0.570329 -1.133775 -6.380419
-0.779419 -0.916016 -4.000000 -0.642717 -1.142556 -6.326780
-0.784424 -0.911011 -4.000000 -0.737654 -1.070879 -6.274565
-0.785278 -0.918579 -4.000000 -0.785596 -0.945326 -6.258901
-0.786255 -0.912231 -4.000000 -0.803397 -0.869140 -6.275277
-0.789551 -0.915771 -4.000000 -0.829979 -0.881244 -6.304233
-0.785522 -0.922852 -4.000000 -0.889077 -0.952447 -6.337223
-0.779297 -0.913940 -4.000000 -0.940817 -1.008222 -6.369027
-0.781372 -0.914063 -4.000000 -0.992557 -1.050705 -6.389201
-0.785767 -0.917725 -4.000000 -1.016528 -1.091053 -6.402729
-0.788452 -0.919678 -4.000000 -1.048807 -1.135673 -6.392998
-0.782227 -0.918701 -4.000000 -1.088205 -1.158221 -6.378283
-0.786987 -0.919312 -4.000000 -1.119771 -1.121907 -6.352175
-0.784546 -0.915894 -4.000000 -1.106480 -1.057114 -6.297587
-0.783081 -0.915039 -4.000000 -1.075863 -0.990658 -6.242762
-0.784058 -0.915283 -4.000000 -1.050943 -0.939630 -6.214756
-0.781494 -0.915649 -4.000000 -1.026971 -0.926576 -6.196243
-0.779053 -0.915894 -4.000000 -1.016528 -0.963602 -6.190072
-0.783813 -0.911499 -4.000000 -1.035041 -1.024123 -6.183664
-0.787476 -0.917114 -4.000000 -1.068506 -1.092003 -6.177493
-0.790161 -0.916504 -4.000000 -1.129265 -1.178632 -6.176069
-0.784668 -0.916748 -4.000000 -1.193347 -1.265973 -6.163490
-0.793091 -0.916992 -4.000000 -1.238916 -1.317951 -6.136196
-0.789673 -0.914917 -4.000000 -1.249597 -1.341685 -6.094186
-0.788696 -0.924316 -4.000000 -1.234169 -1.345957 -6.055737
-0.781982 -0.912476 -4.000000 -1.204977 -1.349992 -5.986197
-0.781006 -0.914429 -4.000000 -1.173173 -1.350941 -5.921165
-0.785034 -0.906128 -4.000000 -1.123094 -1.357112 -5.858508
-0.783936 -0.915894 -4.000000 -1.053791 -1.401969 -5.782321
-0.786987 -0.912231 -4.000000 -0.989709 -1.498804 -5.697116
-0.781494 -0.915771 -4.000000 -0.983063 -1.624120 -5.625677
-0.785278 -0.916870 -4.000000 -1.037177 -1.755606 -5.577971
-0.783203 -0.913940 -4.000000 -1.085120 -1.848406 -5.561595
-0.780884 -0.920410 -4.000000 -1.149439 -1.917235 -5.540234
-0.783813 -0.915161 -4.000000 -1.207350 -1.969687 -5.517687
-0.782837 -0.921143 -4.000000 -1.197856 -1.962567 -5.456453
-0.791138 -0.918823 -4.000000 -1.114550 -1.900146 -5.363891
-0.786499 -0.913452 -4.000000 -0.957905 -1.814941 -5.284144
-0.789795 -0.910156 -4.000000 -0.782511 -1.759641 -5.219113
-0.782471 -0.904907 -4.000000 -0.630613 -1.762252 -5.165711
-0.783813 -0.913696 -4.000000 -0.503161 -1.766286 -5.137705
-0.793579 -0.910400 -4.000000 -0.368352 -1.727837 -5.116344
-0.781982 -0.918213 -4.000000 -0.231881 -1.659009 -5.087152
-0.786499 -0.914551 -4.000000 -0.111313 -1.576177 -5.050127
-0.776855 -0.925659 -4.000000 -0.039873 -1.521114 -5.018085
-0.786743 -0.911621 -4.000000 -0.026107 -1.525386 -5.019272
-0.782593 -0.908325 -4.000000 -0.023734 -1.554579 -5.037548
-0.776978 -0.912598 -4.000000 -0.019699 -1.581636 -5.065316
-0.780273 -0.917236 -4.000000 0.025633 -1.508060 -5.083354
-0.783081 -0.917236 -4.000000 0.083781 -1.449674 -5.126075
-0.786255 -0.912964 -4.000000 0.116297 -1.356637 -5.162151
-0.789429 -0.909546 -4.000000 0.102531 -1.275941 -5.192056
-0.782715 -0.915283 -4.000000 0.101582 -1.227761 -5.218875
-0.787476 -0.913818 -4.000000 0.101819 -1.209011 -5.284619
-0.787598 -0.912842 -4.000000 0.123417 -1.216132 -5.367451
-0.784668 -0.918213 -4.000000 0.143828 -1.222540 -5.463811
-0.784546 -0.912720 -4.000000 0.147388 -1.201891 -5.593873
-0.786133 -0.915649 -4.000000 0.114398 -1.172698 -5.711357
-0.790527 -0.918579 -4.000000 0.035838 -1.124993 -5.825755
-0.790894 -0.917969 -4.000000 -0.066930 -1.064471 -5.910010
-0.783203 -0.915649 -4.000000 -0.185363 -1.051655 -5.981450
-0.783936 -0.920654 -4.000000 -0.303321 -1.094613 -6.057873
-0.782104 -0.917480 -4.000000 -0.434333 -1.148727 -6.131686
-0.784790 -0.918213 -4.000000 -0.498652 -1.160119 -6.217129
-0.784790 -0.912231 -4.000000 -0.506721 -1.163917 -6.277888
-0.785156 -0.912598 -4.000000 -0.521437 -1.216132 -6.327017
-0.778198 -0.926636 -4.000000 -0.571278 -1.297777 -6.346479
-0.785645 -0.915527 -4.000000 -0.633224 -1.367792 -6.386115
-0.787842 -0.916138 -4.000000 -0.692796 -1.423092 -6.433820
-0.794800 -0.912842 -4.000000 -0.751419 -1.448250 -6.472032
-0.790039 -0.914673 -4.000000 -0.817163 -1.452523 -6.497902
-0.781494 -0.919800 -4.000000 -0.888602 -1.477443 -6.526146
-0.784912 -0.917603 -4.000000 -0.968111 -1.518028 -6.540861
-0.784424 -0.911133 -4.000000 -1.031481 -1.533456 -6.548456
-0.789673 -0.923950 -4.000000 -1.066370 -1.515418 -6.545845
-0.784546 -0.918091 -4.000000 -1.093901 -1.452285 -6.532791
-0.780396 -0.913940 -4.000000 -1.100072 -1.390339 -6.499801
-0.782471 -0.913940 -4.000000 -1.120958 -1.356162 -6.460640
-0.785156 -0.913330 -4.000000 -1.167477 -1.361384 -6.442602
-0.791748 -0.910645 -4.000000 -1.204502 -1.391763 -6.431921
-0.794312 -0.917480 -4.000000 -1.236780 -1.422855 -6.404628
-0.785522 -0.915405 -4.000000 -1.265024 -1.439232 -6.389201
-0.787109 -0.917236 -4.000000 -1.312017 -1.448013 -6.385166
-0.796997 -0.919312 -4.000000 -1.332191 -1.452048 -6.372587
-0.796021 -0.917969 -4.000000 -1.366605 -1.415735 -6.369501
-0.780762 -0.913330 -4.000000 -1.387491 -1.344770 -6.337698
-0.787964 -0.916992 -4.000000 -1.387966 -1.241290 -6.296401
-0.786133 -0.919922 -4.000000 -1.407665 -1.150626 -6.257951
-0.778564 -0.920410 -4.000000 -1.463203 -1.104582 -6.238964
-0.788330 -0.915039 -4.000000 -1.527285 -1.096275 -6.226148
-0.779541 -0.916504 -4.000000 -1.598961 -1.115974 -6.222113
-0.779297 -0.920166 -4.000000 -1.694610 -1.160594 -6.220689
-0.778076 -0.914795 -4.000000 -1.786698 -1.237730 -6.222588
-0.772217 -0.921997 -4.000000 -1.873564 -1.321511 -6.222588
-0.787476 -0.916748 -4.000000 -1.898722 -1.356874 -6.209297
-0.785278 -0.920166 -4.000000 -1.846033 -1.336463 -6.169898
-0.793091 -0.914673 -4.000000 -1.734957 -1.268584 -6.113648
-0.788452 -0.913452 -4.000000 -1.598961 -1.177683 -6.062146
-0.782959 -0.916748 -4.000000 -1.453235 -1.109329 -6.016814
-0.782715 -0.917358 -4.000000 -1.330530 -1.091291 -5.989282
-0.787964 -0.914673 -4.000000 -1.232745 -1.099123 -5.959140
-0.786133 -0.917725 -4.000000 -1.148015 -1.115262 -5.935168
-0.788818 -0.917725 -4.000000 -1.065183 -1.125468 -5.921403
-0.788696 -0.918579 -4.000000 -0.960991 -1.082272 -5.886514
-0.791626 -0.913208 -4.000000 -0.857748 -0.982589 -5.838571
-0.781860 -0.913818 -4.000000 -0.775865 -0.843270 -5.773777
-0.790649 -0.913574 -4.000000 -0.718429 -0.680217 -5.691420
-0.788574 -0.912842 -4.000000 -0.748097 -0.566294 -5.608826
-0.785889 -0.921753 -4.000000 -0.881719 -0.578161 -5.557797
-0.782471 -0.918701 -4.000000 -1.032430 -0.710834 -5.534063
-0.783813 -0.913452 -4.000000 -1.130689 -0.905216 -5.519348
-0.790771 -0.915649 -4.000000 -1.136623 -1.061148 -5.492054
-0.778198 -0.911011 -4.000000 -1.086781 -1.127604 -5.411596
-0.787231 -0.916870 -4.000000 -0.979741 -1.083933 -5.310726
-0.781616 -0.915161 -4.000000 -0.850153 -0.970722 -5.221486
-0.785034 -0.912598 -4.000000 -0.747385 -0.864868 -5.172594
-0.783447 -0.919067 -4.000000 -0.755691 -0.871039 -5.175205
-0.780762 -0.920044 -4.000000 -0.853950 -1.014630 -5.237863
-0.780273 -0.916016 -4.000000 -0.953871 -1.273805 -5.292926
-0.792236 -0.913940 -4.000000 -0.996829 -1.542000 -5.336359
-0.789063 -0.918213 -4.000000 -0.956481 -1.715258 -5.362466
-0.787231 -0.916870 -4.000000 -0.816925 -1.802125 -5.367688
-0.784180 -0.922241 -4.000000 -0.595249 -1.777441 -5.364603
-0.788452 -0.921265 -4.000000 -0.358384 -1.675385 -5.338970
-0.782715 -0.921997 -4.000000 -0.211233 -1.568107 -5.323543
-0.782227 -0.917847 -4.000000 -0.227609 -1.509722 -5.330900
-0.787109 -0.916260 -4.000000 -0.340821 -1.500940 -5.345140
-0.791382 -0.911133 -4.000000 -0.447624 -1.520402 -5.358432
-0.788696 -0.914185 -4.000000 -0.525471 -1.557427 -5.360093
-0.784058 -0.919434 -4.000000 -0.552528 -1.623408 -5.359144
-0.785156 -0.912354 -4.000000 -0.477291 -1.695796 -5.335172
