-0.778931 -0.914185 -4.000000 0.366691 -1.751571 -5.572987
-0.780518 -0.915527 -4.000000 0.046281 -1.752995 -5.702812
-0.785522 -0.915283 -4.000000 -0.168986 -1.716445 -5.886989
-0.794556 -0.910400 -4.000000 -0.374048 -1.749198 -6.063332
-0.787354 -0.919434 -4.000000 -0.496991 -1.832030 -6.174645
-0.783813 -0.912598 -4.000000 -0.519775 -1.906554 -6.225910
-0.784424 -0.917358 -4.000000 -0.481801 -1.958057 -6.262936
-0.776611 -0.917480 -4.000000 -0.462102 -1.983453 -6.312777
-0.776611 -0.913940 -4.000000 -0.450947 -1.978231 -6.307081
-0.790283 -0.917236 -4.000000 -0.456880 -1.926016 -6.299011
-0.778198 -0.916138 -4.000000 -0.470646 -1.782663 -6.265546
-0.781250 -0.914673 -4.000000 -0.511468 -1.590892 -6.262461
-0.783203 -0.926025 -4.000000 -0.544696 -1.410751 -6.266733
-0.783325 -0.919189 -4.000000 -0.604980 -1.260277 -6.283109
-0.780151 -0.915039 -4.000000 -0.701341 -1.137809 -6.332951
-0.777832 -0.921143 -4.000000 -0.767796 -1.050943 -6.374722
-0.788208 -0.917969 -4.000000 -0.838049 -1.016766 -6.411510
-0.786499 -0.916382 -4.000000 -0.935121 -1.012731 -6.449247
-0.780518 -0.915161 -4.000000 -1.038364 -1.024123 -6.496716
-0.783081 -0.915894 -4.000000 -1.158221 -1.038601 -6.534453
-0.784668 -0.911743 -4.000000 -1.291131 -1.053791 -6.552253
-0.786987 -0.911377 -4.000000 -1.424754 -1.046671 -6.546557
-0.780518 -0.914429 -4.000000 -1.515180 -0.984487 -6.482000
-0.782349 -0.915161 -4.000000 -1.542000 -0.877922 -6.416257
-0.780151 -0.916382 -4.000000 -1.511383 -0.791292 -6.356685
-0.790527 -0.916748 -4.000000 -1.454659 -0.747622 -6.299723
-0.776367 -0.914551 -4.000000 -1.404817 -0.744774 -6.252492
-0.787598 -0.924927 -4.000000 -1.373963 -0.765422 -6.208584
-0.780273 -0.916870 -4.000000 -1.362571 -0.782274 -6.170372
-0.774048 -0.914429 -4.000000 -1.382507 -0.825944 -6.145926
-0.780396 -0.920654 -4.000000 -1.428789 -0.865343 -6.120769
-0.787231 -0.921143 -4.000000 -1.494769 -0.877922 -6.089202
-0.790283 -0.911621 -4.000000 -1.564072 -0.888365 -6.053127
-0.797729 -0.920776 -4.000000 -1.640021 -0.900706 -5.989994
-0.787354 -0.913208 -4.000000 -1.688201 -0.892399 -5.905976
-0.792236 -0.917114 -4.000000 -1.691287 -0.894061 -5.803445
-0.783813 -0.916748 -4.000000 -1.659009 -0.913997 -5.714679
-0.784790 -0.920044 -4.000000 -1.569057 -0.926576 -5.643714
-0.781616 -0.914307 -4.000000 -1.449437 -0.941529 -5.583905
-0.781738 -0.913208 -4.000000 -1.301099 -0.944377 -5.543794
-0.781250 -0.913574 -4.000000 -1.137809 -0.972146 -5.481136
-0.793823 -0.914063 -4.000000 -1.037652 -1.052130 -5.424650
-0.782959 -0.921021 -4.000000 -1.008459 -1.216369 -5.349175
-0.785522 -0.914917 -4.000000 -1.007747 -1.463915 -5.256375
-0.786987 -0.915771 -4.000000 -0.949598 -1.674198 -5.159541
-0.782715 -0.913940 -4.000000 -0.792717 -1.768422 -5.047990
-0.778809 -0.918091 -4.000000 -0.572465 -1.736856 -4.936203
-0.787476 -0.922119 -4.000000 -0.385915 -1.607268 -4.816109
-0.783936 -0.916870 -4.000000 -0.253954 -1.467000 -4.725208
-0.784058 -0.911743 -4.000000 -0.167562 -1.463678 -4.718800
-0.783691 -0.912231 -4.000000 -0.168037 -1.500703 -4.633595
-0.783325 -0.917236 -4.000000 -0.188448 -1.596825 -4.610810
-0.781860 -0.910400 -4.000000 -0.162341 -1.652126 -4.578294
-0.774292 -0.916748 -4.000000 -0.062183 -1.578788 -4.513738
-0.787109 -0.922241 -4.000000 0.105142 -1.401494 -4.508516
-0.784058 -0.924683 -4.000000 0.233543 -1.211147 -4.569750
-0.779541 -0.920166 -4.000000 0.259888 -1.105768 -4.709543
-0.779785 -0.913452 -4.000000 0.194144 -1.074914 -4.879716
-0.786743 -0.913330 -4.000000 0.056250 -1.097699 -5.064130
-0.781250 -0.919678 -4.000000 -0.112499 -1.181005 -5.281771
-0.781738 -0.914307 -4.000000 -0.285995 -1.260040 -5.466659
-0.783447 -0.918457 -4.000000 -0.485598 -1.415497 -5.646088
-0.781006 -0.922119 -4.000000 -0.605692 -1.513994 -5.821483
-0.782471 -0.913086 -4.000000 -0.652923 -1.523487 -5.990232
-0.779663 -0.912720 -4.000000 -0.654585 -1.471272 -6.112936
-0.780884 -0.914917 -4.000000 -0.641768 -1.385355 -6.178442
-0.782837 -0.911987 -4.000000 -0.623493 -1.288283 -6.203363
-0.788696 -0.915527 -4.000000 -0.626816 -1.218030 -6.225910
-0.781372 -0.916138 -4.000000 -0.608778 -1.183141 -6.242999
-0.781616 -0.918091 -4.000000 -0.603794 -1.178632 -6.251781
-0.781738 -0.910400 -4.000000 -0.632987 -1.171986 -6.281210
-0.784302 -0.923462 -4.000000 -0.677607 -1.152762 -6.334612
-0.783325 -0.921997 -4.000000 -0.733619 -1.152999 -6.388488
-0.786011 -0.923462 -4.000000 -0.815501 -1.185752 -6.440703
-0.786133 -0.913330 -4.000000 -0.918032 -1.256005 -6.472507
-0.783691 -0.914551 -4.000000 -1.014630 -1.335751 -6.492681
-0.782837 -0.920654 -4.000000 -1.063759 -1.366368 -6.512143
-0.778809 -0.915894 -4.000000 -1.071829 -1.335039 -6.501462
-0.777954 -0.912476 -4.000000 -1.072541 -1.281875 -6.474643
-0.781128 -0.918091 -4.000000 -1.078237 -1.223489 -6.444738
-0.788696 -0.916870 -4.000000 -1.120484 -1.206401 -6.447824
-0.776001 -0.913208 -4.000000 -1.185752 -1.181243 -6.436668
-0.777832 -0.917236 -4.000000 -1.252682 -1.204977 -6.424327
-0.788696 -0.915283 -4.000000 -1.300625 -1.234644 -6.411748
-0.778198 -0.920410 -4.000000 -1.317239 -1.221116 -6.403915
-0.783325 -0.920410 -4.000000 -1.315103 -1.163679 -6.383504
-0.782837 -0.914551 -4.000000 -1.332191 -1.095325 -6.351701
-0.783936 -0.920166 -4.000000 -1.365419 -1.028870 -6.316337
-0.781860 -0.912720 -4.000000 -1.388203 -0.960516 -6.283584
-0.778198 -0.916748 -4.000000 -1.418346 -0.918744 -6.245135
-0.781982 -0.916870 -4.000000 -1.452523 -0.915184 -6.214756
-0.782593 -0.914917 -4.000000 -1.482190 -0.925152 -6.190784
-0.785034 -0.915161 -4.000000 -1.499516 -0.954820 -6.146164
-0.784546 -0.917358 -4.000000 -1.489310 -1.008222 -6.101069
-0.783447 -0.911621 -4.000000 -1.427839 -1.061623 -6.067605
-0.788696 -0.913086 -4.000000 -1.325783 -1.085594 -6.031528
-0.786987 -0.915405 -4.000000 -1.216369 -1.102920 -5.994503
-0.791382 -0.917603 -4.000000 -1.131639 -1.138521 -5.959615
-0.785034 -0.914307 -4.000000 -1.079661 -1.175309 -5.913570
-0.785278 -0.914307 -4.000000 -1.073965 -1.228473 -5.886514
-0.787964 -0.922241 -4.000000 -1.067794 -1.291368 -5.849251
-0.784424 -0.914063 -4.000000 -1.047620 -1.331479 -5.803445
-0.786377 -0.919067 -4.000000 -1.002525 -1.327919 -5.761198
-0.781128 -0.910889 -4.000000 -0.945326 -1.284011 -5.709695
-0.778320 -0.919312 -4.000000 -0.892637 -1.213758 -5.640392
-0.782593 -0.914063 -4.000000 -0.875548 -1.154898 -5.563731
-0.786621 -0.916748 -4.000000 -0.860359 -1.130452 -5.500598
-0.784302 -0.924438 -4.000000 -0.847305 -1.120721 -5.453368
-0.775146 -0.916138 -4.000000 -0.843745 -1.164391 -5.423937
-0.781982 -0.916626 -4.000000 -0.849441 -1.283062 -5.404476
-0.784058 -0.919189 -4.000000 -0.840422 -1.414548 -5.373384
-0.789063 -0.918335 -4.000000 -0.801261 -1.481241 -5.349175
-0.786987 -0.922974 -4.000000 -0.726024 -1.501177 -5.315711
-0.783203 -0.912354 -4.000000 -0.606167 -1.480054 -5.263495
-0.788696 -0.916016 -4.000000 -0.468035 -1.452997 -5.186597
-0.784790 -0.912598 -4.000000 -0.343431 -1.425228 -5.122515
-0.791748 -0.913818 -4.000000 -0.236154 -1.421668 -5.082880
-0.781860 -0.915161 -4.000000 -0.201027 -1.442554 -5.034937
-0.778687 -0.925293 -4.000000 -0.139319 -1.501415 -5.018560
-0.787231 -0.924316 -4.000000 -0.080221 -1.568819 -5.026392
-0.783203 -0.910889 -4.000000 0.011392 -1.622221 -5.026867
-0.781738 -0.912598 -4.000000 0.133385 -1.628392 -5.035174
-0.782349 -0.924438 -4.000000 0.227135 -1.576889 -5.071250
-0.785767 -0.921509 -4.000000 0.276739 -1.494294 -5.114921
-0.779785 -0.910522 -4.000000 0.266296 -1.414548 -5.173781
-0.784180 -0.916748 -4.000000 0.209334 -1.415497 -5.273226
-0.784180 -0.916992 -4.000000 0.098259 -1.492158 -5.338732
-0.781860 -0.916382 -4.000000 0.011392 -1.558139 -5.339207
-0.783203 -0.916504 -4.000000 0.045332 -1.481241 -5.336833
-0.788940 -0.917358 -4.000000 0.164002 -1.317476 -5.322356
-0.790283 -0.916260 -4.000000 0.330140 -1.096275 -5.324255
-0.781860 -0.919556 -4.000000 0.452133 -0.890263 -5.369349
-0.784668 -0.922852 -4.000000 0.463526 -0.788682 -5.439364
-0.785400 -0.912842 -4.000000 0.379744 -0.765660 -5.522434
-0.781372 -0.913208 -4.000000 0.254666 -0.819536 -5.559459
-0.782715 -0.912476 -4.000000 0.075712 -0.957193 -5.599569
-0.782837 -0.918701 -4.000000 -0.148575 -1.088680 -5.632322
-0.783447 -0.916504 -4.000000 -0.296913 -1.098886 -5.678366
-0.779785 -0.908325 -4.000000 -0.374286 -1.033380 -5.741499
-0.790161 -0.916504 -4.000000 -0.414159 -1.007509 -5.799884
-0.785645 -0.913696 -4.000000 -0.405140 -1.027683 -5.830027
-0.778198 -0.915161 -4.000000 -0.365741 -1.053316 -5.855659
-0.782715 -0.913452 -4.000000 -0.320409 -1.087018 -5.874647
-0.780518 -0.917969 -4.000000 -0.269856 -1.149202 -5.871324
-0.790894 -0.914673 -4.000000 -0.228559 -1.265736 -5.886039
-0.785645 -0.913940 -4.000000 -0.244935 -1.379896 -5.894346
-0.791016 -0.920410 -4.000000 -0.297625 -1.408140 -5.897906
-0.785522 -0.922974 -4.000000 -0.349365 -1.377286 -5.910010
-0.780029 -0.925049 -4.000000 -0.398494 -1.352602 -5.915707
-0.783936 -0.921997 -4.000000 -0.449048 -1.358773 -5.904552
