-0.783813 -0.910522 -4.000000 -0.617085 -1.753470 -5.598857
-0.786743 -0.919067 -4.000000 -0.467798 -1.774119 -5.604554
-0.788086 -0.913330 -4.000000 -0.273891 -1.758217 -5.658905
-0.777832 -0.918457 -4.000000 -0.124366 -1.633613 -5.748144
-0.784302 -0.918335 -4.000000 -0.130537 -1.577838 -5.805818
-0.779785 -0.915771 -4.000000 -0.169224 -1.579974 -5.844267
-0.780640 -0.914551 -4.000000 -0.194856 -1.594689 -5.886989
-0.774658 -0.919434 -4.000000 -0.206961 -1.601098 -5.951308
-0.781982 -0.915039 -4.000000 -0.215030 -1.542712 -6.027968
-0.786865 -0.917236 -4.000000 -0.247309 -1.463915 -6.085642
-0.788086 -0.921631 -4.000000 -0.317087 -1.436621 -6.191733
-0.783203 -0.921387 -4.000000 -0.254191 -1.362571 -6.226860
-0.790527 -0.922363 -4.000000 -0.238290 -1.219454 -6.217366
-0.786987 -0.923462 -4.000000 -0.299523 -1.120958 -6.259850
-0.785400 -0.915283 -4.000000 -0.380931 -1.094613 -6.291179
-0.782593 -0.914185 -4.000000 -0.490345 -1.072778 -6.356210
-0.786499 -0.919067 -4.000000 -0.644379 -1.038838 -6.402017
-0.781494 -0.919800 -4.000000 -0.773967 -1.017952 -6.424801
-0.786133 -0.912354 -4.000000 -0.890975 -1.036228 -6.436194
-0.787598 -0.914673 -4.000000 -1.018427 -1.068269 -6.447349
-0.779785 -0.914551 -4.000000 -1.148964 -1.121907 -6.430260
-0.787109 -0.912720 -4.000000 -1.255293 -1.222065 -6.390625
-0.782837 -0.915894 -4.000000 -1.381320 -1.320799 -6.349802
-0.780518 -0.917236 -4.000000 -1.485038 -1.374675 -6.303995
-0.780396 -0.921753 -4.000000 -1.555054 -1.385593 -6.283822
-0.783936 -0.916138 -4.000000 -1.609642 -1.372539 -6.261037
-0.783569 -0.922241 -4.000000 -1.665891 -1.362808 -6.228521
-0.780029 -0.920898 -4.000000 -1.731397 -1.358061 -6.196717
-0.779053 -0.920654 -4.000000 -1.786698 -1.362571 -6.150911
-0.778564 -0.919067 -4.000000 -1.823485 -1.378947 -6.109139
-0.786255 -0.913940 -4.000000 -1.855289 -1.399596 -6.084218
-0.781128 -0.918213 -4.000000 -1.875938 -1.420482 -6.032715
-0.777100 -0.915283 -4.000000 -1.894450 -1.419058 -5.972668
-0.786255 -0.921021 -4.000000 -1.889941 -1.407428 -5.928998
-0.780151 -0.914185 -4.000000 -1.877836 -1.364944 -5.861118
-0.783325 -0.925415 -4.000000 -1.823723 -1.278552 -5.783271
-0.786621 -0.918945 -4.000000 -1.709087 -1.178869 -5.688572
-0.784302 -0.915283 -4.000000 -1.555766 -1.125230 -5.595060
-0.783325 -0.912231 -4.000000 -1.381795 -1.136148 -5.504870
-0.785889 -0.918823 -4.000000 -1.200942 -1.193347 -5.446722
-0.784790 -0.919922 -4.000000 -1.057826 -1.275941 -5.366976
-0.791260 -0.917969 -4.000000 -0.943428 -1.364944 -5.306692
-0.785034 -0.917725 -4.000000 -0.833302 -1.445640 -5.223622
-0.780640 -0.915894 -4.000000 -0.716293 -1.491921 -5.107800
-0.784180 -0.920288 -4.000000 -0.604980 -1.521114 -4.987706
-0.788086 -0.925415 -4.000000 -0.491294 -1.602759 -4.927896
-0.787720 -0.916260 -4.000000 -0.342245 -1.746350 -4.892295
-0.784302 -0.915405 -4.000000 -0.166138 -1.905131 -4.882327
-0.783813 -0.920410 -4.000000 -0.017089 -1.992472 -4.855982
-0.787231 -0.916260 -4.000000 0.100870 -1.953548 -4.800445
-0.786133 -0.920166 -4.000000 0.216929 -1.807346 -4.759385
-0.783203 -0.920654 -4.000000 0.285283 -1.600386 -4.763420
-0.784424 -0.914917 -4.000000 0.285520 -1.415497 -4.815634
-0.787964 -0.914917 -4.000000 0.245885 -1.294929 -4.890159
-0.782593 -0.911743 -4.000000 0.145015 -1.256242 -4.971804
-0.780518 -0.918823 -4.000000 0.018750 -1.299913 -5.063180
-0.775391 -0.919556 -4.000000 -0.091376 -1.409801 -5.169034
-0.784302 -0.921509 -4.000000 -0.171834 -1.520402 -5.279634
-0.782959 -0.918335 -4.000000 -0.234255 -1.601098 -5.386675
-0.787598 -0.917236 -4.000000 -0.286470 -1.599911 -5.501785
-0.782715 -0.918701 -4.000000 -0.340346 -1.507823 -5.616658
-0.784668 -0.919312 -4.000000 -0.403716 -1.343821 -5.736752
-0.783081 -0.924194 -4.000000 -0.478715 -1.172698 -5.851388
-0.777588 -0.916016 -4.000000 -0.574363 -1.081085 -5.975516
-0.776978 -0.923828 -4.000000 -0.683303 -1.102446 -6.065943
-0.782959 -0.914307 -4.000000 -0.810517 -1.165815 -6.143791
-0.789185 -0.916138 -4.000000 -0.910200 -1.214945 -6.215230
-0.786255 -0.916138 -4.000000 -0.970010 -1.225388 -6.282160
-0.787964 -0.921265 -4.000000 -1.033854 -1.209723 -6.339122
-0.785034 -0.919678 -4.000000 -1.118822 -1.227999 -6.389438
-0.786743 -0.911621 -4.000000 -1.186227 -1.242002 -6.414596
-0.784302 -0.909790 -4.000000 -1.248173 -1.238679 -6.454232
-0.783203 -0.914307 -4.000000 -1.285910 -1.280451 -6.460165
-0.786499 -0.917236 -4.000000 -1.313679 -1.362571 -6.454232
-0.788208 -0.917236 -4.000000 -1.331004 -1.397222 -6.423140
-0.786743 -0.916870 -4.000000 -1.331479 -1.362096 -6.398220
-0.785156 -0.915527 -4.000000 -1.313916 -1.278552 -6.382318
-0.787109 -0.918945 -4.000000 -1.294929 -1.189787 -6.361194
-0.785156 -0.916016 -4.000000 -1.284248 -1.146116 -6.347903
-0.786011 -0.916260 -4.000000 -1.285910 -1.145167 -6.346954
-0.785645 -0.912476 -4.000000 -1.286147 -1.177683 -6.323220
-0.783203 -0.918579 -4.000000 -1.305372 -1.212334 -6.282397
-0.786499 -0.914795 -4.000000 -1.347143 -1.222065 -6.254154
-0.779541 -0.924805 -4.000000 -1.402444 -1.211385 -6.205737
-0.789063 -0.915649 -4.000000 -1.435909 -1.191448 -6.159930
-0.784912 -0.916626 -4.000000 -1.458931 -1.173648 -6.131924
-0.781860 -0.917847 -4.000000 -1.484563 -1.186227 -6.097984
-0.787720 -0.918335 -4.000000 -1.482902 -1.206875 -6.051940
-0.781616 -0.919800 -4.000000 -1.471510 -1.213996 -6.010168
-0.786255 -0.915283 -4.000000 -1.468662 -1.208299 -5.972668
-0.778687 -0.915039 -4.000000 -1.438045 -1.215657 -5.918080
-0.784058 -0.913330 -4.000000 -1.392238 -1.264549 -5.855422
-0.789185 -0.910034 -4.000000 -1.343583 -1.313441 -5.795850
-0.787842 -0.912598 -4.000000 -1.287096 -1.311542 -5.730344
-0.782349 -0.916992 -4.000000 -1.201891 -1.272619 -5.666499
-0.789917 -0.915283 -4.000000 -1.125230 -1.224913 -5.616895
-0.784180 -0.914917 -4.000000 -1.052367 -1.162018 -5.557323
-0.785156 -0.918457 -4.000000 -0.966450 -1.079424 -5.519348
-0.786133 -0.914185 -4.000000 -0.856798 -0.990658 -5.449333
-0.783813 -0.919678 -4.000000 -0.713920 -0.916134 -5.348226
-0.786255 -0.912354 -4.000000 -0.588367 -0.890738 -5.252340
-0.784180 -0.912476 -4.000000 -0.543747 -0.941529 -5.181376
-0.793579 -0.915161 -4.000000 -0.597860 -1.056876 -5.154556
-0.785156 -0.920532 -4.000000 -0.725312 -1.209486 -5.142689
-0.783569 -0.924438 -4.000000 -0.890975 -1.360197 -5.150522
-0.786987 -0.925049 -4.000000 -1.031244 -1.490497 -5.142927
-0.781494 -0.918457 -4.000000 -1.062098 -1.597300 -5.144114
-0.779907 -0.921143 -4.000000 -0.949598 -1.691287 -5.170695
-0.783813 -0.920410 -4.000000 -0.738603 -1.708375 -5.192294
-0.788452 -0.916992 -4.000000 -0.430773 -1.603946 -5.199888
-0.779907 -0.918457 -4.000000 -0.078322 -1.434485 -5.203448
-0.787476 -0.916504 -4.000000 0.220252 -1.249597 -5.220774
-0.790527 -0.919067 -4.000000 0.389238 -1.058300 -5.250205
-0.783813 -0.920044 -4.000000 0.422228 -0.942716 -5.273464
-0.782471 -0.923828 -4.000000 0.329666 -0.998491 -5.336596
-0.783569 -0.917480 -4.000000 0.154034 -1.201179 -5.428684
-0.777832 -0.915039 -4.000000 -0.039873 -1.417871 -5.513652
-0.786133 -0.915527 -4.000000 -0.184651 -1.552680 -5.570139
-0.784424 -0.917236 -4.000000 -0.262736 -1.552205 -5.592449
-0.784912 -0.918945 -4.000000 -0.275552 -1.425466 -5.595297
-0.786011 -0.920898 -4.000000 -0.219302 -1.256005 -5.583193
-0.789917 -0.912720 -4.000000 -0.179429 -1.108142 -5.572275
-0.782471 -0.916870 -4.000000 -0.182515 -1.030532 -5.556374
-0.786133 -0.918213 -4.000000 -0.212182 -1.041924 -5.542845
-0.787720 -0.920288 -4.000000 -0.283622 -1.126892 -5.544032
-0.783936 -0.915527 -4.000000 -0.354824 -1.239391 -5.547829
-0.787842 -0.914673 -4.000000 -0.384966 -1.321985 -5.547829
-0.789307 -0.920044 -4.000000 -0.398494 -1.352128 -5.545930
-0.785645 -0.914551 -4.000000 -0.372387 -1.311068 -5.525282
-0.787842 -0.916016 -4.000000 -0.349365 -1.250071 -5.501310
-0.780518 -0.917358 -4.000000 -0.350552 -1.242476 -5.476864
-0.784912 -0.916260 -4.000000 -0.363131 -1.232033 -5.460013
-0.788208 -0.910767 -4.000000 -0.388763 -1.172936 -5.437703
-0.782837 -0.920044 -4.000000 -0.420804 -1.106243 -5.427023
-0.783325 -0.921509 -4.000000 -0.464712 -1.039313 -5.399491
-0.778809 -0.914429 -4.000000 -0.498177 -1.095088 -5.431295
-0.793823 -0.914063 -4.000000 -0.571278 -1.149914 -5.468795
-0.781250 -0.912598 -4.000000 -0.580060 -1.195483 -5.463811
-0.789551 -0.919800 -4.000000 -0.562971 -1.187888 -5.461437
-0.787354 -0.916626 -4.000000 -0.525946 -1.112889 -5.467371
-0.778076 -0.919312 -4.000000 -0.456880 -1.036465 -5.488019
-0.780029 -0.921631 -4.000000 -0.425551 -1.010358 -5.513889
-0.785522 -0.917358 -4.000000 -0.403241 -0.981877 -5.551864
-0.782837 -0.916382 -4.000000 -0.406564 -0.946038 -5.607639
-0.782471 -0.916138 -4.000000 -0.419855 -0.953871 -5.646563
-0.784424 -0.922119 -4.000000 -0.446912 -0.985674 -5.668873
-0.781250 -0.914185 -4.000000 -0.470408 -1.049281 -5.661040
-0.785522 -0.918091 -4.000000 -0.494380 -1.128553 -5.654870
-0.786499 -0.914673 -4.000000 -0.512418 -1.197856 -5.654870
-0.791504 -0.919067 -4.000000 -0.527607 -1.258378 -5.670297
