-0.784058 -0.919434 -4.000000 -0.328004 -1.339549 -5.791578
-0.774902 -0.913452 -4.000000 -0.318036 -1.393662 -5.784695
-0.786743 -0.925049 -4.000000 -0.309492 -1.404342 -5.842843
-0.783447 -0.918823 -4.000000 -0.302846 -1.473883 -5.840707
-0.782349 -0.915771 -4.000000 -0.334175 -1.545085 -5.877020
-0.776245 -0.924683 -4.000000 -0.411073 -1.586383 -5.887701
-0.781250 -0.914063 -4.000000 -0.461390 -1.568819 -5.931134
-0.790894 -0.918701 -4.000000 -0.502687 -1.519452 -5.980501
-0.788086 -0.916260 -4.000000 -0.520487 -1.456083 -6.047431
-0.786499 -0.917969 -4.000000 -0.553715 -1.388203 -6.122667
-0.785156 -0.912109 -4.000000 -0.562734 -1.352128 -6.188885
-0.783936 -0.916870 -4.000000 -0.576025 -1.365419 -6.252018
-0.784912 -0.919434 -4.000000 -0.639395 -1.411463 -6.300198
-0.781128 -0.914429 -4.000000 -0.711071 -1.423567 -6.353837
-0.784424 -0.920654 -4.000000 -0.812178 -1.470086 -6.425276
-0.789917 -0.917236 -4.000000 -0.887415 -1.491921 -6.468709
-0.784424 -0.921143 -4.000000 -0.914947 -1.515892 -6.506446
-0.785278 -0.911621 -4.000000 -0.928475 -1.551493 -6.508108
-0.789307 -0.920776 -4.000000 -0.993744 -1.590180 -6.501225
-0.790649 -0.922729 -4.000000 -1.079661 -1.581161 -6.489833
-0.787231 -0.921509 -4.000000 -1.143743 -1.525149 -6.485086
-0.784180 -0.914795 -4.000000 -1.175546 -1.452048 -6.499801
-0.782471 -0.910278 -4.000000 -1.204977 -1.370165 -6.481526
-0.786621 -0.920532 -4.000000 -1.241290 -1.324359 -6.454706
-0.784546 -0.915283 -4.000000 -1.275467 -1.329818 -6.426700
-0.786499 -0.916870 -4.000000 -1.314628 -1.361147 -6.399643
-0.778687 -0.917847 -4.000000 -1.379184 -1.406716 -6.369739
-0.788574 -0.923096 -4.000000 -1.419532 -1.418108 -6.331289
-0.785156 -0.922119 -4.000000 -1.446826 -1.416209 -6.298774
-0.784180 -0.918457 -4.000000 -1.468424 -1.418108 -6.248695
-0.786255 -0.924194 -4.000000 -1.473883 -1.405529 -6.204787
-0.784058 -0.923218 -4.000000 -1.454421 -1.378235 -6.147825
-0.785645 -0.916138 -4.000000 -1.415497 -1.340973 -6.078522
-0.794189 -0.921143 -4.000000 -1.353314 -1.290656 -5.992842
-0.786011 -0.915283 -4.000000 -1.281875 -1.248885 -5.905026
-0.785156 -0.918701 -4.000000 -1.206163 -1.198806 -5.817685
-0.779785 -0.921143 -4.000000 -1.132825 -1.114550 -5.726072
-0.785156 -0.922974 -4.000000 -1.047620 -1.013206 -5.636357
-0.788574 -0.915649 -4.000000 -0.941054 -0.912811 -5.547829
-0.788574 -0.910889 -4.000000 -0.837574 -0.887415 -5.460013
-0.787231 -0.922241 -4.000000 -0.755691 -0.993981 -5.359381
-0.781250 -0.920288 -4.000000 -0.667401 -1.238442 -5.252815
-0.786255 -0.923340 -4.000000 -0.541136 -1.565734 -5.148623
-0.776245 -0.913330 -4.000000 -0.438130 -1.848169 -5.015237
-0.775635 -0.924438 -4.000000 -0.373811 -1.981079 -4.873783
-0.781982 -0.909790 -4.000000 -0.319935 -1.965890 -4.741347
-0.786133 -0.920410 -4.000000 -0.311153 -1.825384 -4.664211
-0.782593 -0.916992 -4.000000 -0.279112 -1.640259 -4.637392
-0.786621 -0.914063 -4.000000 -0.208859 -1.454421 -4.666584
-0.789185 -0.911377 -4.000000 -0.161629 -1.301574 -4.747755
-0.786255 -0.931030 -4.000000 -0.174208 -1.209961 -4.845065
-0.783936 -0.921875 -4.000000 -0.201739 -1.135199 -4.941899
-0.784546 -0.916504 -4.000000 -0.268907 -1.096987 -5.047753
-0.786499 -0.918945 -4.000000 -0.347229 -1.118585 -5.160964
-0.779419 -0.918945 -4.000000 -0.430061 -1.172224 -5.279397
-0.781738 -0.920410 -4.000000 -0.509332 -1.215894 -5.393321
-0.782104 -0.921021 -4.000000 -0.571041 -1.222302 -5.470931
-0.778564 -0.919800 -4.000000 -0.588367 -1.279027 -5.525519
-0.783813 -0.920044 -4.000000 -0.599759 -1.256954 -5.631847
-0.789429 -0.917358 -4.000000 -0.617322 -1.216606 -5.700913
-0.779175 -0.917114 -4.000000 -0.609015 -1.170800 -5.792290
-0.789307 -0.913452 -4.000000 -0.588367 -1.116686 -5.875122
-0.788696 -0.916138 -4.000000 -0.586468 -1.048569 -5.938966
-0.787842 -0.925049 -4.000000 -0.586468 -1.014867 -6.023934
-0.784912 -0.917358 -4.000000 -0.627528 -1.019614 -6.108902
-0.783447 -0.916016 -4.000000 -0.689474 -1.055215 -6.184613
-0.781250 -0.921631 -4.000000 -0.743587 -1.099835 -6.239439
-0.789429 -0.912964 -4.000000 -0.783460 -1.139945 -6.271955
-0.786865 -0.921143 -4.000000 -0.811229 -1.158221 -6.312065
-0.786011 -0.918823 -4.000000 -0.835438 -1.166528 -6.350751
-0.784302 -0.920532 -4.000000 -0.846593 -1.179344 -6.389913
-0.782227 -0.921265 -4.000000 -0.848729 -1.204739 -6.417444
-0.782104 -0.916504 -4.000000 -0.867004 -1.217318 -6.443789
-0.779785 -0.915527 -4.000000 -0.906403 -1.219217 -6.476067
-0.783569 -0.913818 -4.000000 -0.940580 -1.213046 -6.515465
-0.780762 -0.915283 -4.000000 -0.976418 -1.182667 -6.561984
-0.789185 -0.922729 -4.000000 -1.011782 -1.161306 -6.607553
-0.784180 -0.916992 -4.000000 -1.059012 -1.189075 -6.601620
-0.781860 -0.918823 -4.000000 -1.108616 -1.257192 -6.572665
-0.781372 -0.918457 -4.000000 -1.135673 -1.322223 -6.508583
-0.783081 -0.915039 -4.000000 -1.169138 -1.302523 -6.469896
-0.781128 -0.919189 -4.000000 -1.236306 -1.179581 -6.419580
-0.782959 -0.923340 -4.000000 -1.279739 -1.061860 -6.389913
-0.781982 -0.919678 -4.000000 -1.308694 -0.935833 -6.391574
-0.781860 -0.920288 -4.000000 -1.321036 -0.879108 -6.350514
-0.779541 -0.913818 -4.000000 -1.330767 -0.911861 -6.267682
-0.785034 -0.922729 -4.000000 -1.350941 -0.946038 -6.193632
-0.784180 -0.914429 -4.000000 -1.372064 -0.975706 -6.163965
-0.781250 -0.916748 -4.000000 -1.403156 -1.020563 -6.151385
-0.782715 -0.917725 -4.000000 -1.426178 -1.077288 -6.132161
-0.782715 -0.920898 -4.000000 -1.435434 -1.113838 -6.102731
-0.781372 -0.916992 -4.000000 -1.432823 -1.150388 -6.078997
-0.784668 -0.916260 -4.000000 -1.416209 -1.197856 -6.046481
-0.790161 -0.918457 -4.000000 -1.412175 -1.236780 -6.007557
-0.790649 -0.924561 -4.000000 -1.400782 -1.248885 -5.986197
-0.781738 -0.921021 -4.000000 -1.368267 -1.237730 -5.954156
-0.785522 -0.917847 -4.000000 -1.349280 -1.214945 -5.917843
-0.787354 -0.921875 -4.000000 -1.332903 -1.199043 -5.877969
-0.781494 -0.915894 -4.000000 -1.329580 -1.207587 -5.841182
-0.786865 -0.912354 -4.000000 -1.325546 -1.240578 -5.809853
-0.793945 -0.917358 -4.000000 -1.322935 -1.285672 -5.765470
-0.783936 -0.913940 -4.000000 -1.320087 -1.342634 -5.710407
-0.782227 -0.917114 -4.000000 -1.316289 -1.409801 -5.665787
-0.778809 -0.924683 -4.000000 -1.308932 -1.481715 -5.601706
-0.778809 -0.921265 -4.000000 -1.283536 -1.545797 -5.536674
-0.783325 -0.917969 -4.000000 -1.246986 -1.583772 -5.450520
-0.783447 -0.921265 -4.000000 -1.226575 -1.551493 -5.382640
-0.782104 -0.917969 -4.000000 -1.237492 -1.510671 -5.323068
-0.777222 -0.915527 -4.000000 -1.332428 -1.530133 -5.254239
-0.777588 -0.920044 -4.000000 -1.494769 -1.598487 -5.229556
-0.789917 -0.928101 -4.000000 -1.677046 -1.728787 -5.227894
-0.784180 -0.914429 -4.000000 -1.778628 -1.905131 -5.251628
-0.785278 -0.913574 -4.000000 -1.752521 -2.109480 -5.251866
-0.782349 -0.912720 -4.000000 -1.575702 -2.254258 -5.232167
-0.783081 -0.919189 -4.000000 -1.331716 -2.244052 -5.191581
-0.785889 -0.921631 -4.000000 -1.024123 -2.057266 -5.141028
-0.781982 -0.913086 -4.000000 -0.682828 -1.776492 -5.065079
-0.778564 -0.919556 -4.000000 -0.348653 -1.504025 -5.017136
-0.781372 -0.921997 -4.000000 -0.107990 -1.284011 -4.999098
-0.782959 -0.920410 -4.000000 0.045095 -1.183616 -5.018798
-0.782227 -0.917358 -4.000000 0.125316 -1.218505 -5.059383
-0.784790 -0.917358 -4.000000 0.140980 -1.309169 -5.106376
-0.788452 -0.913696 -4.000000 0.090189 -1.388915 -5.130110
-0.775635 -0.919434 -4.000000 -0.029905 -1.413361 -5.141028
-0.780762 -0.914063 -4.000000 -0.177056 -1.404342 -5.147674
-0.786865 -0.916748 -4.000000 -0.245647 -1.381083 -5.140316
-0.783936 -0.917114 -4.000000 -0.295726 -1.277365 -5.118718
-0.781128 -0.919556 -4.000000 -0.323969 -1.237255 -5.114208
-0.791260 -0.921997 -4.000000 -0.241612 -1.218742 -5.121329
-0.783936 -0.917480 -4.000000 -0.117721 -1.088443 -5.137468
-0.780396 -0.919678 -4.000000 -0.030142 -0.902130 -5.175680
-0.778931 -0.917236 -4.000000 0.008782 -0.752606 -5.205110
-0.783569 -0.913940 -4.000000 0.021598 -0.686151 -5.254477
-0.784790 -0.916992 -4.000000 -0.042721 -0.714869 -5.344429
-0.783691 -0.916138 -4.000000 -0.083306 -0.773967 -5.429871
-0.781128 -0.917236 -4.000000 -0.063133 -0.763286 -5.424650
-0.788574 -0.918701 -4.000000 -0.010918 -0.721277 -5.504633
-0.785156 -0.923096 -4.000000 0.008544 -0.745723 -5.606927
-0.781128 -0.925049 -4.000000 0.009019 -0.818349 -5.686673
-0.789673 -0.915894 -4.000000 -0.053164 -0.907589 -5.745059
-0.788574 -0.919067 -4.000000 -0.127214 -0.955295 -5.764046
-0.791138 -0.913086 -4.000000 -0.178243 -0.938443 -5.742448
-0.784058 -0.924561 -4.000000 -0.220964 -0.928001 -5.747907
-0.784424 -0.913208 -4.000000 -0.282672 -0.982351 -5.766894
-0.782104 -0.917480 -4.000000 -0.358621 -1.118347 -5.790628
-0.786987 -0.915527 -4.000000 -0.445725 -1.317239 -5.770929
-0.789185 -0.916504 -4.000000 -0.511231 -1.473171 -5.757401
-0.787109 -0.919312 -4.000000 -0.479427 -1.503551 -5.773065
-0.780151 -0.920654 -4.000000 -0.372862 -1.463203 -5.798698
-0.783691 -0.924561 -4.000000 -0.242087 -1.369216 -5.822432
