-0.782104 -0.912231 -4.000000 -0.284334 -1.846982 -5.924963
-0.781982 -0.921997 -4.000000 -0.401580 -1.740416 -5.885802
-0.778198 -0.915039 -4.000000 -0.490108 -1.664942 -5.899093
-0.776123 -0.916382 -4.000000 -0.567006 -1.647616 -5.969583
-0.785522 -0.916748 -4.000000 -0.592164 -1.589468 -6.037462
-0.782715 -0.917725 -4.000000 -0.570091 -1.468899 -6.138806
-0.783813 -0.908447 -4.000000 -0.508858 -1.322697 -6.250119
-0.787231 -0.919800 -4.000000 -0.426975 -1.242951 -6.330103
-0.782104 -0.915161 -4.000000 -0.337735 -1.230609 -6.357872
-0.778442 -0.923340 -4.000000 -0.301185 -1.260752 -6.343156
-0.777466 -0.918091 -4.000000 -0.330852 -1.315340 -6.308980
-0.783203 -0.916504 -4.000000 -0.396358 -1.324596 -6.287619
-0.792358 -0.923950 -4.000000 -0.529506 -1.312966 -6.291179
-0.781372 -0.912598 -4.000000 -0.670012 -1.289707 -6.342207
-0.778198 -0.911011 -4.000000 -0.787970 -1.294929 -6.410561
-0.781738 -0.912109 -4.000000 -0.902605 -1.331954 -6.444026
-0.775757 -0.911499 -4.000000 -0.980690 -1.358773 -6.473693
-0.778687 -0.918945 -4.000000 -1.047383 -1.371352 -6.488883
-0.780029 -0.913818 -4.000000 -1.107430 -1.381558 -6.497665
-0.782227 -0.918579 -4.000000 -1.185752 -1.441842 -6.525434
-0.782227 -0.925171 -4.000000 -1.282824 -1.510671 -6.520450
-0.777954 -0.922485 -4.000000 -1.395798 -1.531794 -6.495529
-0.787354 -0.916016 -4.000000 -1.476257 -1.478630 -6.483899
-0.776367 -0.924194 -4.000000 -1.495718 -1.390577 -6.468709
-0.785278 -0.911865 -4.000000 -1.475545 -1.295641 -6.437380
-0.780640 -0.914063 -4.000000 -1.432111 -1.219692 -6.383979
-0.781006 -0.914917 -4.000000 -1.374912 -1.158933 -6.345767
-0.781616 -0.916992 -4.000000 -1.307033 -1.083696 -6.287144
-0.783447 -0.913818 -4.000000 -1.266210 -1.014867 -6.223062
-0.780884 -0.914185 -4.000000 -1.248885 -0.971908 -6.163015
-0.785645 -0.910156 -4.000000 -1.249359 -0.959804 -6.110088
-0.778442 -0.920288 -4.000000 -1.268109 -0.980690 -6.068791
-0.787598 -0.910522 -4.000000 -1.299201 -0.997541 -6.035089
-0.784302 -0.914551 -4.000000 -1.325546 -0.999203 -5.998538
-0.781616 -0.918823 -4.000000 -1.340261 -1.006560 -5.984535
-0.785889 -0.914307 -4.000000 -1.359248 -1.053079 -5.972668
-0.787842 -0.911743 -4.000000 -1.372776 -1.101734 -5.939441
-0.778564 -0.919678 -4.000000 -1.358298 -1.123806 -5.886989
-0.775513 -0.922974 -4.000000 -1.326257 -1.125468 -5.822195
-0.786987 -0.921021 -4.000000 -1.273331 -1.117161 -5.762859
-0.782349 -0.911377 -4.000000 -1.228948 -1.128078 -5.700913
-0.781738 -0.921143 -4.000000 -1.199043 -1.129977 -5.631847
-0.788330 -0.915405 -4.000000 -1.142556 -1.103158 -5.570614
-0.781128 -0.912109 -4.000000 -1.101496 -1.092003 -5.522671
-0.781250 -0.918335 -4.000000 -1.074202 -1.120484 -5.468557
-0.781372 -0.921387 -4.000000 -1.066133 -1.204977 -5.420140
-0.785278 -0.916504 -4.000000 -1.063047 -1.310593 -5.365789
-0.779907 -0.911621 -4.000000 -1.044060 -1.410513 -5.300520
-0.786743 -0.919312 -4.000000 -1.028158 -1.461067 -5.245458
-0.791138 -0.915894 -4.000000 -1.004899 -1.446826 -5.178528
-0.778931 -0.919067 -4.000000 -0.953396 -1.354976 -5.093085
-0.776367 -0.916870 -4.000000 -0.926102 -1.262413 -4.995301
-0.784790 -0.913574 -4.000000 -0.909013 -1.301337 -4.925286
-0.782227 -0.917969 -4.000000 -0.826419 -1.575940 -4.859542
-0.787598 -0.916382 -4.000000 -0.607828 -2.041126 -4.816346
-0.787842 -0.923462 -4.000000 -0.287894 -2.481867 -4.769590
-0.780029 -0.918335 -4.000000 0.068591 -2.716834 -4.727107
-0.782349 -0.915283 -4.000000 0.434570 -2.667705 -4.654955
-0.789063 -0.916382 -4.000000 0.678556 -2.325223 -4.572835
-0.784790 -0.913696 -4.000000 0.754267 -1.878074 -4.507092
-0.785400 -0.921753 -4.000000 0.653160 -1.485513 -4.604164
-0.784302 -0.922974 -4.000000 0.458541 -1.134961 -4.719749
-0.781860 -0.917725 -4.000000 0.140031 -0.986624 -4.855033
-0.785400 -0.917236 -4.000000 -0.166613 -1.017478 -5.009778
-0.782104 -0.918579 -4.000000 -0.425551 -1.189550 -5.187784
-0.789307 -0.911377 -4.000000 -0.618034 -1.393899 -5.375520
-0.782959 -0.915527 -4.000000 -0.677607 -1.523487 -5.533826
-0.784424 -0.914551 -4.000000 -0.646752 -1.547459 -5.651309
-0.778076 -0.917969 -4.000000 -0.563683 -1.563123 -5.755265
-0.786743 -0.922729 -4.000000 -0.490345 -1.583772 -5.838571
-0.779663 -0.921021 -4.000000 -0.473969 -1.551256 -5.898143
-0.782349 -0.919678 -4.000000 -0.496041 -1.448488 -5.941339
-0.785400 -0.916626 -4.000000 -0.545883 -1.337175 -5.995928
-0.781128 -0.917480 -4.000000 -0.634885 -1.267872 -6.046719
-0.785522 -0.919800 -4.000000 -0.768508 -1.236543 -6.092288
-0.774292 -0.918945 -4.000000 -0.900706 -1.224913 -6.123854
-0.789307 -0.922485 -4.000000 -1.000389 -1.188125 -6.150436
-0.786621 -0.921021 -4.000000 -1.051655 -1.129502 -6.176544
-0.785767 -0.918945 -4.000000 -1.083696 -1.071117 -6.222825
-0.781860 -0.914185 -4.000000 -1.103158 -1.017240 -6.267445
-0.782349 -0.919922 -4.000000 -1.117398 -0.946276 -6.291891
-0.791016 -0.923340 -4.000000 -1.147540 -0.873175 -6.310403
-0.780396 -0.920532 -4.000000 -1.199755 -0.821435 -6.326543
-0.785889 -0.919067 -4.000000 -1.272619 -0.807906 -6.355023
-0.780762 -0.919922 -4.000000 -1.334327 -0.832115 -6.394897
-0.786011 -0.916504 -4.000000 -1.372064 -0.904266 -6.426938
-0.781616 -0.916626 -4.000000 -1.407903 -1.023411 -6.460165
-0.789673 -0.925293 -4.000000 -1.410039 -1.140657 -6.474168
-0.786743 -0.926880 -4.000000 -1.371115 -1.151575 -6.461114
-0.782471 -0.920532 -4.000000 -1.308932 -1.084170 -6.469184
-0.787109 -0.916870 -4.000000 -1.267635 -0.995405 -6.460640
-0.783081 -0.917725 -4.000000 -1.270483 -0.899282 -6.450197
-0.778442 -0.916260 -4.000000 -1.330055 -0.832352 -6.413172
-0.782104 -0.919678 -4.000000 -1.442554 -0.812653 -6.379232
-0.783691 -0.915649 -4.000000 -1.553630 -0.841609 -6.349802
-0.784546 -0.916504 -4.000000 -1.681556 -0.915659 -6.329154
-0.780518 -0.913818 -4.000000 -1.757980 -1.022462 -6.296638
-0.777710 -0.915039 -4.000000 -1.753233 -1.134487 -6.244897
-0.781738 -0.913086 -4.000000 -1.667553 -1.180056 -6.191021
-0.790894 -0.912964 -4.000000 -1.516367 -1.139233 -6.116259
-0.786987 -0.919189 -4.000000 -1.317713 -1.037177 -6.039835
-0.779785 -0.920044 -4.000000 -1.140657 -0.945089 -5.964361
-0.785889 -0.921753 -4.000000 -1.015816 -0.893824 -5.882479
-0.783447 -0.914429 -4.000000 -0.962890 -0.915659 -5.835960
-0.783203 -0.918091 -4.000000 -0.979978 -1.015342 -5.808904
-0.785889 -0.920288 -4.000000 -1.045959 -1.175546 -5.787305
-0.776978 -0.914795 -4.000000 -1.109566 -1.302998 -5.778286
-0.786011 -0.912231 -4.000000 -1.088205 -1.303236 -5.742448
-0.781372 -0.923584 -4.000000 -1.008222 -1.205214 -5.696641
-0.775146 -0.917114 -4.000000 -0.919931 -1.068743 -5.649173
-0.789917 -0.914063 -4.000000 -0.856086 -0.950785 -5.588414
-0.785278 -0.916870 -4.000000 -0.818112 -0.884093 -5.513177
-0.786011 -0.913452 -4.000000 -0.800549 -0.896197 -5.445536
-0.783325 -0.916748 -4.000000 -0.814315 -0.997541 -5.381454
-0.792236 -0.919434 -4.000000 -0.862732 -1.158458 -5.338732
-0.783447 -0.920288 -4.000000 -0.877210 -1.337887 -5.314761
-0.783325 -0.926270 -4.000000 -0.805296 -1.455371 -5.318558
-0.780640 -0.910767 -4.000000 -0.623730 -1.453235 -5.297435
-0.788940 -0.916626 -4.000000 -0.382593 -1.320087 -5.230505
-0.784912 -0.917725 -4.000000 -0.131487 -1.104344 -5.152183
-0.783936 -0.919189 -4.000000 0.087579 -0.893824 -5.065079
-0.784058 -0.919067 -4.000000 0.161154 -0.809568 -5.032801
-0.788208 -0.919067 -4.000000 0.063133 -0.930374 -5.059383
-0.778931 -0.916626 -4.000000 -0.112499 -1.201179 -5.123228
-0.782471 -0.917358 -4.000000 -0.295489 -1.472934 -5.182325
-0.789795 -0.917725 -4.000000 -0.391611 -1.625781 -5.222435
-0.786743 -0.913818 -4.000000 -0.357197 -1.627917 -5.252340
-0.785645 -0.918823 -4.000000 -0.222863 -1.551731 -5.269192
-0.783325 -0.910278 -4.000000 -0.014478 -1.485513 -5.268954
-0.795532 -0.916992 -4.000000 0.209809 -1.390339 -5.239761
-0.789551 -0.915039 -4.000000 0.395884 -1.282824 -5.209857
-0.783691 -0.911255 -4.000000 0.517639 -1.167952 -5.184699
-0.782349 -0.914429 -4.000000 0.476817 -1.340498 -5.252578
-0.778198 -0.922729 -4.000000 0.534016 -1.412175 -5.271327
-0.782837 -0.910034 -4.000000 0.419380 -1.503076 -5.294350
-0.787354 -0.918213 -4.000000 0.262973 -1.572379 -5.309539
-0.783325 -0.922485 -4.000000 0.226660 -1.547459 -5.346327
-0.780396 -0.919067 -4.000000 0.219777 -1.405292 -5.415393
-0.789917 -0.916138 -4.000000 0.157594 -1.283062 -5.476152
-0.787964 -0.916748 -4.000000 0.125553 -1.143980 -5.525519
-0.787720 -0.917480 -4.000000 0.062895 -0.993269 -5.547355
-0.786621 -0.918457 -4.000000 0.070015 -0.850865 -5.552576
-0.781006 -0.919556 -4.000000 0.140268 -0.812890 -5.544032
-0.785400 -0.920532 -4.000000 0.158781 -0.896672 -5.569664
-0.783691 -0.918457 -4.000000 0.062895 -1.096512 -5.632560
-0.778198 -0.919067 -4.000000 -0.059810 -1.323172 -5.721562
-0.790894 -0.926636 -4.000000 -0.161391 -1.495718 -5.809616
-0.778931 -0.912354 -4.000000 -0.226660 -1.600386 -5.875596
-0.783569 -0.910767 -4.000000 -0.254191 -1.628629 -5.920454
-0.784790 -0.918213 -4.000000 -0.234967 -1.617474 -5.959377
