-0.785278 -0.918091 -4.000000 -0.009256 -1.496668 -5.870849
-0.784546 -0.917236 -4.000000 0.033465 -1.620559 -5.903840
-0.783447 -0.913696 -4.000000 0.095648 -1.714072 -5.962700
-0.784790 -0.923706 -4.000000 0.109651 -1.783850 -6.008269
-0.790039 -0.915649 -4.000000 0.141217 -1.703391 -6.039598
-0.783691 -0.908081 -4.000000 0.175157 -1.548408 -6.112699
-0.786377 -0.911621 -4.000000 0.275789 -1.423567 -6.156132
-0.784546 -0.915405 -4.000000 0.304033 -1.382745 -6.193157
-0.780640 -0.916748 -4.000000 0.315663 -1.349754 -6.243474
-0.784912 -0.917358 -4.000000 0.295726 -1.310118 -6.281448
-0.794678 -0.915405 -4.000000 0.237340 -1.355450 -6.331052
-0.787231 -0.917236 -4.000000 0.155221 -1.454896 -6.364042
-0.784302 -0.919678 -4.000000 0.065981 -1.497380 -6.390625
-0.775757 -0.911377 -4.000000 -0.017801 -1.437095 -6.397745
-0.786499 -0.914551 -4.000000 -0.121756 -1.333615 -6.399406
-0.784668 -0.919678 -4.000000 -0.269144 -1.274992 -6.387539
-0.781860 -0.917603 -4.000000 -0.435519 -1.238442 -6.383504
-0.780029 -0.911987 -4.000000 -0.575788 -1.204502 -6.391099
-0.790039 -0.907471 -4.000000 -0.701578 -1.210436 -6.408188
-0.786987 -0.909058 -4.000000 -0.818349 -1.256242 -6.456842
-0.786011 -0.915527 -4.000000 -0.946276 -1.312729 -6.491732
-0.783569 -0.919189 -4.000000 -1.064234 -1.357112 -6.513804
-0.785400 -0.915161 -4.000000 -1.171986 -1.388441 -6.503599
-0.782715 -0.914795 -4.000000 -1.283774 -1.418108 -6.514041
-0.792725 -0.917603 -4.000000 -1.408140 -1.419532 -6.517601
-0.786377 -0.911987 -4.000000 -1.565971 -1.411463 -6.519975
-0.785767 -0.918945 -4.000000 -1.719056 -1.357349 -6.507159
-0.778442 -0.919312 -4.000000 -1.877362 -1.277840 -6.467760
-0.780151 -0.918579 -4.000000 -2.029022 -1.207350 -6.419106
-0.784668 -0.918579 -4.000000 -2.102835 -1.130214 -6.317761
-0.783325 -0.910156 -4.000000 -2.073405 -0.972620 -6.176781
-0.787476 -0.913452 -4.000000 -1.977519 -0.789156 -6.040785
-0.785034 -0.912476 -4.000000 -1.811618 -0.660518 -5.898618
-0.787109 -0.912354 -4.000000 -1.677521 -0.662654 -5.810090
-0.788086 -0.917847 -4.000000 -1.540813 -0.745011 -5.747907
-0.783936 -0.915039 -4.000000 -1.427839 -0.828318 -5.723698
-0.782593 -0.916626 -4.000000 -1.356874 -0.898808 -5.675993
-0.780884 -0.919189 -4.000000 -1.357112 -0.928950 -5.622117
-0.787842 -0.913818 -4.000000 -1.403393 -0.875786 -5.564918
-0.782837 -0.922119 -4.000000 -1.470086 -0.739790 -5.463099
-0.784058 -0.915527 -4.000000 -1.547696 -0.641056 -5.369112
-0.781006 -0.916748 -4.000000 -1.644294 -0.639632 -5.305742
-0.788818 -0.913208 -4.000000 -1.674436 -0.713208 -5.283195
-0.786377 -0.915039 -4.000000 -1.637411 -0.867953 -5.300520
-0.790405 -0.913818 -4.000000 -1.501415 -1.071829 -5.315711
-0.785278 -0.916382 -4.000000 -1.260514 -1.280926 -5.277736
-0.780273 -0.916016 -4.000000 -0.942241 -1.428314 -5.224097
-0.785522 -0.910400 -4.000000 -0.555376 -1.490260 -5.131534
-0.787842 -0.919678 -4.000000 -0.183464 -1.498092 -5.031614
-0.785889 -0.909668 -4.000000 0.098022 -1.459405 -4.968244
-0.782593 -0.912964 -4.000000 0.280299 -1.415260 -4.931694
-0.783081 -0.921509 -4.000000 0.332514 -1.378947 -4.919590
-0.791138 -0.918945 -4.000000 0.279824 -1.377048 -4.950681
-0.784058 -0.920166 -4.000000 0.136945 -1.415260 -5.011440
-0.785156 -0.918823 -4.000000 -0.035601 -1.438757 -5.069589
-0.787354 -0.918823 -4.000000 -0.181328 -1.416209 -5.093085
-0.785889 -0.912598 -4.000000 -0.228796 -1.387729 -5.089525
-0.786499 -0.914673 -4.000000 -0.213606 -1.477681 -5.156929
-0.785645 -0.914917 -4.000000 -0.140980 -1.668740 -5.213892
-0.790771 -0.920166 -4.000000 -0.076898 -1.757980 -5.196091
-0.790283 -0.919678 -4.000000 0.089715 -1.688439 -5.178528
-0.790527 -0.914429 -4.000000 0.295726 -1.506161 -5.131297
-0.787842 -0.926758 -4.000000 0.462102 -1.262176 -5.075997
-0.784180 -0.916382 -4.000000 0.537101 -1.021513 -5.069351
-0.783203 -0.916748 -4.000000 0.466136 -0.890263 -5.120142
-0.785645 -0.913696 -4.000000 0.296675 -0.966450 -5.232167
-0.783081 -0.920532 -4.000000 0.126028 -1.197619 -5.371723
-0.782959 -0.916748 -4.000000 -0.013766 -1.377286 -5.509855
-0.782837 -0.915039 -4.000000 -0.065506 -1.425703 -5.631847
-0.786865 -0.921021 -4.000000 -0.047468 -1.357349 -5.719189
-0.783325 -0.915649 -4.000000 -0.016614 -1.205926 -5.785882
-0.781494 -0.916748 -4.000000 0.018275 -1.028633 -5.822669
-0.786987 -0.917725 -4.000000 0.029905 -0.949836 -5.842606
-0.786621 -0.911743 -4.000000 -0.054588 -0.974994 -5.879631
-0.785400 -0.908325 -4.000000 -0.160205 -1.010595 -5.969108
-0.786743 -0.911865 -4.000000 -0.249919 -1.018190 -6.067605
-0.785522 -0.910522 -4.000000 -0.366691 -1.069930 -6.194819
-0.786499 -0.916260 -4.000000 -0.487497 -1.176733 -6.313963
-0.790649 -0.915527 -4.000000 -0.578873 -1.276653 -6.401780
-0.779297 -0.917358 -4.000000 -0.629189 -1.349042 -6.471795
-0.787231 -0.917847 -4.000000 -0.682116 -1.405529 -6.515228
-0.795044 -0.921387 -4.000000 -0.715818 -1.411463 -6.528519
-0.786499 -0.920532 -4.000000 -0.723888 -1.364232 -6.523060
-0.779053 -0.917236 -4.000000 -0.720328 -1.309881 -6.513804
-0.784912 -0.911011 -4.000000 -0.707037 -1.245562 -6.503836
-0.787476 -0.921265 -4.000000 -0.691372 -1.189312 -6.492444
-0.778564 -0.913696 -4.000000 -0.702053 -1.155610 -6.510007
-0.790527 -0.921509 -4.000000 -0.754267 -1.142319 -6.526146
-0.779541 -0.913208 -4.000000 -0.848966 -1.138759 -6.551779
-0.787109 -0.913818 -4.000000 -0.994930 -1.177683 -6.585244
-0.784180 -0.914063 -4.000000 -1.162730 -1.251258 -6.639832
-0.781128 -0.925293 -4.000000 -1.342871 -1.314391 -6.669974
-0.788330 -0.920166 -4.000000 -1.457269 -1.341922 -6.701066
-0.784180 -0.919312 -4.000000 -1.512332 -1.329343 -6.686588
-0.790405 -0.916504 -4.000000 -1.504025 -1.246037 -6.626778
-0.782227 -0.907104 -4.000000 -1.461304 -1.139708 -6.546794
-0.786499 -0.909790 -4.000000 -1.423092 -1.064708 -6.477254
-0.786987 -0.907715 -4.000000 -1.405766 -1.039076 -6.416494
-0.790405 -0.914185 -4.000000 -1.399358 -1.031481 -6.374722
-0.783447 -0.919922 -4.000000 -1.420244 -1.021750 -6.348615
-0.786621 -0.919189 -4.000000 -1.457744 -1.034566 -6.322508
-0.781494 -0.921875 -4.000000 -1.509484 -1.072541 -6.286907
-0.780029 -0.916870 -4.000000 -1.550069 -1.096987 -6.275277
-0.780884 -0.914551 -4.000000 -1.563123 -1.096037 -6.245847
-0.780029 -0.918335 -4.000000 -1.559800 -1.091291 -6.209534
-0.784424 -0.918213 -4.000000 -1.560987 -1.109091 -6.144503
-0.777344 -0.917725 -4.000000 -1.531319 -1.120721 -6.081370
-0.780518 -0.914917 -4.000000 -1.475545 -1.107904 -6.007320
-0.781860 -0.918579 -4.000000 -1.415497 -1.107904 -5.944425
-0.777466 -0.913818 -4.000000 -1.363283 -1.140657 -5.879156
-0.787354 -0.923584 -4.000000 -1.301337 -1.188363 -5.827178
-0.785156 -0.917480 -4.000000 -1.246511 -1.223252 -5.776863
-0.783447 -0.919922 -4.000000 -1.183853 -1.200942 -5.724173
-0.786377 -0.913086 -4.000000 -1.113126 -1.146828 -5.668873
-0.780151 -0.913696 -4.000000 -1.054740 -1.101734 -5.620455
-0.777222 -0.912964 -4.000000 -1.035278 -1.098173 -5.545693
-0.790649 -0.910767 -4.000000 -1.067794 -1.133775 -5.480899
-0.783691 -0.919189 -4.000000 -1.103870 -1.212809 -5.427972
-0.782715 -0.915649 -4.000000 -1.117873 -1.334802 -5.404001
-0.777710 -0.915283 -4.000000 -1.156559 -1.504975 -5.389760
-0.788452 -0.915405 -4.000000 -1.149914 -1.669214 -5.374808
-0.787598 -0.919189 -4.000000 -1.074914 -1.723802 -5.345615
-0.781982 -0.921753 -4.000000 -0.988048 -1.642869 -5.276074
-0.786621 -0.913452 -4.000000 -0.854425 -1.471035 -5.199176
-0.786987 -0.919922 -4.000000 -0.658857 -1.314391 -5.157404
-0.789551 -0.913574 -4.000000 -0.500076 -1.281163 -5.160490
-0.782471 -0.915894 -4.000000 -0.395172 -1.329106 -5.198701
-0.778442 -0.911255 -4.000000 -0.334650 -1.397934 -5.253527
-0.790161 -0.915649 -4.000000 -0.292878 -1.448013 -5.292451
-0.780640 -0.918091 -4.000000 -0.242562 -1.528946 -5.327340
-0.784302 -0.915649 -4.000000 -0.138844 -1.569769 -5.309539
-0.789795 -0.914063 -4.000000 -0.103243 -1.700068 -5.285093
-0.781372 -0.916382 -4.000000 -0.004509 -1.788596 -5.304555
-0.788696 -0.923218 -4.000000 0.191771 -1.757980 -5.347751
-0.786865 -0.916382 -4.000000 0.333226 -1.687964 -5.441263
-0.786865 -0.913818 -4.000000 0.371675 -1.601810 -5.483984
-0.789185 -0.912842 -4.000000 0.274128 -1.494769 -5.507481
-0.783081 -0.917236 -4.000000 0.134335 -1.422618 -5.547592
-0.784424 -0.918213 -4.000000 -0.012579 -1.429263 -5.596959
-0.782959 -0.913208 -4.000000 -0.126740 -1.511146 -5.619506
-0.780884 -0.916504 -4.000000 -0.092563 -1.628154 -5.642528
-0.786011 -0.914307 -4.000000 0.012104 -1.759404 -5.674094
-0.780029 -0.911743 -4.000000 0.081408 -1.859798 -5.669585
-0.787354 -0.920776 -4.000000 0.188923 -1.810906 -5.637069
-0.786499 -0.918701 -4.000000 0.345330 -1.549595 -5.598382
-0.785889 -0.918457 -4.000000 0.472307 -1.196907 -5.573462
-0.786011 -0.914307 -4.000000 0.450947 -0.966924 -5.567528
-0.782959 -0.910400 -4.000000 0.270568 -0.892637 -5.600281
-0.785034 -0.910156 -4.000000 0.003797 -0.925627 -5.655581
-0.777466 -0.911255 -4.000000 -0.228796 -1.019614 -5.705660
