-0.791626 -0.912109 -4.000000 -0.299523 -1.737806 -5.469270
-0.781982 -0.923828 -4.000000 -0.276501 -1.686777 -5.415156
-0.786255 -0.919922 -4.000000 -0.151423 -1.628629 -5.432482
-0.784302 -0.921387 -4.000000 -0.026582 -1.591129 -5.439839
-0.781250 -0.919067 -4.000000 0.037025 -1.561462 -5.482086
-0.782104 -0.911499 -4.000000 0.088765 -1.537016 -5.537386
-0.785400 -0.916504 -4.000000 0.121756 -1.537490 -5.568003
-0.781738 -0.912964 -4.000000 0.091851 -1.576651 -5.614522
-0.781250 -0.920532 -4.000000 0.009731 -1.591367 -5.647749
-0.788452 -0.911743 -4.000000 -0.082120 -1.600623 -5.686673
-0.782471 -0.913574 -4.000000 -0.159493 -1.629341 -5.710407
-0.779053 -0.920776 -4.000000 -0.240900 -1.645480 -5.733429
-0.788208 -0.914429 -4.000000 -0.287656 -1.627680 -5.775438
-0.784424 -0.921631 -4.000000 -0.269144 -1.586857 -5.834536
-0.787231 -0.916870 -4.000000 -0.220964 -1.532981 -5.895295
-0.778809 -0.911133 -4.000000 -0.183464 -1.481478 -5.950121
-0.784668 -0.913574 -4.000000 -0.165189 -1.426178 -6.004472
-0.786865 -0.918335 -4.000000 -0.138132 -1.420007 -6.067605
-0.790649 -0.919556 -4.000000 -0.161866 -1.464627 -6.129787
-0.783691 -0.918701 -4.000000 -0.223337 -1.549595 -6.199565
-0.783813 -0.919800 -4.000000 -0.302372 -1.627680 -6.267208
-0.784302 -0.915039 -4.000000 -0.373099 -1.688439 -6.348141
-0.790527 -0.917358 -4.000000 -0.440741 -1.702917 -6.430735
-0.787354 -0.915649 -4.000000 -0.508383 -1.674910 -6.492918
-0.784058 -0.918701 -4.000000 -0.606167 -1.630765 -6.547981
-0.779297 -0.909180 -4.000000 -0.684964 -1.594452 -6.565307
-0.782104 -0.917236 -4.000000 -0.769457 -1.579025 -6.566257
-0.780762 -0.916748 -4.000000 -0.859884 -1.600148 -6.547032
-0.788940 -0.920654 -4.000000 -0.985437 -1.662094 -6.520450
-0.780884 -0.915894 -4.000000 -1.153711 -1.710511 -6.485560
-0.783081 -0.922241 -4.000000 -1.337887 -1.709325 -6.423378
-0.782104 -0.916626 -4.000000 -1.498804 -1.661382 -6.321558
-0.787720 -0.925293 -4.000000 -1.648091 -1.563835 -6.246796
-0.780396 -0.918945 -4.000000 -1.752046 -1.498092 -6.183664
-0.786255 -0.915283 -4.000000 -1.821112 -1.476731 -6.133348
-0.787720 -0.918213 -4.000000 -1.868580 -1.447538 -6.086117
-0.790771 -0.912598 -4.000000 -1.904181 -1.429738 -6.056449
-0.784912 -0.920288 -4.000000 -1.918659 -1.474358 -6.023459
-0.786987 -0.917969 -4.000000 -1.934798 -1.552917 -6.011829
-0.783203 -0.921143 -4.000000 -1.964940 -1.607506 -5.982162
-0.784912 -0.914917 -4.000000 -1.978231 -1.595401 -5.949883
-0.785400 -0.914429 -4.000000 -1.936222 -1.487886 -5.890074
-0.786377 -0.914673 -4.000000 -1.837726 -1.340498 -5.802021
-0.782349 -0.923218 -4.000000 -1.710274 -1.212572 -5.679078
-0.788574 -0.920044 -4.000000 -1.570481 -1.102683 -5.595772
-0.781006 -0.917358 -4.000000 -1.402444 -1.055215 -5.518399
-0.785034 -0.921143 -4.000000 -1.266448 -1.090104 -5.465947
-0.785156 -0.911621 -4.000000 -1.186939 -1.167477 -5.413732
-0.786377 -0.918457 -4.000000 -1.109329 -1.257429 -5.362229
-0.783813 -0.920898 -4.000000 -1.057351 -1.327444 -5.302894
-0.784058 -0.922607 -4.000000 -1.023411 -1.352840 -5.242135
-0.786743 -0.920654 -4.000000 -0.999677 -1.364707 -5.177341
-0.785156 -0.914307 -4.000000 -1.008222 -1.406479 -5.143401
-0.781616 -0.917236 -4.000000 -1.046908 -1.465102 -5.127737
-0.785156 -0.912720 -4.000000 -1.109566 -1.546509 -5.108750
-0.783813 -0.916138 -4.000000 -1.110515 -1.652363 -5.064367
-0.782715 -0.917480 -4.000000 -0.998491 -1.748011 -5.000523
-0.790405 -0.917236 -4.000000 -0.798887 -1.799277 -4.931931
-0.787842 -0.916016 -4.000000 -0.544221 -1.763438 -4.875207
-0.788452 -0.922241 -4.000000 -0.278400 -1.616287 -4.813261
-0.787720 -0.913940 -4.000000 -0.049604 -1.368741 -4.767692
-0.787842 -0.912720 -4.000000 0.127926 -1.074440 -4.768878
-0.783936 -0.920410 -4.000000 0.172784 -0.799125 -4.804717
-0.783447 -0.919922 -4.000000 0.122942 -0.600708 -4.890159
-0.783936 -0.919678 -4.000000 -0.008782 -0.562734 -5.005269
-0.781616 -0.913696 -4.000000 -0.255378 -0.739552 -5.167135
-0.784302 -0.924927 -4.000000 -0.578873 -1.050705 -5.330900
-0.779175 -0.921753 -4.000000 -0.886941 -1.356162 -5.478289
-0.787231 -0.915405 -4.000000 -1.109566 -1.565022 -5.616895
-0.786499 -0.921997 -4.000000 -1.235594 -1.639547 -5.737701
-0.787964 -0.919556 -4.000000 -1.261938 -1.582348 -5.874884
-0.786865 -0.914795 -4.000000 -1.240815 -1.480054 -5.972668
-0.792725 -0.914063 -4.000000 -1.187888 -1.323172 -6.047431
-0.786499 -0.915649 -4.000000 -1.146591 -1.166290 -6.104867
-0.779175 -0.920532 -4.000000 -1.078237 -0.982351 -6.091576
-0.787598 -0.918335 -4.000000 -1.087731 -0.928001 -6.151860
-0.791260 -0.919189 -4.000000 -1.039550 -0.904266 -6.226860
-0.786499 -0.918335 -4.000000 -1.082272 -0.806482 -6.300435
-0.779541 -0.913086 -4.000000 -1.153236 -0.737891 -6.343631
-0.779541 -0.913696 -4.000000 -1.194771 -0.749995 -6.397982
-0.782959 -0.916382 -4.000000 -1.240340 -0.838523 -6.450672
-0.789429 -0.918091 -4.000000 -1.279027 -0.944614 -6.445687
-0.793213 -0.919189 -4.000000 -1.265261 -0.986149 -6.435245
-0.789795 -0.915039 -4.000000 -1.216844 -0.945564 -6.434295
-0.779419 -0.919189 -4.000000 -1.185277 -0.888602 -6.411273
-0.785522 -0.917480 -4.000000 -1.151100 -0.821909 -6.392761
-0.780396 -0.914307 -4.000000 -1.124993 -0.774916 -6.364754
-0.790039 -0.919189 -4.000000 -1.101022 -0.770881 -6.336986
-0.789429 -0.919434 -4.000000 -1.067794 -0.784884 -6.314201
-0.788208 -0.916382 -4.000000 -1.034329 -0.791292 -6.290230
-0.781860 -0.917480 -4.000000 -1.001813 -0.800549 -6.263885
-0.782959 -0.918701 -4.000000 -0.980215 -0.826419 -6.223774
-0.776489 -0.920654 -4.000000 -0.970010 -0.852052 -6.210009
-0.778809 -0.908936 -4.000000 -0.965500 -0.876498 -6.175119
-0.774292 -0.915894 -4.000000 -0.970722 -0.896672 -6.144265
-0.788940 -0.919189 -4.000000 -0.975231 -0.921830 -6.133348
-0.783691 -0.917847 -4.000000 -1.000627 -0.988285 -6.117208
-0.785645 -0.916626 -4.000000 -1.008696 -1.072541 -6.081133
-0.786011 -0.916870 -4.000000 -1.015342 -1.126180 -6.023459
-0.781250 -0.924805 -4.000000 -1.014630 -1.134961 -5.975279
-0.787598 -0.924316 -4.000000 -0.983301 -1.135199 -5.928286
-0.788940 -0.921631 -4.000000 -0.942953 -1.134012 -5.873935
-0.788940 -0.922607 -4.000000 -0.933934 -1.142081 -5.796087
-0.792358 -0.921021 -4.000000 -0.958855 -1.181717 -5.713255
-0.785767 -0.921143 -4.000000 -1.027921 -1.238204 -5.658905
-0.786255 -0.921631 -4.000000 -1.135436 -1.343346 -5.605266
-0.788940 -0.916260 -4.000000 -1.240103 -1.472696 -5.560171
-0.786987 -0.918091 -4.000000 -1.346431 -1.622458 -5.514364
-0.788940 -0.921387 -4.000000 -1.380134 -1.741840 -5.460963
-0.778442 -0.914185 -4.000000 -1.331242 -1.804024 -5.400204
-0.782471 -0.915649 -4.000000 -1.230135 -1.828707 -5.335172
-0.782715 -0.917847 -4.000000 -1.087968 -1.792156 -5.278685
-0.793335 -0.916504 -4.000000 -0.890975 -1.708375 -5.249018
-0.782715 -0.916626 -4.000000 -0.647939 -1.620797 -5.196328
-0.779907 -0.917847 -4.000000 -0.431722 -1.580924 -5.143401
-0.786011 -0.918091 -4.000000 -0.232831 -1.617949 -5.071724
-0.786377 -0.909180 -4.000000 -0.072151 -1.663518 -4.996963
-0.783813 -0.920898 -4.000000 0.068591 -1.663755 -4.981061
-0.782471 -0.915161 -4.000000 0.149050 -1.644768 -5.016899
-0.785645 -0.922363 -4.000000 0.148812 -1.614626 -5.059383
-0.789551 -0.922241 -4.000000 0.129588 -1.575940 -5.146961
-0.785278 -0.922241 -4.000000 0.061471 -1.548645 -5.210806
-0.789551 -0.919556 -4.000000 -0.010443 -1.520877 -5.246170
-0.788330 -0.913818 -4.000000 -0.039873 -1.448488 -5.295537
-0.787476 -0.918457 -4.000000 -0.043908 -1.426415 -5.345140
-0.784302 -0.921021 -4.000000 -0.032753 -1.539626 -5.409460
-0.783569 -0.921387 -4.000000 -0.083069 -1.716445 -5.483273
-0.788452 -0.920410 -4.000000 -0.181803 -1.912488 -5.577497
-0.778687 -0.916382 -4.000000 -0.284571 -1.986538 -5.611199
-0.789185 -0.916992 -4.000000 -0.320647 -1.841049 -5.544507
-0.785400 -0.919800 -4.000000 -0.286707 -1.624357 -5.483510
-0.784790 -0.918701 -4.000000 -0.283147 -1.462016 -5.483510
-0.785767 -0.921753 -4.000000 -0.326343 -1.387254 -5.487308
-0.786377 -0.911377 -4.000000 -0.319697 -1.374675 -5.519348
-0.786865 -0.917114 -4.000000 -0.286707 -1.429263 -5.566104
-0.778564 -0.913452 -4.000000 -0.248733 -1.504500 -5.597433
-0.783447 -0.923584 -4.000000 -0.170410 -1.554816 -5.593399
-0.789307 -0.915161 -4.000000 -0.106803 -1.557664 -5.586753
-0.786133 -0.918335 -4.000000 -0.127689 -1.484563 -5.554000
-0.784790 -0.919800 -4.000000 -0.177531 -1.345719 -5.516500
-0.783569 -0.921509 -4.000000 -0.223575 -1.191448 -5.487308
-0.780518 -0.918945 -4.000000 -0.318273 -1.065658 -5.477814
-0.789795 -0.915771 -4.000000 -0.419380 -0.993506 -5.486358
-0.784058 -0.918335 -4.000000 -0.471595 -1.018902 -5.537149
-0.783936 -0.920166 -4.000000 -0.503873 -1.160831 -5.597671
-0.792480 -0.924316 -4.000000 -0.546357 -1.360197 -5.625677
-0.790894 -0.915405 -4.000000 -0.557750 -1.535829 -5.631135
-0.789917 -0.916382 -4.000000 -0.543984 -1.634325 -5.627813
-0.793213 -0.912231 -4.000000 -0.475393 -1.608930 -5.616658
-0.780151 -0.911377 -4.000000 -0.366453 -1.487886 -5.605028
