-0.780518 -0.914673 -4.000000 -0.262024 -1.561699 -5.809616
-0.781860 -0.912354 -4.000000 -0.343194 -1.599199 -5.755739
-0.788574 -0.917603 -4.000000 -0.375235 -1.566921 -5.774014
-0.787109 -0.915771 -4.000000 -0.426500 -1.535354 -5.796562
-0.783813 -0.919189 -4.000000 -0.467086 -1.503551 -5.844742
-0.784058 -0.913208 -4.000000 -0.484412 -1.464390 -5.906925
-0.783569 -0.914063 -4.000000 -0.482750 -1.395798 -5.972431
-0.787231 -0.915894 -4.000000 -0.455693 -1.277365 -6.068079
-0.783813 -0.920532 -4.000000 -0.376896 -1.183616 -6.133822
-0.784302 -0.917358 -4.000000 -0.300473 -1.207113 -6.160167
-0.786377 -0.916382 -4.000000 -0.284808 -1.314865 -6.174407
-0.786133 -0.922729 -4.000000 -0.385915 -1.411463 -6.199091
-0.776489 -0.922363 -4.000000 -0.529269 -1.416921 -6.240625
-0.787476 -0.921875 -4.000000 -0.640581 -1.332903 -6.307081
-0.785645 -0.916992 -4.000000 -0.748097 -1.290419 -6.373536
-0.795654 -0.926636 -4.000000 -0.856798 -1.318425 -6.441890
-0.790894 -0.915405 -4.000000 -0.943428 -1.365419 -6.507633
-0.788330 -0.917480 -4.000000 -1.013443 -1.408140 -6.543472
-0.779907 -0.917480 -4.000000 -1.088680 -1.416921 -6.549880
-0.787109 -0.921631 -4.000000 -1.154898 -1.372776 -6.551779
-0.786011 -0.916504 -4.000000 -1.181480 -1.294217 -6.532554
-0.790161 -0.919678 -4.000000 -1.203790 -1.220878 -6.514991
-0.789795 -0.912231 -4.000000 -1.234882 -1.161306 -6.495529
-0.779297 -0.918213 -4.000000 -1.238442 -1.094376 -6.488409
-0.789307 -0.916626 -4.000000 -1.233932 -1.010120 -6.465861
-0.784546 -0.907349 -4.000000 -1.229423 -0.936307 -6.439517
-0.782593 -0.917603 -4.000000 -1.240103 -0.898096 -6.426463
-0.784546 -0.917847 -4.000000 -1.277365 -0.900706 -6.429548
-0.785522 -0.918335 -4.000000 -1.327919 -0.931086 -6.428836
-0.790771 -0.920410 -4.000000 -1.392475 -0.975231 -6.428124
-0.784058 -0.923096 -4.000000 -1.469611 -1.029107 -6.403441
-0.786133 -0.911621 -4.000000 -1.537016 -1.068269 -6.369976
-0.784668 -0.921021 -4.000000 -1.551256 -1.036465 -6.307555
-0.783325 -0.919312 -4.000000 -1.504025 -0.930611 -6.211670
-0.783936 -0.914917 -4.000000 -1.434247 -0.822621 -6.113648
-0.786377 -0.912720 -4.000000 -1.345719 -0.742875 -6.007795
-0.786621 -0.921265 -4.000000 -1.251021 -0.721514 -5.925912
-0.776489 -0.915283 -4.000000 -1.173648 -0.778951 -5.896008
-0.782837 -0.917725 -4.000000 -1.113363 -0.891925 -5.882479
-0.783081 -0.917847 -4.000000 -1.082746 -1.009408 -5.887463
-0.787354 -0.913452 -4.000000 -1.080373 -1.090104 -5.865865
-0.784912 -0.909546 -4.000000 -1.103870 -1.115499 -5.827416
-0.786987 -0.912476 -4.000000 -1.142793 -1.105531 -5.769742
-0.783447 -0.918701 -4.000000 -1.181480 -1.087968 -5.700676
-0.780518 -0.913330 -4.000000 -1.192160 -1.067319 -5.621405
-0.784546 -0.920288 -4.000000 -1.160831 -1.068269 -5.551864
-0.778931 -0.912109 -4.000000 -1.114075 -1.111939 -5.496089
-0.787231 -0.918945 -4.000000 -1.042636 -1.172461 -5.431532
-0.786865 -0.915405 -4.000000 -0.928475 -1.215182 -5.357719
-0.781616 -0.910034 -4.000000 -0.832352 -1.249834 -5.321881
-0.784912 -0.912231 -4.000000 -0.772780 -1.304659 -5.264445
-0.781860 -0.915771 -4.000000 -0.737891 -1.365893 -5.216502
-0.786011 -0.914551 -4.000000 -0.684015 -1.413124 -5.179477
-0.780151 -0.916626 -4.000000 -0.606404 -1.433061 -5.150759
-0.786987 -0.914673 -4.000000 -0.512180 -1.465102 -5.104952
-0.787109 -0.914185 -4.000000 -0.408937 -1.547221 -5.060332
-0.781494 -0.912964 -4.000000 -0.299761 -1.616762 -5.007643
-0.782837 -0.919189 -4.000000 -0.140031 -1.613439 -4.924336
-0.783203 -0.922363 -4.000000 0.056487 -1.528471 -4.859067
-0.784058 -0.921143 -4.000000 0.251106 -1.414785 -4.782644
-0.788086 -0.918335 -4.000000 0.361707 -1.325071 -4.761046
-0.781738 -0.917114 -4.000000 0.376659 -1.280688 -4.774812
-0.786011 -0.913940 -4.000000 0.305932 -1.332191 -4.817533
-0.779419 -0.916016 -4.000000 0.173496 -1.557427 -4.943798
-0.781128 -0.912964 -4.000000 0.069541 -1.775543 -5.037785
-0.783569 -0.914185 -4.000000 -0.043196 -1.893975 -5.055585
-0.784302 -0.915894 -4.000000 -0.031566 -1.802362 -4.996250
-0.782837 -0.919189 -4.000000 0.111075 -1.553155 -4.971330
-0.785034 -0.920288 -4.000000 0.312102 -1.212572 -5.003608
-0.787598 -0.914307 -4.000000 0.528082 -0.899282 -5.089762
-0.787231 -0.915771 -4.000000 0.621357 -0.747147 -5.233828
-0.789429 -0.918945 -4.000000 0.532354 -0.787970 -5.413969
-0.783691 -0.918091 -4.000000 0.292166 -0.947225 -5.598382
-0.782104 -0.911133 -4.000000 0.028481 -1.138284 -5.791340
-0.785034 -0.919434 -4.000000 -0.211470 -1.308932 -5.967684
-0.779907 -0.919800 -4.000000 -0.383305 -1.414311 -6.123617
-0.781372 -0.915405 -4.000000 -0.489870 -1.451810 -6.240625
-0.783203 -0.916138 -4.000000 -0.577449 -1.413124 -6.306606
-0.788574 -0.916992 -4.000000 -0.651262 -1.312966 -6.344106
-0.782593 -0.918823 -4.000000 -0.714632 -1.214708 -6.356922
-0.783936 -0.913696 -4.000000 -0.768033 -1.172224 -6.386115
-0.788574 -0.913574 -4.000000 -0.817163 -1.196907 -6.411036
-0.792847 -0.915039 -4.000000 -0.887653 -1.252919 -6.430735
-0.783569 -0.911987 -4.000000 -0.978317 -1.284486 -6.466336
-0.778198 -0.916748 -4.000000 -1.063285 -1.262888 -6.501225
-0.788208 -0.918579 -4.000000 -1.147066 -1.204265 -6.530418
-0.779663 -0.916138 -4.000000 -1.218505 -1.114787 -6.567206
-0.782593 -0.917725 -4.000000 -1.256954 -1.001101 -6.596398
-0.776001 -0.916504 -4.000000 -1.264312 -0.899994 -6.599721
-0.783325 -0.916016 -4.000000 -1.245324 -0.828555 -6.589990
-0.784912 -0.916626 -4.000000 -1.222302 -0.811229 -6.572190
-0.790527 -0.912354 -4.000000 -1.203790 -0.848966 -6.551066
-0.780029 -0.912231 -4.000000 -1.221353 -0.924678 -6.530893
-0.783081 -0.918823 -4.000000 -1.253869 -1.003475 -6.529231
-0.790771 -0.916260 -4.000000 -1.280688 -1.067319 -6.539674
-0.781616 -0.916016 -4.000000 -1.323172 -1.118347 -6.546794
-0.787720 -0.916260 -4.000000 -1.371827 -1.149439 -6.555813
-0.782715 -0.914795 -4.000000 -1.411700 -1.139233 -6.540149
-0.779419 -0.921143 -4.000000 -1.438045 -1.071354 -6.501225
-0.782593 -0.919067 -4.000000 -1.427127 -0.952447 -6.459453
-0.783325 -0.919556 -4.000000 -1.390339 -0.852052 -6.392761
-0.783813 -0.918945 -4.000000 -1.373013 -0.816451 -6.344106
-0.783203 -0.914063 -4.000000 -1.368029 -0.815976 -6.317286
-0.786865 -0.915649 -4.000000 -1.346669 -0.805770 -6.299249
-0.782104 -0.911621 -4.000000 -1.324359 -0.773255 -6.296875
-0.792603 -0.911987 -4.000000 -1.329818 -0.764948 -6.290942
-0.776489 -0.919189 -4.000000 -1.363520 -0.791767 -6.288094
-0.778442 -0.915771 -4.000000 -1.382270 -0.843270 -6.284296
-0.790527 -0.915161 -4.000000 -1.391289 -0.899757 -6.268631
-0.789429 -0.916504 -4.000000 -1.383694 -0.960279 -6.259613
-0.781494 -0.923096 -4.000000 -1.337887 -1.026259 -6.220689
-0.785645 -0.916382 -4.000000 -1.289707 -1.098648 -6.172984
-0.783447 -0.918091 -4.000000 -1.253157 -1.133062 -6.091101
-0.780396 -0.916260 -4.000000 -1.208299 -1.109091 -6.013016
-0.784058 -0.919800 -4.000000 -1.157271 -1.056164 -5.948222
-0.783691 -0.910645 -4.000000 -1.146828 -1.035041 -5.892210
-0.783813 -0.915039 -4.000000 -1.154898 -1.057114 -5.845217
-0.792236 -0.924927 -4.000000 -1.171512 -1.105768 -5.828840
-0.785034 -0.913208 -4.000000 -1.229423 -1.144217 -5.819109
-0.785400 -0.918701 -4.000000 -1.289707 -1.164866 -5.814125
-0.780273 -0.915161 -4.000000 -1.328156 -1.193347 -5.792052
-0.787842 -0.912476 -4.000000 -1.338362 -1.243900 -5.779236
-0.780518 -0.915894 -4.000000 -1.357349 -1.342397 -5.742211
-0.787598 -0.905762 -4.000000 -1.367555 -1.489548 -5.699490
-0.786377 -0.914307 -4.000000 -1.343583 -1.663993 -5.665787
-0.787354 -0.913086 -4.000000 -1.279264 -1.822061 -5.633984
-0.778320 -0.914673 -4.000000 -1.137572 -1.898010 -5.549253
-0.785889 -0.921143 -4.000000 -0.945564 -1.847694 -5.430109
-0.785034 -0.911133 -4.000000 -0.744062 -1.734720 -5.286518
-0.778442 -0.915771 -4.000000 -0.542560 -1.625781 -5.150047
-0.786743 -0.915039 -4.000000 -0.382118 -1.549832 -5.094747
-0.786133 -0.913818 -4.000000 -0.262261 -1.518978 -5.099968
-0.783813 -0.919434 -4.000000 -0.195094 -1.557902 -5.162151
-0.787109 -0.914307 -4.000000 -0.161154 -1.706951 -5.198227
-0.786133 -0.911499 -4.000000 -0.168274 -1.884245 -5.231454
-0.780151 -0.916748 -4.000000 -0.191296 -1.948564 -5.269904
-0.786377 -0.919189 -4.000000 -0.181328 -1.867868 -5.294350
-0.785034 -0.915771 -4.000000 -0.123417 -1.697458 -5.295774
-0.781006 -0.909180 -4.000000 -0.046519 -1.472696 -5.276549
-0.782837 -0.917480 -4.000000 -0.003797 -1.224676 -5.263258
-0.787598 -0.914673 -4.000000 0.021598 -1.050231 -5.230980
-0.787598 -0.919556 -4.000000 0.015664 -1.019851 -5.211281
-0.783936 -0.923218 -4.000000 -0.011630 -1.092715 -5.223860
-0.788086 -0.917603 -4.000000 -0.024446 -1.184091 -5.239761
-0.790161 -0.919800 -4.000000 0.055538 -1.178157 -5.196328
-0.785645 -0.912964 -4.000000 0.075712 -1.241527 -5.200363
-0.781982 -0.911499 -4.000000 0.160442 -1.229897 -5.202024
-0.784058 -0.911499 -4.000000 0.221201 -1.136860 -5.140316
-0.786255 -0.909790 -4.000000 0.181328 -1.018664 -5.113496
-0.779541 -0.911499 -4.000000 0.095173 -0.931561 -5.118955
