-0.782837 -0.913086 -4.000000 0.028718 -1.116449 -5.870137
-0.783325 -0.915405 -4.000000 0.016139 -1.155847 -5.887701
-0.785400 -0.914429 -4.000000 0.044857 -1.152287 -5.985722
-0.781738 -0.910522 -4.000000 0.053164 -1.149676 -6.090152
-0.790894 -0.908203 -4.000000 0.074050 -1.157746 -6.172034
-0.784424 -0.916870 -4.000000 0.070965 -1.251021 -6.219265
-0.781250 -0.920166 -4.000000 0.014003 -1.430212 -6.241337
-0.783447 -0.911133 -4.000000 -0.085680 -1.581398 -6.272904
-0.783936 -0.913818 -4.000000 -0.183701 -1.665654 -6.343156
-0.780640 -0.919434 -4.000000 -0.224287 -1.705053 -6.426938
-0.788086 -0.914917 -4.000000 -0.232119 -1.732821 -6.506446
-0.784546 -0.921265 -4.000000 -0.229033 -1.735669 -6.540386
-0.786865 -0.916138 -4.000000 -0.245647 -1.668502 -6.549405
-0.783691 -0.913696 -4.000000 -0.263685 -1.542237 -6.543472
-0.782227 -0.914917 -4.000000 -0.295251 -1.425466 -6.524722
-0.782837 -0.916138 -4.000000 -0.330140 -1.384881 -6.497665
-0.778931 -0.916992 -4.000000 -0.457592 -1.426415 -6.444975
-0.788208 -0.911377 -4.000000 -0.573651 -1.415023 -6.407475
-0.788330 -0.921387 -4.000000 -0.670486 -1.361859 -6.406526
-0.785767 -0.917480 -4.000000 -0.747385 -1.305134 -6.422903
-0.786743 -0.911987 -4.000000 -0.815027 -1.290419 -6.439279
-0.785645 -0.923340 -4.000000 -0.894773 -1.315340 -6.455181
-0.788818 -0.911499 -4.000000 -0.991133 -1.343821 -6.449247
-0.784058 -0.918457 -4.000000 -1.056639 -1.363520 -6.426226
-0.789429 -0.917603 -4.000000 -1.106006 -1.355688 -6.378995
-0.785767 -0.915894 -4.000000 -1.121670 -1.305609 -6.334137
-0.789063 -0.913818 -4.000000 -1.101734 -1.238204 -6.271717
-0.793457 -0.912476 -4.000000 -1.113363 -1.179581 -6.222588
-0.784546 -0.907837 -4.000000 -1.148490 -1.123094 -6.179154
-0.782104 -0.916992 -4.000000 -1.210910 -1.044297 -6.150673
-0.782471 -0.914917 -4.000000 -1.298014 -0.964551 -6.133585
-0.774780 -0.916992 -4.000000 -1.406716 -0.907115 -6.090389
-0.781860 -0.912476 -4.000000 -1.552917 -0.883618 -6.023222
-0.782837 -0.917480 -4.000000 -1.684879 -0.895010 -5.963175
-0.786865 -0.915039 -4.000000 -1.771508 -0.885991 -5.899330
-0.789063 -0.912842 -4.000000 -1.804736 -0.868903 -5.832875
-0.783203 -0.920410 -4.000000 -1.769135 -0.865105 -5.772591
-0.778198 -0.917847 -4.000000 -1.691524 -0.882906 -5.725122
-0.790771 -0.918823 -4.000000 -1.567158 -0.900469 -5.650360
-0.796509 -0.917603 -4.000000 -1.430687 -0.879820 -5.572275
-0.786255 -0.921387 -4.000000 -1.278315 -0.800311 -5.483035
-0.785767 -0.914795 -4.000000 -1.138284 -0.718192 -5.400204
-0.786011 -0.918091 -4.000000 -1.056164 -0.687575 -5.348464
-0.782593 -0.915527 -4.000000 -1.040737 -0.719616 -5.332561
-0.784058 -0.916504 -4.000000 -1.105056 -0.825707 -5.340394
-0.782593 -0.918091 -4.000000 -1.218505 -0.992082 -5.373621
-0.786133 -0.920776 -4.000000 -1.374438 -1.234644 -5.386912
-0.775146 -0.912720 -4.000000 -1.524437 -1.548645 -5.387624
-0.780396 -0.919678 -4.000000 -1.590417 -1.874751 -5.361042
-0.783569 -0.922241 -4.000000 -1.509722 -2.142708 -5.276074
-0.792725 -0.914307 -4.000000 -1.252682 -2.297929 -5.157167
-0.786011 -0.913940 -4.000000 -0.840422 -2.315492 -5.016899
-0.788818 -0.915039 -4.000000 -0.370726 -2.208214 -4.872833
-0.784790 -0.914551 -4.000000 0.121281 -2.035905 -4.731853
-0.782715 -0.914673 -4.000000 0.498652 -1.814229 -4.607250
-0.785278 -0.916992 -4.000000 0.686151 -1.572142 -4.556696
-0.778442 -0.917114 -4.000000 0.751657 -1.298963 -4.576632
-0.781006 -0.915649 -4.000000 0.657195 -1.086781 -4.657091
-0.782593 -0.917725 -4.000000 0.442877 -1.093427 -4.837232
-0.784424 -0.913818 -4.000000 0.184888 -1.198568 -4.974178
-0.781372 -0.920288 -4.000000 -0.093512 -1.419058 -5.158116
-0.781982 -0.920654 -4.000000 -0.276027 -1.644768 -5.331375
-0.789673 -0.909912 -4.000000 -0.336074 -1.793818 -5.481611
-0.782837 -0.921997 -4.000000 -0.288131 -1.843422 -5.613573
-0.790283 -0.919189 -4.000000 -0.166138 -1.802362 -5.729157
-0.783203 -0.911621 -4.000000 -0.081645 -1.715021 -5.819584
-0.786987 -0.921021 -4.000000 -0.073575 -1.596113 -5.872985
-0.786743 -0.915527 -4.000000 -0.096123 -1.456557 -5.897669
-0.783569 -0.919922 -4.000000 -0.091851 -1.276653 -5.950596
-0.787109 -0.920044 -4.000000 -0.135047 -1.157746 -6.027019
-0.786255 -0.915894 -4.000000 -0.227609 -1.132113 -6.119582
-0.779053 -0.919678 -4.000000 -0.359333 -1.169138 -6.228046
-0.786133 -0.921143 -4.000000 -0.503636 -1.218268 -6.324881
-0.782227 -0.918701 -4.000000 -0.645566 -1.248647 -6.422428
-0.785034 -0.918335 -4.000000 -0.749283 -1.251970 -6.482000
-0.790039 -0.918823 -4.000000 -0.849204 -1.257903 -6.514516
-0.787476 -0.922607 -4.000000 -0.937969 -1.253631 -6.530655
-0.788574 -0.915039 -4.000000 -0.998253 -1.239866 -6.526146
-0.784912 -0.917358 -4.000000 -1.055927 -1.243663 -6.514041
-0.782715 -0.912354 -4.000000 -1.097224 -1.269771 -6.481763
-0.785278 -0.919312 -4.000000 -1.125468 -1.320324 -6.444501
-0.791016 -0.915527 -4.000000 -1.135199 -1.341210 -6.404628
-0.775879 -0.920044 -4.000000 -1.143743 -1.353314 -6.401542
-0.778564 -0.921631 -4.000000 -1.106006 -1.301811 -6.380181
-0.785889 -0.916626 -4.000000 -1.152524 -1.308457 -6.359770
-0.787598 -0.915527 -4.000000 -1.245324 -1.354738 -6.345293
-0.779175 -0.917236 -4.000000 -1.379659 -1.383456 -6.305894
-0.787720 -0.910400 -4.000000 -1.524437 -1.382745 -6.271005
-0.783447 -0.915283 -4.000000 -1.616525 -1.316527 -6.244185
-0.795166 -0.918945 -4.000000 -1.640733 -1.217318 -6.212382
-0.788940 -0.923218 -4.000000 -1.639547 -1.096749 -6.179629
-0.783813 -0.922119 -4.000000 -1.607980 -0.976418 -6.124804
-0.788574 -0.914673 -4.000000 -1.586620 -0.876023 -6.074250
-0.791016 -0.915527 -4.000000 -1.582110 -0.806008 -6.016101
-0.784302 -0.911987 -4.000000 -1.603234 -0.777764 -5.947985
-0.787598 -0.921875 -4.000000 -1.639309 -0.780612 -5.887938
-0.781860 -0.915161 -4.000000 -1.655448 -0.802447 -5.843318
-0.778442 -0.913086 -4.000000 -1.666841 -0.839473 -5.840232
-0.784790 -0.907715 -4.000000 -1.653312 -0.899520 -5.853761
-0.787842 -0.910034 -4.000000 -1.604183 -0.927051 -5.854948
-0.787598 -0.916382 -4.000000 -1.542712 -0.878396 -5.805818
-0.783081 -0.910645 -4.000000 -1.501652 -0.778001 -5.722986
-0.784180 -0.910889 -4.000000 -1.473646 -0.662179 -5.636357
-0.784790 -0.909058 -4.000000 -1.468662 -0.578636 -5.595772
-0.781494 -0.920532 -4.000000 -1.503076 -0.578161 -5.614759
-0.782104 -0.920410 -4.000000 -1.561699 -0.692084 -5.675281
-0.786255 -0.920044 -4.000000 -1.653787 -0.872463 -5.744347
-0.783691 -0.920654 -4.000000 -1.746587 -1.027921 -5.798935
-0.794189 -0.918213 -4.000000 -1.810194 -1.107667 -5.823381
-0.779419 -0.917847 -4.000000 -1.821112 -1.172224 -5.819584
-0.782593 -0.910034 -4.000000 -1.780052 -1.287571 -5.776863
-0.784424 -0.913574 -4.000000 -1.636936 -1.405766 -5.708271
-0.786499 -0.921265 -4.000000 -1.383931 -1.481478 -5.612623
-0.782104 -0.912964 -4.000000 -1.062335 -1.581873 -5.520061
-0.780151 -0.915771 -4.000000 -0.770169 -1.725464 -5.424887
-0.787720 -0.922241 -4.000000 -0.501263 -1.823011 -5.312150
-0.784424 -0.917480 -4.000000 -0.229983 -1.796666 -5.179002
-0.797607 -0.918701 -4.000000 0.012342 -1.648566 -5.008592
-0.787231 -0.922241 -4.000000 0.235916 -1.553155 -4.908197
-0.792603 -0.919189 -4.000000 0.460915 -1.457507 -4.834147
-0.786987 -0.921631 -4.000000 0.599284 -1.395561 -4.790001
-0.790771 -0.920288 -4.000000 0.659569 -1.437570 -4.818720
-0.787964 -0.917603 -4.000000 0.687812 -1.589705 -4.862391
-0.782715 -0.916260 -4.000000 0.709410 -1.721904 -4.907011
-0.779419 -0.919189 -4.000000 0.759489 -1.765337 -4.940713
-0.782227 -0.914307 -4.000000 0.842558 -1.794530 -5.002896
-0.787598 -0.914673 -4.000000 0.875548 -1.835352 -5.051550
-0.791138 -0.913330 -4.000000 0.870327 -1.807821 -5.097832
-0.784180 -0.923462 -4.000000 0.898096 -1.678470 -5.174730
-0.782959 -0.919678 -4.000000 0.880295 -1.530133 -5.260173
-0.786255 -0.920288 -4.000000 0.735518 -1.403868 -5.333273
-0.781250 -0.917358 -4.000000 0.520725 -1.337412 -5.371248
-0.785522 -0.919556 -4.000000 0.379032 -1.270008 -5.424412
-0.785400 -0.917725 -4.000000 0.316612 -1.232271 -5.474729
-0.787231 -0.911987 -4.000000 0.290979 -1.244138 -5.529791
-0.783936 -0.919067 -4.000000 0.305694 -1.243900 -5.569902
-0.781006 -0.913574 -4.000000 0.360283 -1.209961 -5.603367
-0.784058 -0.909912 -4.000000 0.407513 -1.088443 -5.614522
-0.780273 -0.921143 -4.000000 0.400393 -1.015816 -5.627813
-0.784546 -0.915405 -4.000000 0.347229 -0.977605 -5.672670
-0.782959 -0.912842 -4.000000 0.243511 -1.040500 -5.729394
-0.786011 -0.919312 -4.000000 0.132911 -1.135436 -5.778524
-0.782471 -0.914917 -4.000000 0.040823 -1.223489 -5.826229
-0.785645 -0.922485 -4.000000 -0.054826 -1.281163 -5.853998
-0.785645 -0.918701 -4.000000 -0.099683 -1.310830 -5.880343
-0.782837 -0.917236 -4.000000 -0.100632 -1.323647 -5.904077
-0.779785 -0.920044 -4.000000 -0.092325 -1.312254 -5.909536
-0.788330 -0.918335 -4.000000 -0.064319 -1.279976 -5.910722
-0.778809 -0.918823 -4.000000 -0.050079 -1.225863 -5.903840
-0.787842 -0.910767 -4.000000 -0.061471 -1.182904 -5.899093
