-0.783325 -0.919678 -4.000000 -0.373574 -1.356874 -5.853998
-0.785767 -0.913452 -4.000000 -0.401342 -1.409801 -5.858982
-0.786011 -0.914185 -4.000000 -0.410599 -1.404580 -5.867764
-0.783936 -0.921875 -4.000000 -0.404191 -1.354501 -5.901941
-0.785278 -0.919922 -4.000000 -0.410599 -1.305609 -5.945374
-0.790039 -0.923462 -4.000000 -0.424364 -1.298963 -5.985485
-0.785522 -0.921021 -4.000000 -0.493193 -1.327919 -6.024883
-0.787231 -0.917114 -4.000000 -0.566769 -1.362096 -6.049567
-0.783081 -0.915405 -4.000000 -0.656246 -1.349042 -6.084693
-0.785889 -0.913086 -4.000000 -0.711546 -1.288046 -6.166101
-0.784058 -0.920776 -4.000000 -0.726499 -1.223252 -6.223062
-0.778564 -0.914063 -4.000000 -0.739078 -1.173173 -6.275515
-0.778076 -0.918457 -4.000000 -0.712021 -1.154423 -6.303995
-0.782837 -0.923096 -4.000000 -0.692322 -1.158221 -6.313014
-0.780273 -0.918701 -4.000000 -0.726973 -1.162255 -6.341970
-0.788696 -0.907959 -4.000000 -0.781087 -1.157509 -6.391574
-0.778320 -0.916992 -4.000000 -0.811941 -1.166765 -6.432159
-0.780518 -0.916016 -4.000000 -0.852526 -1.210673 -6.465861
-0.776855 -0.917847 -4.000000 -0.917320 -1.311542 -6.494342
-0.783081 -0.922363 -4.000000 -0.992557 -1.429975 -6.502174
-0.786621 -0.923218 -4.000000 -1.074202 -1.539864 -6.503361
-0.784668 -0.914673 -4.000000 -1.142556 -1.592791 -6.514753
-0.785645 -0.916870 -4.000000 -1.207825 -1.599199 -6.519263
-0.785400 -0.919312 -4.000000 -1.259802 -1.583297 -6.499801
-0.780518 -0.916748 -4.000000 -1.345007 -1.584721 -6.464674
-0.782837 -0.914795 -4.000000 -1.422618 -1.587806 -6.423615
-0.783691 -0.914185 -4.000000 -1.490497 -1.603946 -6.385640
-0.788452 -0.920288 -4.000000 -1.527759 -1.632189 -6.327492
-0.788208 -0.914307 -4.000000 -1.541525 -1.655211 -6.267682
-0.791748 -0.922363 -4.000000 -1.505687 -1.647616 -6.182952
-0.786743 -0.918701 -4.000000 -1.451810 -1.632189 -6.098221
-0.783081 -0.915649 -4.000000 -1.422855 -1.607980 -6.019187
-0.779175 -0.920166 -4.000000 -1.389865 -1.558614 -5.940390
-0.783203 -0.922974 -4.000000 -1.382745 -1.499279 -5.851150
-0.784424 -0.912231 -4.000000 -1.381083 -1.431637 -5.787780
-0.789185 -0.912720 -4.000000 -1.383456 -1.406953 -5.718002
-0.781982 -0.919312 -4.000000 -1.371590 -1.401494 -5.648699
-0.783447 -0.921753 -4.000000 -1.322460 -1.398409 -5.580107
-0.776611 -0.915527 -4.000000 -1.256954 -1.392238 -5.506532
-0.780029 -0.919800 -4.000000 -1.202841 -1.352840 -5.436754
-0.786133 -0.911621 -4.000000 -1.149439 -1.315103 -5.374333
-0.783936 -0.912109 -4.000000 -1.088680 -1.320087 -5.305979
-0.784302 -0.915771 -4.000000 -1.022699 -1.372302 -5.229556
-0.778931 -0.910889 -4.000000 -0.917795 -1.440181 -5.148148
-0.792236 -0.916870 -4.000000 -0.753081 -1.483851 -5.052025
-0.782227 -0.917603 -4.000000 -0.546832 -1.492158 -4.958038
-0.781250 -0.922241 -4.000000 -0.324207 -1.473883 -4.883514
-0.782593 -0.910278 -4.000000 -0.107278 -1.419770 -4.832486
-0.778687 -0.918213 -4.000000 0.082120 -1.349042 -4.832011
-0.784668 -0.918823 -4.000000 0.234492 -1.260514 -4.853609
-0.781982 -0.914429 -4.000000 0.328716 -1.185040 -4.892295
-0.773193 -0.920532 -4.000000 0.307593 -1.158933 -4.935254
-0.782715 -0.918823 -4.000000 0.188448 -1.140657 -4.992690
-0.780640 -0.928345 -4.000000 0.019937 -1.090341 -5.074810
-0.787231 -0.919556 -4.000000 -0.160917 -1.041924 -5.174255
-0.776367 -0.918335 -4.000000 -0.357909 -1.027446 -5.277973
-0.777100 -0.916748 -4.000000 -0.508858 -1.085120 -5.375757
-0.788086 -0.919434 -4.000000 -0.617797 -1.192872 -5.479712
-0.786255 -0.910156 -4.000000 -0.684252 -1.314628 -5.560883
-0.788086 -0.913574 -4.000000 -0.716056 -1.362808 -5.630424
-0.787109 -0.912964 -4.000000 -0.716768 -1.343583 -5.697828
-0.785156 -0.914551 -4.000000 -0.677369 -1.291131 -5.772828
-0.779541 -0.909424 -4.000000 -0.629189 -1.218980 -5.857558
-0.781250 -0.916626 -4.000000 -0.604980 -1.146828 -5.928286
-0.785034 -0.916382 -4.000000 -0.613050 -1.130926 -6.005184
-0.785767 -0.917480 -4.000000 -0.637021 -1.180531 -6.067605
-0.785400 -0.908325 -4.000000 -0.679505 -1.238679 -6.142841
-0.784668 -0.909302 -4.000000 -0.720565 -1.271195 -6.200515
-0.788696 -0.918213 -4.000000 -0.733381 -1.287808 -6.251306
-0.782593 -0.923584 -4.000000 -0.743350 -1.290182 -6.287382
-0.791016 -0.913574 -4.000000 -0.750470 -1.309169 -6.324644
-0.785522 -0.921631 -4.000000 -0.769220 -1.335989 -6.351701
-0.788330 -0.920532 -4.000000 -0.809568 -1.357586 -6.401067
-0.785400 -0.919922 -4.000000 -0.855612 -1.359485 -6.415545
-0.779419 -0.919800 -4.000000 -0.906165 -1.364469 -6.396795
-0.787964 -0.918823 -4.000000 -0.964314 -1.361384 -6.355735
-0.787476 -0.922485 -4.000000 -1.005136 -1.316052 -6.333900
-0.789795 -0.912109 -4.000000 -1.020563 -1.267872 -6.323695
-0.781006 -0.919922 -4.000000 -1.054028 -1.241052 -6.325356
-0.782471 -0.916748 -4.000000 -1.090341 -1.241527 -6.313014
-0.784912 -0.919312 -4.000000 -1.123094 -1.258853 -6.307081
-0.786133 -0.924927 -4.000000 -1.151812 -1.296827 -6.305894
-0.780029 -0.922729 -4.000000 -1.167002 -1.334564 -6.303046
-0.778809 -0.916504 -4.000000 -1.173648 -1.362808 -6.295689
-0.784058 -0.915771 -4.000000 -1.186939 -1.372539 -6.284771
-0.782959 -0.912720 -4.000000 -1.199281 -1.361621 -6.259613
-0.788452 -0.915161 -4.000000 -1.222302 -1.349042 -6.227572
-0.781128 -0.917725 -4.000000 -1.245799 -1.314391 -6.210958
-0.784058 -0.913696 -4.000000 -1.289707 -1.309406 -6.191733
-0.785034 -0.911987 -4.000000 -1.349042 -1.359960 -6.181290
-0.789673 -0.912476 -4.000000 -1.406953 -1.461541 -6.157082
-0.782715 -0.920776 -4.000000 -1.454421 -1.555528 -6.122193
-0.783447 -0.921143 -4.000000 -1.480529 -1.581873 -6.071639
-0.788086 -0.918945 -4.000000 -1.469611 -1.540813 -6.025358
-0.785889 -0.917236 -4.000000 -1.421194 -1.461304 -5.982874
-0.792603 -0.916992 -4.000000 -1.368741 -1.382982 -5.948934
-0.782104 -0.919922 -4.000000 -1.322460 -1.337887 -5.900754
-0.782593 -0.920166 -4.000000 -1.305609 -1.345957 -5.865865
-0.781616 -0.910767 -4.000000 -1.316764 -1.401494 -5.838334
-0.784668 -0.914185 -4.000000 -1.331004 -1.473171 -5.812226
-0.778931 -0.920044 -4.000000 -1.343821 -1.506399 -5.767132
-0.784912 -0.913574 -4.000000 -1.323647 -1.469136 -5.718239
-0.789429 -0.920410 -4.000000 -1.299675 -1.417159 -5.684537
-0.786255 -0.923828 -4.000000 -1.298489 -1.358773 -5.630661
-0.787842 -0.913330 -4.000000 -1.283299 -1.364707 -5.568241
-0.782837 -0.914185 -4.000000 -1.260040 -1.479105 -5.521010
-0.788452 -0.918579 -4.000000 -1.230372 -1.647379 -5.488257
-0.781738 -0.913208 -4.000000 -1.179819 -1.825621 -5.453605
-0.783691 -0.913940 -4.000000 -1.116449 -1.931713 -5.398067
-0.784790 -0.921021 -4.000000 -1.050943 -1.925304 -5.346090
-0.784058 -0.917847 -4.000000 -0.962890 -1.864308 -5.279634
-0.774414 -0.912598 -4.000000 -0.882668 -1.756318 -5.219113
-0.777100 -0.922485 -4.000000 -0.799837 -1.626493 -5.191819
-0.781494 -0.925293 -4.000000 -0.763049 -1.576177 -5.170933
-0.782715 -0.916138 -4.000000 -0.780138 -1.640496 -5.190395
-0.785522 -0.918579 -4.000000 -0.786783 -1.786460 -5.209619
-0.783569 -0.917480 -4.000000 -0.759014 -1.895637 -5.237626
-0.778564 -0.924927 -4.000000 -0.658619 -1.882346 -5.236913
-0.780884 -0.914185 -4.000000 -0.446437 -1.755131 -5.215315
-0.784180 -0.915405 -4.000000 -0.171834 -1.584009 -5.209857
-0.775146 -0.917480 -4.000000 0.060522 -1.437570 -5.184699
-0.783569 -0.913940 -4.000000 0.189872 -1.330767 -5.160490
-0.779419 -0.914673 -4.000000 0.245410 -1.256480 -5.138655
-0.782349 -0.909912 -4.000000 0.265821 -1.237492 -5.127262
-0.779663 -0.918335 -4.000000 0.237103 -1.234169 -5.127262
-0.783081 -0.913330 -4.000000 0.205537 -1.206163 -5.134620
-0.785645 -0.919434 -4.000000 0.200790 -1.182667 -5.139129
-0.785400 -0.918213 -4.000000 0.187024 -1.183141 -5.175442
-0.780396 -0.918579 -4.000000 0.147151 -1.121670 -5.205347
-0.779907 -0.919922 -4.000000 0.089003 -1.080610 -5.235727
-0.779419 -0.915527 -4.000000 0.064557 -1.143268 -5.264920
-0.780273 -0.915283 -4.000000 0.049129 -1.221116 -5.296486
-0.779663 -0.917358 -4.000000 0.013054 -1.227761 -5.328052
-0.783325 -0.915527 -4.000000 -0.012342 -1.187176 -5.356296
-0.777954 -0.920044 -4.000000 -0.031566 -1.134961 -5.389286
-0.787720 -0.921509 -4.000000 -0.077610 -1.082984 -5.422751
-0.788696 -0.916626 -4.000000 -0.117009 -1.041449 -5.468083
-0.786011 -0.915649 -4.000000 -0.149762 -1.001339 -5.510092
-0.782593 -0.918701 -4.000000 -0.197230 -1.004187 -5.539760
-0.788452 -0.920166 -4.000000 -0.264634 -1.038126 -5.573699
-0.783936 -0.923462 -4.000000 -0.329191 -1.110041 -5.602417
-0.786987 -0.919189 -4.000000 -0.345330 -1.199755 -5.625914
-0.787231 -0.912354 -4.000000 -0.328242 -1.253869 -5.638731
-0.789307 -0.917480 -4.000000 -0.277688 -1.240815 -5.638968
-0.784424 -0.917480 -4.000000 -0.226660 -1.170088 -5.622828
-0.787476 -0.922729 -4.000000 -0.189872 -1.052604 -5.616658
-0.783569 -0.921021 -4.000000 -0.195568 -0.938681 -5.619743
-0.782593 -0.920288 -4.000000 -0.235679 -0.864631 -5.647038
-0.780273 -0.923340 -4.000000 -0.255853 -0.830691 -5.669347
-0.783447 -0.919922 -4.000000 -0.255141 -0.832590 -5.684062
