-0.783569 -0.920898 -4.000000 -0.376422 -1.294217 -5.831451
-0.781616 -0.920044 -4.000000 -0.364792 -1.314628 -5.853049
-0.786621 -0.915527 -4.000000 -0.331802 -1.309406 -5.870375
-0.783691 -0.914551 -4.000000 -0.326343 -1.287808 -5.860406
-0.777954 -0.910034 -4.000000 -0.312577 -1.235594 -5.882479
-0.784302 -0.922852 -4.000000 -0.284096 -1.187413 -5.907400
-0.785645 -0.921387 -4.000000 -0.251343 -1.172698 -5.932558
-0.790405 -0.919922 -4.000000 -0.231169 -1.174834 -5.954630
-0.782715 -0.916138 -4.000000 -0.213132 -1.158695 -5.971719
-0.791626 -0.923584 -4.000000 -0.199366 -1.130689 -5.983586
-0.780273 -0.915283 -4.000000 -0.212420 -1.123806 -5.996640
-0.784668 -0.917358 -4.000000 -0.262261 -1.146116 -6.028681
-0.780884 -0.919800 -4.000000 -0.344381 -1.191448 -6.066655
-0.774902 -0.919312 -4.000000 -0.430535 -1.233220 -6.127652
-0.787109 -0.918213 -4.000000 -0.501500 -1.263125 -6.176781
-0.785645 -0.916504 -4.000000 -0.560123 -1.284723 -6.223300
-0.781250 -0.917114 -4.000000 -0.615661 -1.281875 -6.269344
-0.785034 -0.916870 -4.000000 -0.679031 -1.273331 -6.298299
-0.786621 -0.914673 -4.000000 -0.753081 -1.270245 -6.344106
-0.783813 -0.919800 -4.000000 -0.823808 -1.270720 -6.397745
-0.786865 -0.922241 -4.000000 -0.882194 -1.268584 -6.435956
-0.780884 -0.915527 -4.000000 -0.950073 -1.286384 -6.457792
-0.789429 -0.916382 -4.000000 -1.005611 -1.324834 -6.481526
-0.786621 -0.916626 -4.000000 -1.079424 -1.364707 -6.518076
-0.792480 -0.920044 -4.000000 -1.151812 -1.351890 -6.529231
-0.785767 -0.917114 -4.000000 -1.203790 -1.288283 -6.517601
-0.783447 -0.918091 -4.000000 -1.272856 -1.249597 -6.493393
-0.787964 -0.915405 -4.000000 -1.350704 -1.235594 -6.471795
-0.786011 -0.911743 -4.000000 -1.397697 -1.208774 -6.443789
-0.782837 -0.919678 -4.000000 -1.435434 -1.175072 -6.402966
-0.782471 -0.919067 -4.000000 -1.447301 -1.146116 -6.353125
-0.788696 -0.915771 -4.000000 -1.442554 -1.112177 -6.297112
-0.781616 -0.916016 -4.000000 -1.420007 -1.068981 -6.239676
-0.783691 -0.918091 -4.000000 -1.405292 -1.022225 -6.180104
-0.781738 -0.917358 -4.000000 -1.385830 -1.001101 -6.130737
-0.784424 -0.921631 -4.000000 -1.359010 -0.995168 -6.076860
-0.786865 -0.920410 -4.000000 -1.319137 -0.992320 -6.021086
-0.782227 -0.916992 -4.000000 -1.293267 -0.997067 -5.964836
-0.787109 -0.922241 -4.000000 -1.272144 -1.024598 -5.924963
-0.785156 -0.923340 -4.000000 -1.247935 -1.056639 -5.882242
-0.784180 -0.919067 -4.000000 -1.211622 -1.094139 -5.811039
-0.776489 -0.914917 -4.000000 -1.154186 -1.108379 -5.720613
-0.779419 -0.919434 -4.000000 -1.091765 -1.112414 -5.625677
-0.785889 -0.924316 -4.000000 -1.041924 -1.140183 -5.525994
-0.784180 -0.915649 -4.000000 -1.018664 -1.201416 -5.457640
-0.789429 -0.921753 -4.000000 -1.038601 -1.304897 -5.402814
-0.789307 -0.916504 -4.000000 -1.108142 -1.454896 -5.367925
-0.786987 -0.919434 -4.000000 -1.208774 -1.616762 -5.317134
-0.788452 -0.917480 -4.000000 -1.236543 -1.765574 -5.227657
-0.783325 -0.919067 -4.000000 -1.177920 -1.925304 -5.118481
-0.789307 -0.914429 -4.000000 -1.009408 -2.094291 -5.011677
-0.787598 -0.919922 -4.000000 -0.707274 -2.220081 -4.908197
-0.787964 -0.919434 -4.000000 -0.343194 -2.247612 -4.812786
-0.782715 -0.920654 -4.000000 0.024209 -2.174749 -4.722360
-0.784058 -0.921509 -4.000000 0.302846 -2.044449 -4.644987
-0.783813 -0.918823 -4.000000 0.428162 -1.894450 -4.632170
-0.782593 -0.911499 -4.000000 0.520725 -1.676572 -4.656379
-0.789063 -0.925537 -4.000000 0.459491 -1.429501 -4.712391
-0.782227 -0.915283 -4.000000 0.296201 -1.325071 -4.830349
-0.789673 -0.906982 -4.000000 0.071914 -1.356637 -4.994589
-0.791260 -0.919434 -4.000000 -0.118195 -1.453235 -5.177104
-0.787231 -0.911865 -4.000000 -0.218116 -1.506161 -5.345615
-0.781982 -0.913086 -4.000000 -0.246122 -1.466526 -5.471643
-0.778687 -0.920166 -4.000000 -0.205537 -1.332191 -5.559934
-0.787598 -0.923828 -4.000000 -0.130300 -1.169850 -5.618319
-0.785889 -0.919189 -4.000000 -0.093275 -1.051417 -5.698066
-0.786011 -0.916992 -4.000000 -0.112499 -1.002525 -5.778761
-0.784790 -0.917236 -4.000000 -0.159493 -1.012731 -5.850676
-0.780884 -0.916748 -4.000000 -0.238527 -1.058775 -5.919979
-0.786987 -0.914429 -4.000000 -0.329666 -1.091528 -5.980501
-0.779541 -0.912476 -4.000000 -0.403716 -1.086781 -6.047431
-0.782593 -0.914307 -4.000000 -0.442877 -1.045009 -6.123142
-0.778564 -0.915405 -4.000000 -0.447624 -1.017952 -6.192208
-0.790039 -0.921265 -4.000000 -0.449522 -1.018902 -6.255103
-0.792847 -0.921875 -4.000000 -0.466374 -1.023886 -6.300435
-0.779419 -0.919556 -4.000000 -0.498889 -1.060911 -6.338647
-0.787476 -0.913574 -4.000000 -0.563683 -1.115499 -6.383504
-0.786011 -0.918091 -4.000000 -0.648888 -1.144455 -6.419817
-0.786865 -0.915527 -4.000000 -0.704901 -1.131401 -6.468235
-0.782104 -0.904785 -4.000000 -0.764948 -1.120958 -6.525197
-0.779907 -0.924438 -4.000000 -0.819061 -1.116211 -6.562459
-0.787720 -0.915283 -4.000000 -0.868903 -1.103158 -6.594500
-0.780762 -0.920776 -4.000000 -0.909251 -1.094139 -6.611351
-0.786011 -0.920898 -4.000000 -0.951497 -1.125468 -6.641018
-0.778442 -0.916504 -4.000000 -0.993269 -1.181955 -6.642680
-0.789185 -0.919189 -4.000000 -1.058538 -1.241527 -6.643155
-0.782471 -0.918335 -4.000000 -1.131164 -1.276653 -6.630813
-0.784790 -0.915649 -4.000000 -1.187651 -1.278789 -6.599958
-0.779907 -0.920044 -4.000000 -1.206401 -1.241052 -6.567918
-0.785645 -0.918091 -4.000000 -1.186464 -1.133775 -6.519738
-0.777466 -0.913696 -4.000000 -1.171512 -1.014155 -6.472507
-0.783203 -0.911011 -4.000000 -1.184328 -0.940817 -6.427649
-0.781860 -0.911621 -4.000000 -1.241527 -0.943902 -6.402492
-0.779785 -0.921753 -4.000000 -1.299675 -0.982589 -6.385403
-0.781494 -0.921875 -4.000000 -1.380846 -1.055690 -6.369501
-0.782349 -0.914673 -4.000000 -1.460829 -1.141132 -6.341733
-0.781494 -0.918579 -4.000000 -1.494769 -1.188125 -6.296401
-0.786255 -0.921021 -4.000000 -1.467712 -1.157509 -6.243236
-0.782349 -0.923950 -4.000000 -1.384643 -1.064946 -6.173696
-0.783203 -0.921143 -4.000000 -1.295641 -0.957668 -6.083744
-0.789429 -0.919556 -4.000000 -1.235356 -0.888839 -5.990706
-0.782349 -0.924194 -4.000000 -1.205926 -0.882194 -5.918792
-0.782837 -0.918701 -4.000000 -1.209249 -0.920880 -5.885802
-0.785645 -0.920654 -4.000000 -1.240578 -1.017952 -5.873460
-0.785156 -0.917847 -4.000000 -1.285672 -1.154423 -5.866577
-0.777710 -0.921265 -4.000000 -1.290656 -1.280688 -5.844504
-0.778442 -0.921387 -4.000000 -1.229897 -1.331004 -5.813176
-0.785522 -0.917114 -4.000000 -1.094851 -1.310356 -5.749331
-0.783569 -0.918457 -4.000000 -0.929662 -1.218268 -5.654870
-0.781250 -0.916748 -4.000000 -0.803872 -1.087968 -5.578446
-0.789551 -0.920288 -4.000000 -0.769220 -0.997779 -5.516975
-0.785767 -0.917725 -4.000000 -0.859172 -0.954820 -5.486595
-0.785156 -0.912842 -4.000000 -1.024123 -1.000864 -5.460725
-0.779053 -0.912598 -4.000000 -1.218030 -1.134724 -5.461675
-0.782471 -0.913330 -4.000000 -1.362571 -1.260040 -5.467134
-0.787109 -0.915527 -4.000000 -1.335989 -1.258615 -5.435567
-0.788574 -0.917603 -4.000000 -1.153474 -1.160119 -5.325204
-0.784180 -0.913940 -4.000000 -0.806482 -0.998016 -5.183987
-0.785034 -0.919434 -4.000000 -0.375710 -0.796751 -5.027817
-0.780029 -0.916504 -4.000000 -0.083306 -0.640819 -4.900839
-0.786987 -0.912720 -4.000000 0.052927 -0.566057 -4.888973
-0.784668 -0.912354 -4.000000 -0.026819 -0.664078 -4.959225
-0.785400 -0.912842 -4.000000 -0.208147 -0.879583 -5.040633
-0.781006 -0.915894 -4.000000 -0.460678 -1.102683 -5.119193
-0.790161 -0.917358 -4.000000 -0.597386 -1.336700 -5.203923
-0.784668 -0.916138 -4.000000 -0.590265 -1.477443 -5.234777
-0.787354 -0.914917 -4.000000 -0.451659 -1.467475 -5.223148
-0.786011 -0.920898 -4.000000 -0.193907 -1.327207 -5.159778
-0.782471 -0.914185 -4.000000 0.072389 -1.146591 -5.110411
-0.785034 -0.916870 -4.000000 0.196518 -1.032668 -5.092136
-0.788940 -0.913940 -4.000000 0.218116 -0.964788 -5.124651
-0.786987 -0.927979 -4.000000 0.190110 -0.934646 -5.204160
-0.788086 -0.921143 -4.000000 0.093749 -1.053079 -5.284381
-0.790405 -0.916626 -4.000000 0.042959 -1.213046 -5.353685
-0.783325 -0.916748 -4.000000 0.033465 -1.316764 -5.401628
-0.786255 -0.914917 -4.000000 0.056724 -1.352365 -5.453368
-0.776978 -0.910278 -4.000000 0.099208 -1.356874 -5.512228
-0.783813 -0.921875 -4.000000 0.089477 -1.402681 -5.574174
-0.781738 -0.919922 -4.000000 0.090664 -1.392238 -5.601231
-0.786377 -0.918335 -4.000000 0.093987 -1.332903 -5.624253
-0.789795 -0.920166 -4.000000 0.125553 -1.281638 -5.650123
-0.789673 -0.914551 -4.000000 0.145252 -1.301337 -5.665787
-0.779053 -0.910034 -4.000000 0.124841 -1.347618 -5.687860
-0.783691 -0.912842 -4.000000 0.095648 -1.377998 -5.719901
-0.787720 -0.917847 -4.000000 0.064794 -1.397222 -5.767844
-0.783813 -0.917480 -4.000000 0.016139 -1.444453 -5.824568
-0.777710 -0.916016 -4.000000 -0.036313 -1.485513 -5.864204
-0.789063 -0.918823 -4.000000 -0.073575 -1.487412 -5.900754
-0.780884 -0.917358 -4.000000 -0.105142 -1.477918 -5.947273
-0.783447 -0.915405 -4.000000 -0.150711 -1.496193 -5.977890
