-0.783081 -0.912720 -4.000000 -0.104430 -1.492158 -5.678841
-0.789429 -0.914673 -4.000000 -0.124841 -1.527759 -5.667686
-0.792969 -0.916260 -4.000000 -0.135759 -1.571905 -5.682639
-0.778320 -0.918213 -4.000000 -0.111075 -1.584958 -5.712069
-0.789795 -0.918457 -4.000000 -0.113923 -1.596825 -5.732480
-0.776733 -0.917969 -4.000000 -0.143354 -1.613914 -5.772591
-0.783936 -0.921021 -4.000000 -0.203163 -1.631952 -5.845929
-0.789917 -0.918579 -4.000000 -0.319460 -1.680607 -5.884615
-0.789429 -0.917114 -4.000000 -0.437418 -1.753233 -5.936355
-0.783081 -0.919922 -4.000000 -0.571990 -1.802599 -5.952257
-0.788696 -0.920654 -4.000000 -0.691610 -1.804973 -5.984773
-0.787842 -0.918213 -4.000000 -0.760676 -1.747299 -6.025833
-0.785522 -0.910156 -4.000000 -0.761388 -1.669926 -6.089914
-0.786255 -0.918091 -4.000000 -0.761150 -1.594689 -6.150911
-0.789063 -0.911133 -4.000000 -0.763049 -1.525623 -6.241100
-0.788696 -0.916870 -4.000000 -0.745486 -1.443741 -6.325119
-0.784180 -0.919067 -4.000000 -0.765422 -1.390814 -6.384454
-0.788818 -0.911133 -4.000000 -0.786546 -1.312729 -6.429786
-0.783936 -0.916870 -4.000000 -0.789631 -1.268821 -6.461352
-0.782471 -0.926270 -4.000000 -0.804346 -1.256005 -6.477728
-0.794312 -0.913330 -4.000000 -0.837099 -1.254581 -6.498140
-0.792358 -0.919556 -4.000000 -0.904504 -1.262176 -6.474168
-0.788330 -0.915649 -4.000000 -1.023174 -1.269533 -6.449010
-0.779053 -0.915283 -4.000000 -1.115025 -1.257666 -6.439754
-0.786865 -0.922119 -4.000000 -1.177208 -1.254343 -6.449960
-0.786865 -0.924561 -4.000000 -1.224676 -1.285672 -6.476067
-0.783081 -0.914429 -4.000000 -1.280926 -1.365893 -6.473931
-0.783569 -0.921021 -4.000000 -1.337175 -1.473171 -6.455181
-0.781128 -0.922485 -4.000000 -1.423567 -1.593503 -6.415545
-0.787598 -0.915405 -4.000000 -1.542712 -1.721429 -6.376859
-0.779907 -0.917847 -4.000000 -1.672062 -1.812330 -6.340308
-0.779907 -0.921997 -4.000000 -1.783612 -1.841049 -6.288331
-0.782227 -0.920044 -4.000000 -1.870004 -1.833928 -6.210483
-0.783447 -0.920532 -4.000000 -1.923168 -1.803074 -6.146401
-0.780029 -0.924072 -4.000000 -1.909403 -1.764862 -6.072826
-0.781860 -0.917969 -4.000000 -1.871428 -1.731397 -6.009456
-0.780884 -0.920166 -4.000000 -1.849355 -1.666366 -5.920691
-0.791382 -0.916138 -4.000000 -1.814704 -1.578313 -5.810565
-0.786133 -0.908447 -4.000000 -1.725939 -1.493582 -5.714679
-0.788086 -0.917114 -4.000000 -1.610591 -1.417871 -5.624727
-0.774902 -0.916870 -4.000000 -1.473646 -1.355450 -5.534063
-0.786377 -0.919922 -4.000000 -1.318663 -1.302998 -5.450994
-0.788574 -0.918213 -4.000000 -1.181717 -1.279264 -5.371011
-0.790161 -0.918091 -4.000000 -1.046671 -1.288520 -5.285806
-0.788208 -0.913086 -4.000000 -0.926339 -1.309406 -5.206534
-0.783447 -0.913940 -4.000000 -0.838761 -1.339074 -5.140316
-0.787476 -0.914429 -4.000000 -0.795327 -1.416921 -5.099730
-0.787231 -0.919067 -4.000000 -0.757590 -1.505924 -5.076234
-0.780640 -0.915039 -4.000000 -0.748097 -1.624594 -5.054399
-0.784668 -0.916870 -4.000000 -0.762812 -1.793581 -5.062943
-0.777954 -0.914551 -4.000000 -0.772305 -2.009085 -5.081218
-0.781128 -0.917969 -4.000000 -0.727448 -2.184955 -5.101867
-0.787964 -0.916260 -4.000000 -0.654822 -2.226964 -5.090000
-0.787231 -0.908936 -4.000000 -0.541848 -2.120161 -5.051550
-0.785645 -0.917236 -4.000000 -0.345093 -1.877599 -4.993877
-0.782349 -0.923584 -4.000000 -0.122468 -1.554104 -4.940950
-0.786743 -0.917358 -4.000000 0.061946 -1.281638 -4.917216
-0.784790 -0.914429 -4.000000 0.177531 -1.121670 -4.926472
-0.786865 -0.922729 -4.000000 0.211945 -1.076813 -4.959225
-0.787476 -0.918945 -4.000000 0.173733 -1.102683 -4.997200
-0.781372 -0.917847 -4.000000 0.115110 -1.124756 -5.057722
-0.780884 -0.916260 -4.000000 0.046519 -1.147540 -5.155980
-0.789917 -0.923340 -4.000000 -0.031804 -1.161306 -5.282720
-0.788940 -0.918335 -4.000000 -0.138369 -1.161306 -5.408036
-0.782227 -0.916748 -4.000000 -0.280062 -1.143980 -5.523146
-0.786255 -0.914551 -4.000000 -0.409887 -1.129740 -5.645376
-0.778076 -0.914917 -4.000000 -0.506484 -1.143031 -5.748619
-0.780640 -0.918945 -4.000000 -0.567718 -1.161543 -5.815786
-0.794678 -0.918823 -4.000000 -0.608778 -1.147303 -5.882242
-0.783325 -0.922363 -4.000000 -0.623018 -1.097224 -5.966260
-0.784424 -0.920166 -4.000000 -0.607354 -1.009408 -6.034614
-0.782837 -0.921509 -4.000000 -0.579822 -0.902130 -6.066180
-0.781128 -0.913696 -4.000000 -0.604743 -0.826182 -6.101307
-0.787964 -0.914917 -4.000000 -0.689711 -0.795802 -6.167999
-0.781738 -0.920532 -4.000000 -0.776103 -0.783460 -6.227809
-0.786743 -0.914307 -4.000000 -0.836387 -0.805058 -6.274090
-0.781494 -0.917358 -4.000000 -0.900944 -0.912811 -6.300198
-0.786743 -0.915283 -4.000000 -0.998728 -1.043823 -6.330577
-0.788208 -0.916992 -4.000000 -1.088205 -1.159407 -6.352175
-0.786987 -0.915527 -4.000000 -1.165103 -1.236306 -6.382792
-0.789673 -0.915161 -4.000000 -1.219692 -1.250071 -6.407475
-0.781982 -0.915039 -4.000000 -1.251733 -1.271907 -6.414596
-0.784546 -0.920654 -4.000000 -1.252207 -1.348093 -6.421953
-0.787842 -0.912842 -4.000000 -1.227761 -1.444453 -6.430023
-0.781128 -0.912598 -4.000000 -1.180768 -1.472934 -6.426700
-0.783569 -0.919067 -4.000000 -1.108616 -1.416209 -6.413172
-0.785645 -0.914063 -4.000000 -1.043348 -1.280451 -6.400355
-0.784180 -0.926025 -4.000000 -1.017715 -1.166528 -6.378995
-0.779907 -0.921265 -4.000000 -1.026497 -1.103395 -6.362381
-0.781982 -0.915039 -4.000000 -1.052367 -1.067794 -6.358109
-0.777222 -0.922119 -4.000000 -1.097461 -1.076576 -6.337461
-0.791992 -0.911011 -4.000000 -1.145642 -1.124281 -6.342444
-0.785278 -0.915894 -4.000000 -1.177683 -1.204739 -6.337935
-0.783081 -0.917114 -4.000000 -1.204977 -1.282587 -6.334137
-0.781494 -0.915405 -4.000000 -1.233695 -1.316289 -6.312065
-0.786621 -0.912231 -4.000000 -1.243663 -1.318425 -6.293315
-0.787598 -0.919800 -4.000000 -1.248647 -1.298014 -6.266733
-0.788330 -0.912964 -4.000000 -1.256954 -1.271195 -6.231132
-0.780396 -0.921509 -4.000000 -1.244375 -1.261938 -6.208584
-0.783325 -0.912231 -4.000000 -1.236780 -1.266448 -6.156844
-0.784058 -0.916626 -4.000000 -1.234644 -1.280926 -6.114835
-0.785645 -0.921509 -4.000000 -1.213284 -1.303710 -6.060721
-0.784546 -0.917725 -4.000000 -1.175072 -1.298251 -6.010643
-0.781860 -0.917725 -4.000000 -1.136148 -1.273805 -5.964124
-0.784180 -0.914551 -4.000000 -1.084882 -1.259090 -5.924251
-0.784180 -0.921021 -4.000000 -1.019614 -1.261701 -5.866577
-0.784058 -0.920044 -4.000000 -0.955295 -1.300862 -5.827178
-0.781616 -0.917847 -4.000000 -0.874362 -1.364944 -5.784932
-0.778564 -0.921509 -4.000000 -0.790818 -1.404580 -5.746720
-0.788330 -0.918945 -4.000000 -0.703714 -1.409801 -5.697353
-0.778809 -0.917847 -4.000000 -0.654347 -1.340498 -5.644664
-0.786499 -0.916382 -4.000000 -0.658619 -1.187651 -5.552576
-0.785889 -0.917358 -4.000000 -0.683777 -0.996355 -5.451944
-0.787964 -0.914063 -4.000000 -0.733856 -0.950785 -5.404238
-0.787109 -0.918823 -4.000000 -0.816688 -1.198568 -5.407086
-0.784180 -0.921631 -4.000000 -0.868665 -1.678233 -5.451944
-0.782959 -0.923584 -4.000000 -0.830691 -2.158610 -5.513652
-0.785278 -0.916138 -4.000000 -0.713920 -2.411615 -5.530741
-0.782349 -0.915161 -4.000000 -0.573651 -2.363197 -5.460013
-0.787109 -0.917114 -4.000000 -0.371200 -2.077440 -5.360093
-0.790771 -0.916016 -4.000000 -0.128876 -1.706951 -5.292926
-0.786621 -0.917847 -4.000000 0.044620 -1.396985 -5.252815
-0.785400 -0.918823 -4.000000 0.150948 -1.216369 -5.202024
-0.785522 -0.918091 -4.000000 0.222388 -1.185989 -5.189682
-0.777832 -0.916992 -4.000000 0.188448 -1.274517 -5.192294
-0.783081 -0.921997 -4.000000 0.062895 -1.390339 -5.215790
-0.784668 -0.926025 -4.000000 -0.068829 -1.470798 -5.233591
-0.785400 -0.918579 -4.000000 -0.179192 -1.487412 -5.234540
-0.785767 -0.920898 -4.000000 -0.268907 -1.412175 -5.218401
-0.789551 -0.920410 -4.000000 -0.304745 -1.331242 -5.195379
-0.783691 -0.921875 -4.000000 -0.298811 -1.325308 -5.192531
-0.787720 -0.915161 -4.000000 -0.283622 -1.394374 -5.222198
-0.785278 -0.920166 -4.000000 -0.278400 -1.350704 -5.229081
-0.791748 -0.918213 -4.000000 -0.255378 -1.260040 -5.220537
-0.787231 -0.918213 -4.000000 -0.135047 -1.141607 -5.211043
-0.785278 -0.920288 -4.000000 0.042959 -1.011544 -5.223860
-0.787109 -0.919312 -4.000000 0.127214 -0.883381 -5.227420
-0.786133 -0.919678 -4.000000 0.145015 -0.821672 -5.258512
-0.776978 -0.919800 -4.000000 0.116059 -0.848254 -5.293638
-0.780640 -0.914551 -4.000000 0.058148 -0.931561 -5.352024
-0.790894 -0.913818 -4.000000 -0.034177 -1.009883 -5.397593
-0.786743 -0.923706 -4.000000 -0.134335 -1.115025 -5.440789
-0.783936 -0.917725 -4.000000 -0.187024 -1.218268 -5.478289
-0.787231 -0.912231 -4.000000 -0.217641 -1.285910 -5.499649
-0.778320 -0.921265 -4.000000 -0.228321 -1.309644 -5.522908
-0.787720 -0.913452 -4.000000 -0.249682 -1.332903 -5.554712
-0.775269 -0.919800 -4.000000 -0.310678 -1.334327 -5.567528
-0.792725 -0.922852 -4.000000 -0.347466 -1.324596 -5.533826
-0.784302 -0.915161 -4.000000 -0.350314 -1.249359 -5.523146
-0.779297 -0.920898 -4.000000 -0.400393 -1.155373 -5.483984
