-0.773438 -0.919312 -4.000000 -0.327767 -1.381795 -5.717290
-0.787109 -0.915283 -4.000000 -0.319223 -1.412412 -5.694268
-0.789795 -0.911377 -4.000000 -0.276501 -1.422143 -5.707559
-0.781738 -0.917236 -4.000000 -0.180379 -1.417634 -5.722512
-0.790161 -0.917725 -4.000000 -0.129113 -1.418820 -5.771166
-0.788574 -0.914551 -4.000000 -0.101819 -1.417396 -5.800597
-0.784302 -0.919067 -4.000000 -0.146914 -1.445165 -5.830027
-0.784058 -0.916382 -4.000000 -0.201739 -1.525623 -5.895058
-0.787231 -0.918701 -4.000000 -0.249445 -1.531082 -5.898381
-0.789795 -0.914307 -4.000000 -0.332039 -1.539389 -5.926862
-0.786743 -0.919189 -4.000000 -0.402054 -1.587806 -5.988333
-0.785278 -0.916138 -4.000000 -0.435994 -1.660670 -6.050516
-0.780273 -0.923096 -4.000000 -0.471595 -1.687489 -6.096323
-0.782837 -0.919067 -4.000000 -0.497465 -1.668740 -6.127652
-0.780884 -0.919434 -4.000000 -0.501263 -1.603946 -6.153047
-0.774536 -0.913818 -4.000000 -0.482513 -1.521351 -6.182477
-0.782227 -0.917236 -4.000000 -0.483462 -1.436858 -6.195293
-0.783691 -0.920044 -4.000000 -0.524759 -1.333852 -6.227097
-0.784180 -0.916016 -4.000000 -0.603556 -1.237255 -6.257239
-0.779663 -0.915039 -4.000000 -0.684252 -1.172936 -6.277650
-0.784668 -0.918457 -4.000000 -0.744536 -1.138047 -6.303283
-0.779419 -0.916992 -4.000000 -0.802210 -1.130452 -6.319897
-0.784424 -0.917603 -4.000000 -0.830454 -1.170325 -6.327255
-0.788818 -0.912109 -4.000000 -0.878871 -1.302286 -6.294264
-0.782471 -0.913818 -4.000000 -0.952209 -1.412649 -6.272666
-0.783691 -0.918213 -4.000000 -1.072778 -1.478630 -6.261749
-0.780151 -0.915649 -4.000000 -1.147066 -1.466763 -6.264834
-0.786011 -0.922485 -4.000000 -1.216369 -1.405292 -6.279549
-0.781006 -0.916870 -4.000000 -1.286622 -1.363995 -6.280736
-0.782837 -0.914673 -4.000000 -1.360435 -1.352128 -6.279787
-0.787842 -0.916138 -4.000000 -1.431874 -1.380608 -6.273853
-0.788452 -0.911011 -4.000000 -1.488598 -1.441130 -6.263648
-0.779663 -0.913330 -4.000000 -1.525623 -1.518978 -6.257714
-0.790527 -0.919556 -4.000000 -1.588044 -1.606319 -6.233980
-0.780762 -0.921021 -4.000000 -1.668502 -1.651414 -6.203600
-0.783569 -0.914551 -4.000000 -1.729024 -1.634325 -6.153284
-0.785522 -0.916016 -4.000000 -1.760353 -1.565497 -6.111987
-0.783325 -0.917480 -4.000000 -1.760828 -1.483614 -6.064281
-0.787109 -0.918823 -4.000000 -1.724040 -1.413599 -6.010880
-0.789551 -0.915283 -4.000000 -1.671825 -1.357824 -5.971719
-0.781616 -0.914307 -4.000000 -1.612253 -1.326732 -5.924726
-0.791748 -0.913940 -4.000000 -1.517316 -1.308932 -5.870375
-0.781982 -0.921143 -4.000000 -1.426415 -1.303710 -5.797986
-0.780640 -0.930176 -4.000000 -1.332191 -1.307982 -5.703287
-0.781982 -0.923340 -4.000000 -1.231321 -1.307745 -5.583668
-0.783325 -0.914673 -4.000000 -1.123806 -1.281163 -5.474491
-0.785522 -0.913086 -4.000000 -1.027209 -1.249359 -5.387624
-0.792236 -0.920166 -4.000000 -0.949598 -1.262650 -5.316660
-0.786743 -0.917358 -4.000000 -0.879583 -1.344533 -5.235727
-0.786011 -0.916626 -4.000000 -0.842795 -1.448013 -5.158828
-0.787720 -0.918213 -4.000000 -0.795802 -1.575940 -5.105189
-0.783325 -0.913940 -4.000000 -0.693983 -1.734245 -5.048703
-0.781982 -0.915039 -4.000000 -0.548493 -1.877124 -5.003371
-0.787476 -0.919067 -4.000000 -0.383067 -1.963991 -4.941899
-0.784302 -0.915039 -4.000000 -0.201502 -1.973959 -4.880903
-0.784058 -0.918945 -4.000000 -0.004272 -1.901333 -4.809226
-0.786987 -0.914917 -4.000000 0.214793 -1.726176 -4.737549
-0.786499 -0.918823 -4.000000 0.445488 -1.495718 -4.686996
-0.790527 -0.915894 -4.000000 0.615186 -1.270957 -4.678452
-0.781250 -0.916748 -4.000000 0.684489 -1.115737 -4.687708
-0.785400 -0.916870 -4.000000 0.651024 -1.052130 -4.729955
-0.786865 -0.916382 -4.000000 0.531880 -1.078237 -4.808277
-0.791382 -0.918579 -4.000000 0.335362 -1.175072 -4.893007
-0.783325 -0.912476 -4.000000 0.088291 -1.331479 -4.986757
-0.788086 -0.917847 -4.000000 -0.180853 -1.507111 -5.121566
-0.781616 -0.915894 -4.000000 -0.461627 -1.630290 -5.263495
-0.780762 -0.914917 -4.000000 -0.681167 -1.681319 -5.401865
-0.782715 -0.915527 -4.000000 -0.802685 -1.642395 -5.532876
-0.782959 -0.915527 -4.000000 -0.834014 -1.509009 -5.683588
-0.785400 -0.919800 -4.000000 -0.858934 -1.350229 -5.827653
-0.790649 -0.923950 -4.000000 -0.830216 -1.321036 -5.952257
-0.780762 -0.919067 -4.000000 -0.857985 -1.234644 -5.986197
-0.782349 -0.913086 -4.000000 -0.916134 -1.218030 -6.026070
-0.784424 -0.918213 -4.000000 -0.890501 -1.229660 -6.086829
-0.787842 -0.918335 -4.000000 -0.901181 -1.199281 -6.178442
-0.783447 -0.915405 -4.000000 -0.912336 -1.156559 -6.268157
-0.785522 -0.917969 -4.000000 -0.908539 -1.170325 -6.303521
-0.779785 -0.917725 -4.000000 -0.902842 -1.237967 -6.330103
-0.787598 -0.916016 -4.000000 -0.893824 -1.285910 -6.348615
-0.796875 -0.915894 -4.000000 -0.877922 -1.276653 -6.329865
-0.785645 -0.918091 -4.000000 -0.872226 -1.277128 -6.317049
-0.781494 -0.910400 -4.000000 -0.867953 -1.285910 -6.292603
-0.782715 -0.915283 -4.000000 -0.908064 -1.256242 -6.296163
-0.779297 -0.920288 -4.000000 -0.968823 -1.206401 -6.299723
-0.786987 -0.916748 -4.000000 -1.012019 -1.163442 -6.303521
-0.778076 -0.919434 -4.000000 -1.059250 -1.131639 -6.293552
-0.782715 -0.913208 -4.000000 -1.105056 -1.102446 -6.277176
-0.783691 -0.908447 -4.000000 -1.144930 -1.074914 -6.268869
-0.785400 -0.920044 -4.000000 -1.176258 -1.063522 -6.269106
-0.785645 -0.920654 -4.000000 -1.199518 -1.073490 -6.266496
-0.782349 -0.919312 -4.000000 -1.230609 -1.105056 -6.254866
-0.780640 -0.910522 -4.000000 -1.260989 -1.149439 -6.231132
-0.795044 -0.913818 -4.000000 -1.303236 -1.188600 -6.215705
-0.780518 -0.918823 -4.000000 -1.361384 -1.211147 -6.189123
-0.781006 -0.918823 -4.000000 -1.410039 -1.215420 -6.185563
-0.782349 -0.919556 -4.000000 -1.449200 -1.209249 -6.159455
-0.781494 -0.917358 -4.000000 -1.474833 -1.205926 -6.128601
-0.789551 -0.913696 -4.000000 -1.486462 -1.196670 -6.089440
-0.788696 -0.911499 -4.000000 -1.478867 -1.169613 -6.046719
-0.786499 -0.912354 -4.000000 -1.451573 -1.141369 -6.019661
-0.790894 -0.913208 -4.000000 -1.429738 -1.136860 -5.971244
-0.787964 -0.920898 -4.000000 -1.408852 -1.153474 -5.930659
-0.786255 -0.921021 -4.000000 -1.378947 -1.182192 -5.901703
-0.784668 -0.915161 -4.000000 -1.357586 -1.204739 -5.850201
-0.784546 -0.924805 -4.000000 -1.299913 -1.218268 -5.805343
-0.784668 -0.915283 -4.000000 -1.242476 -1.199518 -5.757638
-0.780640 -0.922729 -4.000000 -1.177683 -1.132350 -5.714205
-0.775757 -0.914307 -4.000000 -1.102208 -1.043111 -5.657955
-0.789063 -0.917236 -4.000000 -1.018664 -0.983301 -5.572750
-0.781494 -0.912231 -4.000000 -0.964551 -1.005611 -5.498225
-0.784302 -0.917358 -4.000000 -0.949124 -1.130926 -5.443637
-0.788696 -0.919189 -4.000000 -0.964314 -1.310593 -5.378843
-0.787476 -0.922241 -4.000000 -0.979741 -1.450624 -5.302182
-0.783447 -0.923218 -4.000000 -0.942716 -1.549357 -5.216027
-0.792358 -0.918091 -4.000000 -0.807906 -1.613677 -5.144588
-0.781250 -0.920044 -4.000000 -0.621119 -1.591129 -5.065791
-0.784302 -0.922119 -4.000000 -0.413921 -1.486462 -4.976314
-0.785278 -0.920166 -4.000000 -0.221676 -1.332428 -4.896567
-0.789063 -0.920410 -4.000000 -0.073101 -1.200942 -4.861204
-0.785156 -0.916748 -4.000000 0.000949 -1.134487 -4.865713
-0.780762 -0.925293 -4.000000 -0.026345 -1.118110 -4.903213
-0.776733 -0.918457 -4.000000 -0.168986 -1.142556 -4.986757
-0.788086 -0.913452 -4.000000 -0.384017 -1.178157 -5.070775
-0.784912 -0.923096 -4.000000 -0.610202 -1.193347 -5.130585
-0.778320 -0.920898 -4.000000 -0.789394 -1.204027 -5.188971
-0.784546 -0.916870 -4.000000 -0.909013 -1.238442 -5.248068
-0.787842 -0.917480 -4.000000 -0.989946 -1.259802 -5.305742
-0.785889 -0.916504 -4.000000 -0.988997 -1.247223 -5.399491
-0.790894 -0.921997 -4.000000 -0.951735 -1.180768 -5.477102
-0.781372 -0.917847 -4.000000 -0.880770 -1.127604 -5.451944
-0.786133 -0.923096 -4.000000 -0.753318 -1.074677 -5.392371
-0.788574 -0.921265 -4.000000 -0.577449 -1.034566 -5.318321
-0.787354 -0.914429 -4.000000 -0.440741 -1.031006 -5.256138
-0.786499 -0.919800 -4.000000 -0.374286 -1.052130 -5.228607
-0.783691 -0.917847 -4.000000 -0.329428 -1.076338 -5.240948
-0.785645 -0.920410 -4.000000 -0.290030 -1.121907 -5.356770
-0.786133 -0.916382 -4.000000 -0.342719 -1.084170 -5.364603
-0.788452 -0.918091 -4.000000 -0.375947 -1.113601 -5.430109
-0.787231 -0.911499 -4.000000 -0.384491 -1.122857 -5.464048
-0.786133 -0.916504 -4.000000 -0.390899 -1.092715 -5.518162
-0.785767 -0.913208 -4.000000 -0.425314 -1.029819 -5.549490
-0.781860 -0.917603 -4.000000 -0.477291 -0.988285 -5.566816
-0.783081 -0.911865 -4.000000 -0.520487 -0.972858 -5.594110
-0.783447 -0.911743 -4.000000 -0.574601 -0.982351 -5.596009
-0.784058 -0.914917 -4.000000 -0.594775 -1.049281 -5.623303
-0.785034 -0.916992 -4.000000 -0.598810 -1.121670 -5.673145
-0.783691 -0.914429 -4.000000 -0.579822 -1.154898 -5.697828
-0.780273 -0.919434 -4.000000 -0.543035 -1.139708 -5.715866
-0.781494 -0.914307 -4.000000 -0.510282 -1.086306 -5.713967
-0.782715 -0.911865 -4.000000 -0.469459 -1.031244 -5.717290
