-0.779907 -0.916870 -4.000000 -0.181091 -1.266210 -5.536437
-0.790527 -0.915771 -4.000000 -0.101344 -1.349517 -5.506295
-0.782837 -0.917725 -4.000000 -0.081645 -1.393425 -5.537386
-0.786621 -0.921875 -4.000000 -0.063845 -1.523250 -5.574411
-0.787842 -0.921753 -4.000000 -0.064794 -1.527759 -5.635170
-0.787231 -0.917969 -4.000000 -0.184888 -1.448725 -5.723698
-0.790283 -0.917114 -4.000000 -0.315425 -1.406479 -5.772828
-0.786865 -0.916992 -4.000000 -0.365979 -1.402444 -5.842843
-0.783813 -0.918823 -4.000000 -0.393510 -1.408377 -5.901229
-0.782471 -0.916748 -4.000000 -0.400868 -1.422380 -5.950833
-0.783569 -0.918335 -4.000000 -0.412023 -1.462253 -5.987146
-0.784424 -0.924316 -4.000000 -0.449760 -1.519215 -6.038174
-0.786987 -0.924805 -4.000000 -0.527607 -1.573329 -6.093474
-0.786743 -0.920654 -4.000000 -0.628002 -1.582348 -6.150436
-0.781006 -0.921387 -4.000000 -0.702765 -1.533930 -6.203363
-0.779419 -0.923950 -4.000000 -0.735280 -1.440655 -6.248932
-0.775024 -0.917358 -4.000000 -0.747385 -1.337412 -6.285245
-0.782471 -0.920166 -4.000000 -0.797938 -1.266210 -6.338647
-0.787964 -0.928345 -4.000000 -0.865817 -1.223014 -6.374722
-0.779663 -0.924561 -4.000000 -0.972146 -1.239628 -6.408425
-0.782959 -0.918579 -4.000000 -1.104582 -1.312017 -6.408662
-0.783081 -0.916016 -4.000000 -1.283299 -1.403630 -6.420292
-0.780762 -0.913940 -4.000000 -1.439944 -1.468899 -6.429786
-0.777954 -0.926636 -4.000000 -1.572617 -1.495244 -6.428599
-0.780273 -0.919556 -4.000000 -1.648091 -1.482665 -6.419580
-0.784790 -0.920776 -4.000000 -1.666603 -1.445877 -6.392048
-0.783447 -0.920166 -4.000000 -1.641445 -1.422618 -6.346004
-0.784180 -0.920898 -4.000000 -1.580924 -1.418820 -6.286195
-0.782959 -0.921997 -4.000000 -1.519690 -1.416921 -6.232556
-0.782104 -0.925293 -4.000000 -1.459168 -1.411225 -6.183901
-0.789429 -0.919800 -4.000000 -1.405054 -1.388678 -6.149724
-0.780273 -0.918701 -4.000000 -1.364707 -1.392950 -6.106291
-0.785889 -0.914551 -4.000000 -1.348567 -1.392001 -6.040547
-0.783936 -0.915527 -4.000000 -1.345719 -1.372302 -5.990232
-0.786499 -0.919434 -4.000000 -1.331954 -1.356637 -5.929472
-0.793579 -0.921387 -4.000000 -1.306321 -1.362333 -5.873460
-0.784058 -0.915771 -4.000000 -1.274043 -1.382982 -5.817210
-0.781738 -0.919067 -4.000000 -1.241764 -1.426178 -5.746008
-0.789307 -0.915649 -4.000000 -1.185040 -1.459405 -5.673857
-0.784668 -0.921631 -4.000000 -1.132350 -1.474358 -5.616895
-0.788940 -0.922119 -4.000000 -1.080373 -1.462016 -5.550440
-0.781006 -0.921631 -4.000000 -1.014630 -1.448962 -5.487070
-0.780273 -0.921509 -4.000000 -0.942478 -1.465576 -5.425362
-0.787476 -0.918579 -4.000000 -0.870327 -1.483851 -5.352261
-0.781372 -0.917358 -4.000000 -0.784884 -1.510196 -5.259698
-0.778809 -0.919312 -4.000000 -0.688287 -1.542237 -5.147199
-0.781616 -0.917114 -4.000000 -0.600234 -1.591129 -5.039921
-0.789795 -0.919189 -4.000000 -0.502449 -1.634325 -4.932643
-0.781982 -0.924438 -4.000000 -0.395884 -1.689863 -4.869748
-0.786011 -0.917480 -4.000000 -0.290267 -1.716682 -4.843166
-0.781006 -0.919189 -4.000000 -0.193195 -1.691999 -4.829163
-0.785767 -0.912598 -4.000000 -0.079272 -1.660907 -4.825603
-0.785522 -0.923340 -4.000000 -0.014478 -1.612253 -4.809464
-0.784790 -0.915405 -4.000000 0.000000 -1.523725 -4.821093
-0.779175 -0.913574 -4.000000 -0.015902 -1.415260 -4.855270
-0.780273 -0.919556 -4.000000 -0.036550 -1.319137 -4.916029
-0.782349 -0.917236 -4.000000 -0.057911 -1.255055 -4.985332
-0.791504 -0.918945 -4.000000 -0.081645 -1.218030 -5.061994
-0.781128 -0.923218 -4.000000 -0.101344 -1.214233 -5.145537
-0.784180 -0.926270 -4.000000 -0.135284 -1.239866 -5.243321
-0.789917 -0.918945 -4.000000 -0.184888 -1.265024 -5.346802
-0.786987 -0.916626 -4.000000 -0.257752 -1.264549 -5.435804
-0.788086 -0.914185 -4.000000 -0.313527 -1.297065 -5.547592
-0.783569 -0.920044 -4.000000 -0.374048 -1.229897 -5.645139
-0.780762 -0.916016 -4.000000 -0.470171 -1.129740 -5.735803
-0.792236 -0.916016 -4.000000 -0.526895 -1.063522 -5.806767
-0.788452 -0.922607 -4.000000 -0.590740 -1.040974 -5.891735
-0.784668 -0.922363 -4.000000 -0.692796 -1.050943 -5.973380
-0.781982 -0.919922 -4.000000 -0.805770 -1.088205 -6.060959
-0.787842 -0.919312 -4.000000 -0.875786 -1.152999 -6.119345
-0.784912 -0.919312 -4.000000 -0.875074 -1.223964 -6.173221
-0.789429 -0.910156 -4.000000 -0.859646 -1.256005 -6.212382
-0.785522 -0.920532 -4.000000 -0.848729 -1.274755 -6.262698
-0.782471 -0.913818 -4.000000 -0.823571 -1.292793 -6.299249
-0.782104 -0.919067 -4.000000 -0.796751 -1.295403 -6.332714
-0.788330 -0.918701 -4.000000 -0.787732 -1.270957 -6.371637
-0.788208 -0.916992 -4.000000 -0.798175 -1.224676 -6.391099
-0.782959 -0.918579 -4.000000 -0.817163 -1.193347 -6.392998
-0.782349 -0.922974 -4.000000 -0.838998 -1.187176 -6.391336
-0.786377 -0.922729 -4.000000 -0.871276 -1.191448 -6.387776
-0.782104 -0.923340 -4.000000 -0.909251 -1.206875 -6.391574
-0.779053 -0.916260 -4.000000 -0.958143 -1.232508 -6.382318
-0.779785 -0.911865 -4.000000 -1.006323 -1.255530 -6.377096
-0.783813 -0.921509 -4.000000 -1.067319 -1.288283 -6.356685
-0.782471 -0.915771 -4.000000 -1.124044 -1.304897 -6.348853
-0.787231 -0.915771 -4.000000 -1.183853 -1.299913 -6.331052
-0.781616 -0.920898 -4.000000 -1.238204 -1.288758 -6.323220
-0.786255 -0.909302 -4.000000 -1.273805 -1.294217 -6.310403
-0.783691 -0.921387 -4.000000 -1.299201 -1.317951 -6.291654
-0.791382 -0.920166 -4.000000 -1.324359 -1.369691 -6.254154
-0.787476 -0.919312 -4.000000 -1.354026 -1.428314 -6.231606
-0.786377 -0.915405 -4.000000 -1.361384 -1.472934 -6.197192
-0.783936 -0.921997 -4.000000 -1.359248 -1.485750 -6.166101
-0.783447 -0.925171 -4.000000 -1.348567 -1.473883 -6.124329
-0.784180 -0.916748 -4.000000 -1.332191 -1.404817 -6.093949
-0.786987 -0.920532 -4.000000 -1.304422 -1.315577 -6.059060
-0.782715 -0.918701 -4.000000 -1.271195 -1.246749 -6.030579
-0.786987 -0.915527 -4.000000 -1.250546 -1.224913 -6.005421
-0.783691 -0.923950 -4.000000 -1.256005 -1.239391 -5.978839
-0.785156 -0.916016 -4.000000 -1.272856 -1.291368 -5.952494
-0.783203 -0.917480 -4.000000 -1.291606 -1.354264 -5.913570
-0.781250 -0.920410 -4.000000 -1.302761 -1.405292 -5.884377
-0.787598 -0.917480 -4.000000 -1.296353 -1.438045 -5.857558
-0.788574 -0.919312 -4.000000 -1.270483 -1.434247 -5.809616
-0.789185 -0.921997 -4.000000 -1.221353 -1.418346 -5.767844
-0.781738 -0.918091 -4.000000 -1.160357 -1.446826 -5.716104
-0.784424 -0.918457 -4.000000 -1.092477 -1.519452 -5.681689
-0.783081 -0.917114 -4.000000 -1.042636 -1.608930 -5.648461
-0.786255 -0.918823 -4.000000 -1.024123 -1.617949 -5.594110
-0.782104 -0.918457 -4.000000 -1.031244 -1.508060 -5.543557
-0.781372 -0.917236 -4.000000 -1.054978 -1.292318 -5.485883
-0.788696 -0.914795 -4.000000 -1.039788 -1.072066 -5.431295
-0.783325 -0.913574 -4.000000 -1.017478 -0.948649 -5.401865
-0.787842 -0.910767 -4.000000 -1.010358 -0.960754 -5.397118
-0.783447 -0.919922 -4.000000 -1.016291 -1.099598 -5.388337
-0.787231 -0.913086 -4.000000 -0.992794 -1.304185 -5.367925
-0.784058 -0.921875 -4.000000 -0.927763 -1.487174 -5.335884
-0.781616 -0.925415 -4.000000 -0.851102 -1.550307 -5.294350
-0.783813 -0.912598 -4.000000 -0.754742 -1.483851 -5.240236
-0.780762 -0.922241 -4.000000 -0.627053 -1.342871 -5.229319
-0.786133 -0.920654 -4.000000 -0.488921 -1.199281 -5.223148
-0.787231 -0.922363 -4.000000 -0.399918 -1.097461 -5.190395
-0.783569 -0.916626 -4.000000 -0.363605 -1.080848 -5.176629
-0.786255 -0.915283 -4.000000 -0.367877 -1.191686 -5.191819
-0.782959 -0.916260 -4.000000 -0.375947 -1.354738 -5.204160
-0.782959 -0.917969 -4.000000 -0.362893 -1.451098 -5.203211
-0.791870 -0.923218 -4.000000 -0.320884 -1.521114 -5.212942
-0.785156 -0.919312 -4.000000 -0.248970 -1.546984 -5.222910
-0.783081 -0.917969 -4.000000 -0.150474 -1.549832 -5.225284
-0.784424 -0.916260 -4.000000 -0.065506 -1.536066 -5.218875
-0.785156 -0.919434 -4.000000 0.017089 -1.507111 -5.199888
-0.783569 -0.921631 -4.000000 0.067879 -1.519690 -5.210806
-0.792480 -0.919067 -4.000000 0.077848 -1.591841 -5.241186
-0.789551 -0.918457 -4.000000 0.095648 -1.690338 -5.288891
-0.784668 -0.919312 -4.000000 0.104904 -1.808058 -5.347514
-0.785522 -0.919922 -4.000000 0.111787 -1.863121 -5.361279
-0.789917 -0.918579 -4.000000 0.058386 -1.875938 -5.376707
-0.788086 -0.921021 -4.000000 -0.019699 -1.872378 -5.379080
-0.790771 -0.916504 -4.000000 -0.116534 -1.781951 -5.374808
-0.784302 -0.920288 -4.000000 -0.235916 -1.560275 -5.422276
-0.781616 -0.918945 -4.000000 -0.344855 -1.330055 -5.375045
-0.782349 -0.922363 -4.000000 -0.350789 -1.204739 -5.437229
-0.783203 -0.914429 -4.000000 -0.383542 -1.188600 -5.485883
-0.782104 -0.921875 -4.000000 -0.345330 -1.205214 -5.530503
-0.790283 -0.920532 -4.000000 -0.301897 -1.228948 -5.557086
-0.778320 -0.916870 -4.000000 -0.237578 -1.257192 -5.582006
-0.784546 -0.917358 -4.000000 -0.177056 -1.229660 -5.571088
-0.786377 -0.918213 -4.000000 -0.153084 -1.159170 -5.637069
-0.783447 -0.919434 -4.000000 -0.156645 -1.082509 -5.660091
-0.781616 -0.912720 -4.000000 -0.158543 -1.029345 -5.696404
