-0.778809 -0.914063 -4.000000 -0.151423 -1.633376 -5.851388
-0.785645 -0.918457 -4.000000 -0.126977 -1.670876 -5.845454
-0.783203 -0.915894 -4.000000 -0.083544 -1.623645 -5.863966
-0.786377 -0.915527 -4.000000 -0.019937 -1.543187 -5.878919
-0.785889 -0.923340 -4.000000 0.063845 -1.466051 -5.905263
-0.784912 -0.917725 -4.000000 0.101107 -1.455133 -5.930659
-0.781616 -0.914307 -4.000000 0.122468 -1.495718 -5.980738
-0.787109 -0.919922 -4.000000 0.138844 -1.538677 -6.038174
-0.782593 -0.913208 -4.000000 0.139319 -1.575702 -6.087778
-0.780029 -0.917480 -4.000000 0.119382 -1.583060 -6.142841
-0.786133 -0.916260 -4.000000 0.087341 -1.576177 -6.186275
-0.794434 -0.927124 -4.000000 0.040348 -1.579974 -6.222350
-0.785034 -0.921509 -4.000000 -0.044145 -1.601572 -6.278363
-0.786621 -0.921387 -4.000000 -0.126502 -1.610354 -6.346954
-0.782349 -0.915527 -4.000000 -0.204350 -1.576889 -6.389913
-0.788818 -0.918823 -4.000000 -0.259888 -1.537016 -6.428599
-0.782715 -0.919189 -4.000000 -0.291217 -1.499753 -6.478915
-0.784912 -0.914429 -4.000000 -0.328954 -1.459880 -6.503599
-0.776245 -0.916870 -4.000000 -0.415583 -1.466288 -6.528519
-0.790771 -0.914551 -4.000000 -0.440978 -1.420007 -6.532554
-0.797852 -0.917847 -4.000000 -0.474206 -1.391289 -6.560323
-0.788696 -0.920044 -4.000000 -0.513367 -1.363995 -6.569817
-0.788208 -0.915161 -4.000000 -0.581246 -1.353789 -6.581209
-0.792358 -0.914551 -4.000000 -0.641768 -1.334802 -6.581684
-0.783813 -0.920898 -4.000000 -0.706799 -1.305134 -6.578835
-0.788696 -0.915405 -4.000000 -0.779663 -1.273805 -6.558899
-0.784424 -0.911987 -4.000000 -0.871988 -1.237967 -6.518551
-0.779053 -0.920532 -4.000000 -0.996355 -1.202129 -6.482238
-0.784058 -0.914063 -4.000000 -1.108142 -1.178869 -6.473931
-0.785034 -0.917480 -4.000000 -1.223014 -1.196907 -6.481288
-0.784912 -0.919556 -4.000000 -1.309644 -1.257192 -6.481051
-0.774170 -0.922607 -4.000000 -1.360909 -1.313679 -6.486510
-0.783813 -0.922119 -4.000000 -1.379896 -1.344770 -6.455893
-0.780151 -0.920776 -4.000000 -1.371590 -1.363757 -6.420529
-0.784912 -0.913086 -4.000000 -1.350704 -1.370165 -6.380419
-0.780273 -0.911255 -4.000000 -1.341447 -1.357112 -6.296638
-0.780151 -0.917969 -4.000000 -1.330530 -1.305609 -6.207398
-0.783325 -0.917969 -4.000000 -1.311068 -1.235119 -6.090864
-0.786743 -0.920898 -4.000000 -1.288283 -1.184803 -5.971719
-0.783691 -0.922974 -4.000000 -1.261226 -1.162018 -5.861593
-0.780884 -0.923096 -4.000000 -1.218980 -1.166053 -5.772591
-0.790039 -0.919678 -4.000000 -1.135911 -1.185277 -5.694980
-0.787720 -0.920044 -4.000000 -1.029582 -1.227287 -5.643477
-0.778931 -0.920288 -4.000000 -0.950785 -1.266685 -5.576310
-0.783691 -0.911011 -4.000000 -0.912811 -1.250071 -5.521247
-0.784058 -0.917725 -4.000000 -0.887415 -1.127129 -5.448858
-0.779419 -0.916748 -4.000000 -0.846593 -0.913285 -5.376707
-0.788086 -0.916626 -4.000000 -0.856798 -0.728872 -5.312625
-0.776611 -0.914185 -4.000000 -0.935595 -0.696594 -5.295299
-0.784302 -0.914795 -4.000000 -1.075389 -0.806245 -5.309065
-0.779785 -0.913696 -4.000000 -1.245562 -0.959804 -5.350599
-0.788574 -0.921631 -4.000000 -1.374912 -1.085120 -5.384064
-0.779175 -0.920532 -4.000000 -1.427127 -1.167714 -5.370298
-0.792358 -0.916138 -4.000000 -1.355925 -1.176258 -5.314761
-0.782593 -0.914673 -4.000000 -1.257192 -1.120246 -5.209382
-0.779663 -0.910278 -4.000000 -1.053079 -0.980453 -5.079082
-0.790894 -0.924316 -4.000000 -0.802447 -0.881244 -4.950918
-0.786255 -0.920166 -4.000000 -0.592164 -0.941054 -4.866900
-0.782837 -0.916626 -4.000000 -0.412260 -1.140420 -4.853609
-0.780151 -0.919800 -4.000000 -0.247783 -1.436383 -4.874495
-0.779297 -0.915771 -4.000000 -0.072389 -1.633613 -4.872833
-0.780273 -0.913940 -4.000000 0.101344 -1.617949 -4.818245
-0.784180 -0.916382 -4.000000 0.279350 -1.420244 -4.752027
-0.785156 -0.914307 -4.000000 0.439554 -1.141607 -4.718088
-0.779297 -0.918823 -4.000000 0.464950 -1.027683 -4.747281
-0.780640 -0.917114 -4.000000 0.334887 -1.132113 -4.883988
-0.778687 -0.916870 -4.000000 0.176106 -1.347855 -5.049652
-0.784546 -0.918701 -4.000000 0.015902 -1.554816 -5.223860
-0.776978 -0.920410 -4.000000 -0.086155 -1.671825 -5.386912
-0.783203 -0.919556 -4.000000 -0.102056 -1.710037 -5.521959
-0.786987 -0.915894 -4.000000 -0.046044 -1.653550 -5.632797
-0.789673 -0.916260 -4.000000 0.004272 -1.495718 -5.699727
-0.785278 -0.920288 -4.000000 0.055300 -1.283299 -5.746008
-0.781982 -0.917847 -4.000000 0.060522 -1.087256 -5.793002
-0.776855 -0.919312 -4.000000 0.004747 -1.011544 -5.862068
-0.782471 -0.914185 -4.000000 -0.087341 -1.066133 -5.953918
-0.781982 -0.915894 -4.000000 -0.199366 -1.200467 -6.061671
-0.781372 -0.917236 -4.000000 -0.291454 -1.285198 -6.147351
-0.790405 -0.917358 -4.000000 -0.382593 -1.301099 -6.217129
-0.781006 -0.914429 -4.000000 -0.480851 -1.288758 -6.274803
-0.778198 -0.914795 -4.000000 -0.585044 -1.270245 -6.350989
-0.780273 -0.914795 -4.000000 -0.651736 -1.214470 -6.391336
-0.785156 -0.913208 -4.000000 -0.693034 -1.128078 -6.410087
-0.788330 -0.922241 -4.000000 -0.711546 -1.037177 -6.416257
-0.785645 -0.906372 -4.000000 -0.727685 -1.013206 -6.412697
-0.783569 -0.918579 -4.000000 -0.773967 -1.059487 -6.425988
-0.782471 -0.917480 -4.000000 -0.837574 -1.087493 -6.438330
-0.783569 -0.916138 -4.000000 -0.882668 -1.086069 -6.468235
-0.784668 -0.914673 -4.000000 -0.939393 -1.085594 -6.489121
-0.786743 -0.918945 -4.000000 -1.036702 -1.101259 -6.525671
-0.783203 -0.913940 -4.000000 -1.155847 -1.104344 -6.554152
-0.784058 -0.921509 -4.000000 -1.265973 -1.098173 -6.575987
-0.783813 -0.918579 -4.000000 -1.361859 -1.139708 -6.615860
-0.784912 -0.910645 -4.000000 -1.429263 -1.233932 -6.646715
-0.785400 -0.918701 -4.000000 -1.450624 -1.296115 -6.641493
-0.784424 -0.920654 -4.000000 -1.438282 -1.294691 -6.621794
-0.782471 -0.915894 -4.000000 -1.436621 -1.256005 -6.575275
-0.785156 -0.916626 -4.000000 -1.469848 -1.220404 -6.553440
-0.780273 -0.917236 -4.000000 -1.548171 -1.224439 -6.530655
-0.774658 -0.919922 -4.000000 -1.653550 -1.277128 -6.514753
-0.785767 -0.918091 -4.000000 -1.733533 -1.343109 -6.497902
-0.784668 -0.920166 -4.000000 -1.795479 -1.382033 -6.472507
-0.784424 -0.914917 -4.000000 -1.804736 -1.386542 -6.404628
-0.779907 -0.915161 -4.000000 -1.783612 -1.362333 -6.343631
-0.783081 -0.913086 -4.000000 -1.752995 -1.353077 -6.280261
-0.785278 -0.914917 -4.000000 -1.706477 -1.348805 -6.204550
-0.784424 -0.922485 -4.000000 -1.678708 -1.347618 -6.128601
-0.789429 -0.913330 -4.000000 -1.656873 -1.344058 -6.059060
-0.783203 -0.920410 -4.000000 -1.652838 -1.371352 -5.997114
-0.783936 -0.922607 -4.000000 -1.659958 -1.421668 -5.932558
-0.786621 -0.917236 -4.000000 -1.674910 -1.488598 -5.888887
-0.781860 -0.920532 -4.000000 -1.651888 -1.565022 -5.840470
-0.784302 -0.914673 -4.000000 -1.605844 -1.607268 -5.780897
-0.786011 -0.914673 -4.000000 -1.541762 -1.580924 -5.691183
-0.786621 -0.911499 -4.000000 -1.476257 -1.489310 -5.588177
-0.779419 -0.917603 -4.000000 -1.431399 -1.352365 -5.473542
-0.783569 -0.919922 -4.000000 -1.414785 -1.216132 -5.404476
-0.781372 -0.919922 -4.000000 -1.437333 -1.143031 -5.360568
-0.779663 -0.916382 -4.000000 -1.482427 -1.145404 -5.343717
-0.776123 -0.913452 -4.000000 -1.495481 -1.181955 -5.320694
-0.783813 -0.915649 -4.000000 -1.490972 -1.241527 -5.286280
-0.785645 -0.920166 -4.000000 -1.478155 -1.311068 -5.238575
-0.784668 -0.915283 -4.000000 -1.433061 -1.378947 -5.181376
-0.777588 -0.922119 -4.000000 -1.335276 -1.449674 -5.110648
-0.782349 -0.919556 -4.000000 -1.190024 -1.508535 -5.023782
-0.781128 -0.913330 -4.000000 -0.989472 -1.502601 -4.937152
-0.782593 -0.918091 -4.000000 -0.788444 -1.412412 -4.841505
-0.783813 -0.918823 -4.000000 -0.631088 -1.302286 -4.761283
-0.779053 -0.914551 -4.000000 -0.576262 -1.218268 -4.721885
-0.785034 -0.913940 -4.000000 -0.553952 -1.181243 -4.724970
-0.784546 -0.910522 -4.000000 -0.532117 -1.180768 -4.729955
-0.777100 -0.914917 -4.000000 -0.534728 -1.273805 -4.757249
-0.785400 -0.911621 -4.000000 -0.555376 -1.469374 -4.776236
-0.783203 -0.913208 -4.000000 -0.514316 -1.681556 -4.795223
-0.785522 -0.911987 -4.000000 -0.379982 -1.920320 -4.861679
-0.787231 -0.917358 -4.000000 -0.197230 -1.920320 -4.857644
-0.788940 -0.922729 -4.000000 -0.011392 -1.813754 -4.880903
-0.790283 -0.919189 -4.000000 0.185125 -1.577838 -4.901789
-0.788208 -0.913574 -4.000000 0.329191 -1.265261 -4.942137
-0.781494 -0.913940 -4.000000 0.328242 -1.089867 -5.020222
-0.784180 -0.915649 -4.000000 0.190584 -1.078712 -5.129636
-0.784790 -0.923218 -4.000000 0.024209 -1.163679 -5.242135
-0.782349 -0.920288 -4.000000 -0.097072 -1.253157 -5.343479
-0.781738 -0.917969 -4.000000 -0.119145 -1.279976 -5.440314
-0.780029 -0.916016 -4.000000 -0.054826 -1.265973 -5.505820
-0.783203 -0.918335 -4.000000 0.039873 -1.218030 -5.552814
-0.783569 -0.911011 -4.000000 0.130300 -1.124993 -5.581769
-0.784546 -0.910767 -4.000000 0.192483 -1.027921 -5.597196
-0.784058 -0.909302 -4.000000 0.187261 -0.979503 -5.643240
-0.773804 -0.917358 -4.000000 0.117721 -1.001576 -5.699727
